Provide	-0.38097 0.6605 -0.11153 0.49044 0.48886 -0.43086 -0.49299 0.38327 -0.11554 -0.11861 0.27055 -0.37241 0.054591 0.18587 0.24379 -0.63918 0.53827 -0.084225 -0.51058 0.62019 -0.31032 -0.58144 0.26755 -0.23825 -0.6881 -0.48691 -0.20816 -0.15776 -0.47545 -0.056455 -0.11214 0.41117 -0.54678 0.076052 0.54019 0.41692 0.12828 0.13905 -0.2935 0.28275 -0.056255 -0.15095 -0.3455 -0.39978 0.065798 0.0491 -0.031357 -0.30928 -0.089806 -0.70175 -0.20525 -0.022163 -0.055116 0.83382 0.51129 -2.0358 0.60478 -1.0862 2.3324 -0.07387 -0.091665 0.29444 -0.19779 0.042256 0.98175 -0.25947 -0.22145 0.33467 0.40128 -0.65623 0.10489 -0.43763 0.26666 -0.59158 0.92614 0.43312 -0.0077697 0.31185 -0.81248 -0.45142 0.99275 0.040632 -0.59944 -0.19 -1.3953 0.50855 0.89775 0.77195 -0.23286 0.26674 0.33498 -0.26701 0.24735 -1.1151 -0.14462 -0.26972 -0.13101 -0.49716 0.63039 0.49829
JAX	0.29611 -0.17009 0.07544 -0.37901 -0.50236 0.55487 0.010777 0.26116 0.57813 -0.75563 0.49966 0.52486 -0.053647 0.60418 -0.022725 0.07634 -0.050044 -0.055915 0.21693 0.65704 -0.68815 -0.71649 -0.38983 0.87165 -0.075955 0.34895 -0.14947 -0.45485 0.42576 0.38507 -0.54247 0.29926 0.36322 0.064646 -0.26804 0.48136 -0.48666 -0.41832 0.90935 -0.50014 -0.32916 -0.043024 -0.24366 -0.19493 -0.7383 0.26427 -0.51673 0.20674 0.91022 0.62901 -0.50409 0.057372 0.11268 0.35391 0.14412 -0.071212 -0.00025719 -0.39783 -1.7966 -0.36553 -0.34598 -0.16345 0.29328 0.7883 0.1321 -0.14601 0.23758 0.551 0.057559 0.070976 0.31345 -0.32533 0.50885 -0.30448 0.1205 0.2193 0.49514 -0.35703 -0.43788 0.4848 0.67401 0.24063 -0.6434 0.35521 0.76926 -0.24956 0.52013 -0.015807 -0.0037389 -0.081039 -0.46069 0.25647 0.10448 0.009298 0.43629 -0.72095 0.2802 0.32443 -0.33575 0.61214
detect	-0.3999 -0.098211 0.023491 0.36815 -0.6473 -0.20402 -0.44368 -0.28247 0.52356 0.61116 0.24102 -0.34229 -0.11141 -0.20774 0.81225 0.22145 0.35858 0.514 0.2388 -0.14821 -0.38711 -0.55413 -0.15645 -0.78036 -0.47967 0.041803 -0.28677 -0.099533 0.73831 -0.1747 0.11015 -0.10398 -0.44635 0.79564 0.80585 -0.57322 0.10947 -0.62992 0.68054 0.14811 -0.27497 0.16423 -1.1216 -0.49809 -0.63496 0.70847 0.65936 -0.077972 -0.68961 -0.57935 0.77145 0.55059 0.10962 0.76178 0.34755 -0.8468 0.063969 0.21854 0.92758 -0.45967 -0.72133 1.0247 0.49934 0.94682 0.18229 0.622 0.23544 -0.28514 0.61636 -0.55854 0.14319 -0.80675 0.11867 0.08173 0.52191 -0.54155 -0.20979 -0.57736 -0.36247 0.27554 0.99479 -0.32288 -0.78103 0.42468 -1.3812 -0.30212 1.6479 1.1042 -0.72007 0.92189 -0.66277 0.91708 0.17834 -0.42385 0.22737 0.29095 -0.89354 -0.9203 -0.40037 -0.76322
mediatype	

JAX	0.29611 -0.17009 0.07544 -0.37901 -0.50236 0.55487 0.010777 0.26116 0.57813 -0.75563 0.49966 0.52486 -0.053647 0.60418 -0.022725 0.07634 -0.050044 -0.055915 0.21693 0.65704 -0.68815 -0.71649 -0.38983 0.87165 -0.075955 0.34895 -0.14947 -0.45485 0.42576 0.38507 -0.54247 0.29926 0.36322 0.064646 -0.26804 0.48136 -0.48666 -0.41832 0.90935 -0.50014 -0.32916 -0.043024 -0.24366 -0.19493 -0.7383 0.26427 -0.51673 0.20674 0.91022 0.62901 -0.50409 0.057372 0.11268 0.35391 0.14412 -0.071212 -0.00025719 -0.39783 -1.7966 -0.36553 -0.34598 -0.16345 0.29328 0.7883 0.1321 -0.14601 0.23758 0.551 0.057559 0.070976 0.31345 -0.32533 0.50885 -0.30448 0.1205 0.2193 0.49514 -0.35703 -0.43788 0.4848 0.67401 0.24063 -0.6434 0.35521 0.76926 -0.24956 0.52013 -0.015807 -0.0037389 -0.081039 -0.46069 0.25647 0.10448 0.009298 0.43629 -0.72095 0.2802 0.32443 -0.33575 0.61214
server	-0.63102 0.69787 0.36497 -0.031325 0.35701 0.2393 -0.10605 -0.54677 0.79347 0.02589 0.88594 -0.28102 0.71809 -0.4169 -0.30872 0.29949 0.54758 0.51008 -0.28278 0.40692 -1.7332 -0.73612 0.28633 1.3975 0.33637 -0.18676 0.2953 0.59359 -0.38238 0.044722 0.57084 1.2179 0.28988 -0.27341 1.2775 0.44 -0.38526 -0.27194 0.68554 -0.8115 0.21749 -0.35904 0.28114 0.22832 0.21943 -0.093018 0.030371 -0.61219 0.54041 0.11656 -0.30096 0.65949 0.32877 0.29809 0.015255 -0.86917 -0.30055 0.12877 1.482 0.15556 -0.47876 -0.39259 -0.62366 0.071056 0.041859 -0.35143 0.42428 -0.35927 1.1177 0.27508 -0.67088 0.17321 0.34668 -0.87843 0.37355 -0.072144 -0.086213 0.29713 0.29559 0.15783 0.2502 -0.23274 -1.3642 0.20867 -0.58357 0.64508 1.0352 -0.36972 0.086734 0.15281 0.21943 1.5835 0.57663 0.33197 1.2931 0.16895 0.48479 0.18099 1.5916 0.17932
detect	-0.3999 -0.098211 0.023491 0.36815 -0.6473 -0.20402 -0.44368 -0.28247 0.52356 0.61116 0.24102 -0.34229 -0.11141 -0.20774 0.81225 0.22145 0.35858 0.514 0.2388 -0.14821 -0.38711 -0.55413 -0.15645 -0.78036 -0.47967 0.041803 -0.28677 -0.099533 0.73831 -0.1747 0.11015 -0.10398 -0.44635 0.79564 0.80585 -0.57322 0.10947 -0.62992 0.68054 0.14811 -0.27497 0.16423 -1.1216 -0.49809 -0.63496 0.70847 0.65936 -0.077972 -0.68961 -0.57935 0.77145 0.55059 0.10962 0.76178 0.34755 -0.8468 0.063969 0.21854 0.92758 -0.45967 -0.72133 1.0247 0.49934 0.94682 0.18229 0.622 0.23544 -0.28514 0.61636 -0.55854 0.14319 -0.80675 0.11867 0.08173 0.52191 -0.54155 -0.20979 -0.57736 -0.36247 0.27554 0.99479 -0.32288 -0.78103 0.42468 -1.3812 -0.30212 1.6479 1.1042 -0.72007 0.92189 -0.66277 0.91708 0.17834 -0.42385 0.22737 0.29095 -0.89354 -0.9203 -0.40037 -0.76322
mediatype	
meta	-1.0781 -0.55667 0.19977 -0.64179 -0.011438 -0.30254 -0.30905 0.080589 1.1039 1.4054 -0.11878 0.11702 -0.44006 -0.17212 0.35259 0.69736 0.32598 -0.28127 0.73337 0.48899 -0.38688 0.17721 -0.042343 0.63004 -0.46761 -0.23222 0.6988 0.19911 -0.3899 -0.8899 0.11949 -0.45821 -0.18867 -0.38146 0.53408 -0.19603 0.076464 -0.09863 0.49053 -0.34326 -0.097595 -0.076624 -0.80852 -0.05382 -0.86302 0.87582 -0.23543 0.25513 -0.20272 0.6287 -0.49665 0.25703 0.13495 -0.1675 -0.032092 -0.10086 -0.054001 0.086616 -0.20955 -0.14559 0.025155 -0.24451 -0.34759 -0.33718 0.33562 0.48724 0.099966 0.55584 0.52431 0.7569 -0.5311 0.26095 -0.2199 -0.72103 -0.57789 0.25466 -0.59488 -0.15037 -1.0088 -0.34201 -0.049907 -0.043755 -0.5328 -0.86495 0.22867 0.38549 0.32011 0.15447 0.24133 -0.75736 0.20446 0.3313 -0.28407 0.91192 0.033608 0.35574 -0.87317 -0.64685 -0.14527 0.069338
endpoint	-0.43466 -0.029868 0.42223 0.14847 0.20019 -0.70884 0.24763 -0.32164 -0.41664 -0.24661 -0.066658 0.25426 0.113 0.054136 0.87193 -0.36828 0.56226 0.12592 0.11637 -0.16772 -0.1629 -1.5835 -0.2748 0.60253 -0.24364 0.36265 1.4485 0.58378 -0.5754 -0.35862 0.25015 0.26761 0.15773 0.13475 0.48609 0.15356 -0.93684 0.23149 0.80091 0.097016 0.17034 0.095056 -0.004704 0.60581 -0.21707 0.65593 0.49327 0.31674 -0.56774 0.36869 0.47387 -0.62113 0.52422 0.53371 0.55166 -0.024981 0.19483 -0.46835 -0.31824 -0.46648 0.44346 -1.0218 0.29387 0.29543 -0.16327 -0.48883 0.34142 0.15798 -0.32308 0.055614 -0.85859 -0.095256 0.18669 -0.74703 -0.23868 -1.1575 0.091269 -0.83514 0.073797 -0.51296 0.3025 0.7619 -0.46405 0.23173 -0.65475 0.65603 0.67513 0.46876 0.55823 0.094186 0.16143 0.64319 0.45238 0.78366 0.031424 0.46496 0.0058664 0.024866 -0.21466 1.1298

problem	-0.29581 0.30855 0.82131 0.0085845 -0.66401 -0.069684 0.085665 -0.46486 1.179 0.03124 -0.16966 0.19938 0.24664 0.16489 -0.35447 -0.33572 -0.44905 0.21919 -0.036618 -0.65902 -0.43739 -0.09481 -0.031618 -0.15844 0.014121 0.038115 0.18901 -0.61176 -0.59838 0.071352 -0.36706 0.14968 0.39045 0.049271 0.10153 0.13062 -0.038567 0.2845 0.51043 -0.22678 -0.74117 0.32308 0.26895 -0.77992 -0.28285 0.09795 0.527 -0.016245 -0.71906 -0.32505 0.63978 -0.21855 -0.66017 1.2624 0.32059 -2.2355 -0.091599 -0.10159 1.6238 0.73467 0.020861 0.24514 -0.327 -0.16384 1.3841 0.46869 0.58052 -0.35346 0.41557 -0.058828 -0.28866 -0.020676 -0.29129 0.063786 0.70216 -0.2204 -0.089771 0.29046 -0.86696 0.74243 0.57275 -0.14929 -0.73445 -0.21592 -1.772 0.17907 -0.36801 -0.17197 -1.1736 -0.55531 -0.59886 0.2586 -0.55728 -0.088817 0.21041 0.46815 0.079753 -0.35043 0.69074 -0.058652
send	-0.3196 0.49395 0.66704 -0.29862 -0.012378 0.50788 -0.4823 0.075256 -0.11417 -0.21157 0.023639 -0.40222 -0.34391 0.071374 -0.26171 -0.24069 -0.21029 -0.062448 -0.51715 -0.037804 0.059117 -0.41795 0.107 0.066815 -0.22506 -0.052977 -0.37694 0.10051 1.0079 -0.19041 -0.16068 0.25301 -0.11155 0.38875 0.082179 0.12612 -0.1795 -0.56746 -0.17712 0.055921 -0.60118 -0.057126 -0.32777 -1.1358 0.065372 0.033647 -0.62695 -0.13363 0.028397 -0.5148 0.35043 0.50494 0.066864 0.26786 -0.12051 -1.6719 0.092971 -0.37275 2.0852 -0.013483 0.1192 0.71549 0.25129 -0.40266 0.2106 -0.038453 -0.24251 1.3846 0.092178 -0.20984 0.43555 -0.56774 -0.31818 -1.0156 0.47408 1.1015 -0.10798 0.32982 -0.68896 -0.052792 0.90974 0.045995 -0.67437 -0.74063 -0.95234 -0.11857 1.2372 0.3635 0.097493 -0.42474 -0.17118 0.48545 0.34727 -1.0046 -0.35598 -0.5366 0.16361 0.24837 -0.22413 -0.050472
entire	-0.17743 0.28922 0.34046 0.24262 0.066114 0.64077 0.13083 0.82813 0.11745 0.61142 0.097549 0.36216 0.17872 -0.67175 -0.35991 -0.29283 0.14721 0.43873 0.029246 -0.10144 -0.088937 -0.056926 0.076689 -0.4139 0.31513 -0.38388 -0.084901 0.068951 0.097682 0.16969 0.45157 0.50528 0.41499 -0.60762 -0.65687 -0.045955 0.047831 0.33703 -0.097769 0.0023922 -0.14042 -0.40726 0.49356 0.53504 0.36371 0.79216 0.39806 -0.022136 -0.089597 -0.47813 0.21828 0.51854 -0.0027715 0.52374 -0.15401 -2.2365 0.086325 -0.18861 1.9666 0.82088 0.14982 1.0537 0.1264 -0.27262 1.1239 0.26346 0.01191 0.1149 -0.0071077 0.066415 0.68582 0.35115 0.25179 0.099896 0.39115 0.0024314 -0.8233 0.25586 -0.42996 0.30642 0.20618 0.66739 -0.51012 0.28505 -0.99334 0.25166 -0.034919 -0.58808 0.42023 0.16106 0.14949 -0.029876 0.0905 0.027348 -0.39044 -0.27044 0.19807 0.3189 0.64657 0.20895
document	-0.27285 -0.096449 0.41131 0.37925 0.89352 0.45227 0.19478 -0.36985 0.59704 0.13387 0.42878 -0.28012 0.20141 -0.019995 -0.062983 0.71399 0.89025 -0.31009 -0.19911 -0.46591 -0.88145 -0.54318 -0.52839 0.070794 -0.31042 -0.98677 0.10283 0.16911 -0.44878 0.16171 0.39394 0.12655 -0.1254 -0.066462 -0.12977 -0.039406 0.044811 -0.42534 0.026742 -0.38609 -0.84547 -0.064412 0.68974 0.24521 -0.73434 -0.77389 -0.15336 -0.29057 -0.68358 -0.38785 1.223 0.17723 0.16004 0.83723 -0.31238 -1.3138 -0.26 -0.48754 1.6751 0.1732 -0.29494 0.16038 -0.53087 -0.9095 0.67436 -0.52625 -0.30406 0.85552 -0.26879 -0.90492 0.3038 0.20591 0.33439 -0.62308 0.064306 0.22179 -0.092076 0.21894 -1.4015 -0.044588 0.26263 0.15343 -0.00088158 -0.022226 -1.3228 -0.063649 0.97797 -0.81209 0.015083 0.24391 -0.19343 -0.17141 -0.11954 0.13623 0.34787 -0.050286 -0.18547 -0.71763 0.10898 0.11472
metadata	-0.80056 0.32577 0.42847 -0.64659 0.80782 0.59719 -0.93734 0.040024 0.54169 0.42776 0.61738 -0.30446 -0.38574 -0.70307 0.34964 0.73884 1.229 0.46251 -0.35169 0.21953 -1.2538 -0.60524 0.27795 0.068816 -0.12135 -0.66758 0.2587 0.49901 -0.33753 0.52427 -0.31183 -0.20039 -0.79495 -0.33641 1.1917 -0.25002 0.23731 -0.1856 0.40812 -0.75178 0.11593 -0.58232 -0.048322 0.28771 -0.46537 0.036944 0.17445 0.1241 0.20599 0.14841 0.99737 0.14091 0.50082 0.58631 0.67132 0.60016 0.1506 -0.74714 0.084036 0.33626 0.66255 -0.018434 -0.65783 0.52594 0.40191 -0.39555 0.27354 0.15682 1.5534 -0.90842 -0.96763 0.45939 0.77497 -0.1462 0.28907 -0.42911 0.29828 -0.82249 -0.97415 -0.067923 -0.64333 -0.40731 0.33801 -0.18105 0.083693 0.71483 0.72725 -0.24154 0.0043551 0.79494 -0.23338 0.74302 -0.18595 -0.039967 1.1545 -0.55353 0.42139 -0.34027 0.75107 0.92637

detect	-0.3999 -0.098211 0.023491 0.36815 -0.6473 -0.20402 -0.44368 -0.28247 0.52356 0.61116 0.24102 -0.34229 -0.11141 -0.20774 0.81225 0.22145 0.35858 0.514 0.2388 -0.14821 -0.38711 -0.55413 -0.15645 -0.78036 -0.47967 0.041803 -0.28677 -0.099533 0.73831 -0.1747 0.11015 -0.10398 -0.44635 0.79564 0.80585 -0.57322 0.10947 -0.62992 0.68054 0.14811 -0.27497 0.16423 -1.1216 -0.49809 -0.63496 0.70847 0.65936 -0.077972 -0.68961 -0.57935 0.77145 0.55059 0.10962 0.76178 0.34755 -0.8468 0.063969 0.21854 0.92758 -0.45967 -0.72133 1.0247 0.49934 0.94682 0.18229 0.622 0.23544 -0.28514 0.61636 -0.55854 0.14319 -0.80675 0.11867 0.08173 0.52191 -0.54155 -0.20979 -0.57736 -0.36247 0.27554 0.99479 -0.32288 -0.78103 0.42468 -1.3812 -0.30212 1.6479 1.1042 -0.72007 0.92189 -0.66277 0.91708 0.17834 -0.42385 0.22737 0.29095 -0.89354 -0.9203 -0.40037 -0.76322
mediatype	
bytes	-1.0473 0.62112 0.46259 -0.60819 0.049689 0.74068 -0.41903 -0.12975 -0.059367 -0.26748 1.1696 0.30578 -0.51181 -0.11454 0.66019 0.41072 0.20584 0.80905 -0.050276 0.29075 -0.061591 -0.12916 -0.29466 0.52089 0.42893 -0.017507 0.54417 1.3202 0.079692 0.76206 0.5628 0.29184 -0.19753 -0.4004 0.28502 -0.76223 -0.10587 -0.049628 0.24445 -0.63267 1.0116 -1.0438 -0.5405 0.98017 -0.93799 0.011536 0.25649 0.22821 -0.42369 0.61357 0.34617 -0.79419 0.75557 0.97176 0.35535 0.32818 -0.25254 -0.55214 0.17856 -0.11217 -0.29551 0.40197 -0.86485 0.70614 0.059578 0.43086 -0.015847 -0.50569 0.69651 -0.13313 0.34609 0.51033 0.98184 -0.26326 0.35264 0.70963 -0.62224 -0.30486 -0.34693 0.49859 -0.11833 -0.36521 -0.63159 -0.31528 -0.90687 0.70296 0.61086 -0.6907 0.99474 -0.075399 -0.079935 1.2255 -0.57148 -0.45323 0.052026 -0.72366 1.0774 -0.63868 -0.42386 -0.068337
send	-0.3196 0.49395 0.66704 -0.29862 -0.012378 0.50788 -0.4823 0.075256 -0.11417 -0.21157 0.023639 -0.40222 -0.34391 0.071374 -0.26171 -0.24069 -0.21029 -0.062448 -0.51715 -0.037804 0.059117 -0.41795 0.107 0.066815 -0.22506 -0.052977 -0.37694 0.10051 1.0079 -0.19041 -0.16068 0.25301 -0.11155 0.38875 0.082179 0.12612 -0.1795 -0.56746 -0.17712 0.055921 -0.60118 -0.057126 -0.32777 -1.1358 0.065372 0.033647 -0.62695 -0.13363 0.028397 -0.5148 0.35043 0.50494 0.066864 0.26786 -0.12051 -1.6719 0.092971 -0.37275 2.0852 -0.013483 0.1192 0.71549 0.25129 -0.40266 0.2106 -0.038453 -0.24251 1.3846 0.092178 -0.20984 0.43555 -0.56774 -0.31818 -1.0156 0.47408 1.1015 -0.10798 0.32982 -0.68896 -0.052792 0.90974 0.045995 -0.67437 -0.74063 -0.95234 -0.11857 1.2372 0.3635 0.097493 -0.42474 -0.17118 0.48545 0.34727 -1.0046 -0.35598 -0.5366 0.16361 0.24837 -0.22413 -0.050472
server	-0.63102 0.69787 0.36497 -0.031325 0.35701 0.2393 -0.10605 -0.54677 0.79347 0.02589 0.88594 -0.28102 0.71809 -0.4169 -0.30872 0.29949 0.54758 0.51008 -0.28278 0.40692 -1.7332 -0.73612 0.28633 1.3975 0.33637 -0.18676 0.2953 0.59359 -0.38238 0.044722 0.57084 1.2179 0.28988 -0.27341 1.2775 0.44 -0.38526 -0.27194 0.68554 -0.8115 0.21749 -0.35904 0.28114 0.22832 0.21943 -0.093018 0.030371 -0.61219 0.54041 0.11656 -0.30096 0.65949 0.32877 0.29809 0.015255 -0.86917 -0.30055 0.12877 1.482 0.15556 -0.47876 -0.39259 -0.62366 0.071056 0.041859 -0.35143 0.42428 -0.35927 1.1177 0.27508 -0.67088 0.17321 0.34668 -0.87843 0.37355 -0.072144 -0.086213 0.29713 0.29559 0.15783 0.2502 -0.23274 -1.3642 0.20867 -0.58357 0.64508 1.0352 -0.36972 0.086734 0.15281 0.21943 1.5835 0.57663 0.33197 1.2931 0.16895 0.48479 0.18099 1.5916 0.17932
mediatype	

order	-0.034057 -0.43131 -0.19716 0.46429 -0.10513 0.53612 -0.48987 -0.30831 -0.49893 0.36651 -0.19352 -0.11855 0.31087 0.23738 -0.35699 -0.37677 0.60825 0.56713 -0.6612 0.40612 -0.043963 -0.93474 0.4853 -0.19031 0.46714 -0.015579 -0.38304 -0.51897 0.16811 -0.068862 0.29067 -0.031393 -0.31108 -0.43114 -0.33586 0.39899 0.20414 -0.53229 -0.35693 -0.33847 -0.43594 0.040716 0.2285 -0.91157 0.16134 -0.16923 -0.19384 -0.20617 0.091049 -0.6711 0.36988 0.16965 0.024592 1.3771 -0.15788 -2.1277 -0.28285 -0.15612 2.3049 0.50289 -0.63042 -0.10613 -0.084574 0.092476 1.2218 -0.18183 -0.76381 0.23732 0.40246 -0.41733 0.073375 -0.4046 -0.19212 -0.7337 0.57635 0.48449 -0.59015 0.086238 -0.76147 0.151 0.29896 -0.38905 -0.73351 0.13635 -1.1779 -0.018747 0.44691 -0.44374 0.21153 0.07235 -0.49581 -0.58365 0.13184 -0.33582 -0.27479 -0.25103 0.33756 -0.65422 -0.021066 0.0042945
accomplish	-0.45792 0.15146 0.080047 0.28732 0.059806 -0.54706 -0.17977 -0.024012 0.39716 0.34887 0.73103 -0.22471 -0.061243 -0.40792 -0.70666 -0.43336 -0.1964 1.4205 -0.68816 0.12586 -0.0096643 -0.10673 -0.59206 -0.62318 -0.58654 0.11593 -0.7448 -0.53505 0.36084 -0.80953 -0.88812 0.32071 0.29812 -0.29472 0.23523 -0.016901 -0.52913 -0.034929 -0.019736 -0.24084 0.12339 0.62461 0.324 0.0035478 -1.1638 0.11073 0.74277 -0.41897 -0.91049 -0.53084 -0.019815 -0.27462 -0.13725 0.96913 0.55141 -0.79259 0.56308 -0.033503 0.45486 0.32397 -0.46835 0.70553 -0.38643 -0.17252 0.28685 -0.083518 -0.27989 0.35571 -0.067019 -0.41723 0.58254 -0.56416 -0.35425 -0.46468 0.50077 -0.1615 -0.94215 -0.61038 -0.43737 0.14619 -0.23897 0.46265 -0.41114 0.16298 -1.0264 0.53655 0.74341 -0.019587 -0.7503 -0.16675 -0.38575 0.30455 -0.022133 -0.14282 -0.48927 -0.63651 -0.11766 -0.20664 -0.23076 0.32327
good	-0.030769 0.11993 0.53909 -0.43696 -0.73937 -0.15345 0.081126 -0.38559 -0.68797 -0.41632 -0.13183 -0.24922 0.441 0.085919 0.20871 -0.063582 0.062228 -0.051234 -0.13398 1.1418 0.036526 0.49029 -0.24567 -0.412 0.12349 0.41336 -0.48397 -0.54243 -0.27787 -0.26015 -0.38485 0.78656 0.1023 -0.20712 0.40751 0.32026 -0.51052 0.48362 -0.0099498 -0.38685 0.034975 -0.167 0.4237 -0.54164 -0.30323 -0.36983 0.082836 -0.52538 -0.064531 -1.398 -0.14873 -0.35327 -0.1118 1.0912 0.095864 -2.8129 0.45238 0.46213 1.6012 -0.20837 -0.27377 0.71197 -1.0754 -0.046974 0.67479 -0.065839 0.75824 0.39405 0.15507 -0.64719 0.32796 -0.031748 0.52899 -0.43886 0.67405 0.42136 -0.11981 -0.21777 -0.29756 -0.1351 0.59898 0.46529 -0.58258 -0.02323 -1.5442 0.01901 -0.015877 0.024499 -0.58017 -0.67659 -0.040379 -0.44043 0.083292 0.20035 -0.75499 0.16918 -0.26573 -0.52878 0.17584 1.065
modify	-0.15804 -0.47213 0.18104 0.50685 -0.71086 0.013201 -0.48763 0.064819 0.48433 0.80587 -0.50412 0.15316 -0.37134 -0.67308 -0.020333 0.1761 0.14788 0.41432 0.17297 0.035816 -0.28539 -0.72883 0.62883 0.42309 -0.28998 -0.75759 -0.71059 -0.68442 0.048591 0.30981 0.40542 1.2715 -0.8716 -0.19738 -0.45264 0.43273 0.26308 -0.97938 -0.31561 -0.23999 0.027426 -0.25495 -0.1901 -0.10111 -0.61722 0.69388 -0.14757 0.04758 -0.35316 -0.61084 0.40907 0.78403 0.1511 0.27369 -0.014034 -0.082729 0.80568 -0.45206 0.83609 0.023258 -0.23597 0.25559 0.20321 -0.05507 0.77335 -0.045962 -0.11183 0.61209 -0.41625 -1.0707 0.2958 -0.080535 0.0076674 -0.60802 0.20205 -0.21183 -0.7985 0.15493 -0.28435 -0.30345 -0.11752 -0.77283 -0.85563 0.0080676 -0.44304 0.90282 0.70241 -0.049818 -0.4181 0.36703 -0.45216 0.15253 -0.2193 -0.76397 0.28418 -0.20372 -0.15959 -0.37671 0.57153 -0.36719
meta	-1.0781 -0.55667 0.19977 -0.64179 -0.011438 -0.30254 -0.30905 0.080589 1.1039 1.4054 -0.11878 0.11702 -0.44006 -0.17212 0.35259 0.69736 0.32598 -0.28127 0.73337 0.48899 -0.38688 0.17721 -0.042343 0.63004 -0.46761 -0.23222 0.6988 0.19911 -0.3899 -0.8899 0.11949 -0.45821 -0.18867 -0.38146 0.53408 -0.19603 0.076464 -0.09863 0.49053 -0.34326 -0.097595 -0.076624 -0.80852 -0.05382 -0.86302 0.87582 -0.23543 0.25513 -0.20272 0.6287 -0.49665 0.25703 0.13495 -0.1675 -0.032092 -0.10086 -0.054001 0.086616 -0.20955 -0.14559 0.025155 -0.24451 -0.34759 -0.33718 0.33562 0.48724 0.099966 0.55584 0.52431 0.7569 -0.5311 0.26095 -0.2199 -0.72103 -0.57789 0.25466 -0.59488 -0.15037 -1.0088 -0.34201 -0.049907 -0.043755 -0.5328 -0.86495 0.22867 0.38549 0.32011 0.15447 0.24133 -0.75736 0.20446 0.3313 -0.28407 0.91192 0.033608 0.35574 -0.87317 -0.64685 -0.14527 0.069338
endpoint	-0.43466 -0.029868 0.42223 0.14847 0.20019 -0.70884 0.24763 -0.32164 -0.41664 -0.24661 -0.066658 0.25426 0.113 0.054136 0.87193 -0.36828 0.56226 0.12592 0.11637 -0.16772 -0.1629 -1.5835 -0.2748 0.60253 -0.24364 0.36265 1.4485 0.58378 -0.5754 -0.35862 0.25015 0.26761 0.15773 0.13475 0.48609 0.15356 -0.93684 0.23149 0.80091 0.097016 0.17034 0.095056 -0.004704 0.60581 -0.21707 0.65593 0.49327 0.31674 -0.56774 0.36869 0.47387 -0.62113 0.52422 0.53371 0.55166 -0.024981 0.19483 -0.46835 -0.31824 -0.46648 0.44346 -1.0218 0.29387 0.29543 -0.16327 -0.48883 0.34142 0.15798 -0.32308 0.055614 -0.85859 -0.095256 0.18669 -0.74703 -0.23868 -1.1575 0.091269 -0.83514 0.073797 -0.51296 0.3025 0.7619 -0.46405 0.23173 -0.65475 0.65603 0.67513 0.46876 0.55823 0.094186 0.16143 0.64319 0.45238 0.78366 0.031424 0.46496 0.0058664 0.024866 -0.21466 1.1298
address	-0.84077 -0.037751 0.30005 0.39005 0.17337 0.24543 -0.45248 -0.051572 0.22849 -0.11157 -0.37111 -0.41436 -0.43866 -0.066038 -0.18816 -0.1938 0.52634 0.18451 -0.9698 -1.2992 -0.64173 -0.98507 0.02689 -0.060261 -0.16238 -0.67173 -0.055132 0.55854 0.19009 0.40492 0.20887 0.63972 1.0504 0.62563 -0.32397 0.18054 -0.068602 -0.28184 -0.22424 0.67935 -0.66364 -0.13951 0.15615 0.052817 -0.62812 0.14243 -0.0061438 -0.37101 -0.40705 -0.47375 0.55215 -0.34591 0.62337 0.1607 -0.16315 -1.9544 -0.083108 -0.31313 1.7145 -0.15753 -0.56012 0.15818 -0.37845 -1.2824 0.6127 -0.47654 0.34083 0.083274 0.47165 -0.54222 0.081186 0.036679 -0.40275 -1.1722 0.47165 0.31325 -0.0889 0.25728 -1.0854 -0.10385 0.30211 -0.79542 -0.014068 -0.56314 -1.6502 -0.1172 0.001244 0.089657 -0.44582 -0.27682 -0.36952 0.65932 0.25622 0.0017851 -0.2024 0.14982 0.47018 -0.48195 0.69802 0.35768
individual	0.55535 0.49292 -0.054305 0.37724 0.037644 0.60935 -0.4885 -0.18835 -0.50346 -0.011715 0.548 -0.090182 0.61791 -0.60215 -0.77708 0.43295 -0.09505 0.72972 -0.36375 0.083651 -0.32622 -0.32695 0.049894 -0.027884 -0.11556 -0.37832 0.23163 -0.37295 -0.09196 -0.21516 0.22724 0.8214 -0.37848 -0.77462 0.65052 -0.30632 -0.22145 0.7288 -0.67162 0.14067 -0.13402 -0.63337 0.080288 -0.074218 -0.28273 -0.33007 -0.046193 -0.54874 -0.77236 -0.58119 -0.11716 -0.2787 0.3269 0.62624 0.10714 -1.3632 0.88972 -0.28888 2.043 0.38983 -0.02656 0.6976 0.61382 0.53496 1.3426 -0.12966 0.14995 0.039594 0.86929 -0.65755 -0.2489 -0.16494 0.016237 0.042442 0.82677 0.56309 -0.10388 -0.92662 -0.39835 -0.48685 0.70799 0.4477 0.0062906 -0.0075316 -1.5588 0.041824 -0.38867 -0.15867 0.65441 -0.086698 -0.8177 0.18058 0.54176 -0.13761 -0.31012 0.20708 -0.53596 -0.46245 0.74373 -0.025771
fields	-0.047616 0.99576 -0.71022 0.7524 0.53466 -0.82734 0.11373 0.29041 -0.46434 0.052024 -0.46316 -0.30941 0.67578 0.50736 -0.17579 -0.42409 0.47908 0.60994 -0.2695 0.29835 -0.25166 0.62413 1.1192 -0.030751 -0.19425 0.33195 0.29204 -0.3402 -0.15314 0.48892 -0.7018 -0.28773 0.47878 -0.31754 0.045104 0.31921 -0.33212 0.66268 -0.77237 0.42653 -0.19031 -1.056 -0.53589 -0.11899 -0.078285 0.37777 -0.35187 0.63479 -0.12965 -0.55702 -0.24686 -0.26448 0.043006 1.2225 0.61456 -1.0282 0.024019 -0.37065 1.26 0.42652 0.08088 0.9891 0.069389 -0.17465 1.0652 -0.17165 0.80588 -0.22493 0.49112 -0.13462 0.19677 0.19754 0.83006 -0.70803 -0.0004889 -0.45778 0.8754 0.18089 -0.55612 0.88671 1.2495 0.61516 -0.80477 -0.42965 -0.51398 0.63367 0.11991 -0.4999 0.3615 -0.15363 -0.019578 -0.0060289 -0.52583 0.17419 -0.72534 0.50641 -0.77926 -0.076215 0.55053 0.4307
returned	0.091824 -0.66875 -0.33201 -0.30765 0.17925 0.24183 0.38521 0.35221 -0.11683 0.18667 0.29597 0.13102 0.51048 0.35433 0.011397 -0.68917 0.72446 0.050447 -0.28962 -0.074493 0.48935 0.15051 0.43236 0.34681 0.16785 -0.279 -0.32974 -0.25639 1.1619 0.16182 -0.17146 0.23799 -0.30154 0.19893 -0.07509 0.34037 -0.23292 0.41266 -0.52076 -0.39695 -1.1748 -0.6088 0.45955 -0.40141 0.61409 0.18387 -0.052992 -0.2398 0.9734 -0.66996 -0.085477 -0.091624 0.48528 0.66907 -0.019396 -1.9973 -0.5882 -0.98432 1.0437 0.9879 -0.012833 0.75424 -0.55102 -0.052503 0.14832 -0.07889 -0.14944 -0.080665 -0.40842 0.76443 -0.21419 -0.10433 -0.21634 -0.22035 -0.046585 0.2278 -0.52279 0.32485 -0.71307 -0.091221 0.18426 0.59819 -0.15232 0.049253 -0.6532 -0.20548 0.44327 -0.24964 -0.52837 -0.38004 -0.47405 -0.67011 0.52118 0.53402 -1.0343 0.12732 -0.054351 0.9674 0.054391 -0.26828
meta	-1.0781 -0.55667 0.19977 -0.64179 -0.011438 -0.30254 -0.30905 0.080589 1.1039 1.4054 -0.11878 0.11702 -0.44006 -0.17212 0.35259 0.69736 0.32598 -0.28127 0.73337 0.48899 -0.38688 0.17721 -0.042343 0.63004 -0.46761 -0.23222 0.6988 0.19911 -0.3899 -0.8899 0.11949 -0.45821 -0.18867 -0.38146 0.53408 -0.19603 0.076464 -0.09863 0.49053 -0.34326 -0.097595 -0.076624 -0.80852 -0.05382 -0.86302 0.87582 -0.23543 0.25513 -0.20272 0.6287 -0.49665 0.25703 0.13495 -0.1675 -0.032092 -0.10086 -0.054001 0.086616 -0.20955 -0.14559 0.025155 -0.24451 -0.34759 -0.33718 0.33562 0.48724 0.099966 0.55584 0.52431 0.7569 -0.5311 0.26095 -0.2199 -0.72103 -0.57789 0.25466 -0.59488 -0.15037 -1.0088 -0.34201 -0.049907 -0.043755 -0.5328 -0.86495 0.22867 0.38549 0.32011 0.15447 0.24133 -0.75736 0.20446 0.3313 -0.28407 0.91192 0.033608 0.35574 -0.87317 -0.64685 -0.14527 0.069338
mediatype	
meta	-1.0781 -0.55667 0.19977 -0.64179 -0.011438 -0.30254 -0.30905 0.080589 1.1039 1.4054 -0.11878 0.11702 -0.44006 -0.17212 0.35259 0.69736 0.32598 -0.28127 0.73337 0.48899 -0.38688 0.17721 -0.042343 0.63004 -0.46761 -0.23222 0.6988 0.19911 -0.3899 -0.8899 0.11949 -0.45821 -0.18867 -0.38146 0.53408 -0.19603 0.076464 -0.09863 0.49053 -0.34326 -0.097595 -0.076624 -0.80852 -0.05382 -0.86302 0.87582 -0.23543 0.25513 -0.20272 0.6287 -0.49665 0.25703 0.13495 -0.1675 -0.032092 -0.10086 -0.054001 0.086616 -0.20955 -0.14559 0.025155 -0.24451 -0.34759 -0.33718 0.33562 0.48724 0.099966 0.55584 0.52431 0.7569 -0.5311 0.26095 -0.2199 -0.72103 -0.57789 0.25466 -0.59488 -0.15037 -1.0088 -0.34201 -0.049907 -0.043755 -0.5328 -0.86495 0.22867 0.38549 0.32011 0.15447 0.24133 -0.75736 0.20446 0.3313 -0.28407 0.91192 0.033608 0.35574 -0.87317 -0.64685 -0.14527 0.069338
author	-0.413 0.218 0.039431 -0.053749 0.85308 0.29779 0.11114 -1.2124 -0.4777 -0.15179 -0.45002 -0.38842 -0.22917 -0.035859 -0.40102 0.08563 0.92391 -0.31685 -0.82291 0.78698 -0.14919 0.12546 0.065458 0.14121 0.8642 -0.013242 -0.15736 -1.2018 -0.30108 0.28124 -0.61667 0.65361 -0.15993 -0.053273 -0.67792 -0.01087 -0.20634 0.24086 0.13056 0.16813 -0.75192 0.92798 -0.097021 -0.033298 0.24501 -0.61474 -0.4651 -1.0143 -0.32279 0.4046 0.9227 -0.054761 0.75955 0.55983 -0.052743 -1.8862 -0.33766 0.30476 0.31659 0.0384 0.69283 1.0059 0.06878 -0.96496 1.3563 -0.66794 0.89937 0.8749 0.51758 0.35067 -0.29954 0.89346 -0.093902 0.29265 -0.53826 0.084979 0.34011 -0.11615 -0.8129 -0.16033 -0.17881 0.31269 -0.26473 -0.056903 -0.77572 -0.454 -0.051262 -0.65861 -0.022535 -0.68269 0.44984 0.20216 0.83174 -0.040857 -0.10281 0.63636 -0.18776 -1.0428 -0.16673 0.2079
meta	-1.0781 -0.55667 0.19977 -0.64179 -0.011438 -0.30254 -0.30905 0.080589 1.1039 1.4054 -0.11878 0.11702 -0.44006 -0.17212 0.35259 0.69736 0.32598 -0.28127 0.73337 0.48899 -0.38688 0.17721 -0.042343 0.63004 -0.46761 -0.23222 0.6988 0.19911 -0.3899 -0.8899 0.11949 -0.45821 -0.18867 -0.38146 0.53408 -0.19603 0.076464 -0.09863 0.49053 -0.34326 -0.097595 -0.076624 -0.80852 -0.05382 -0.86302 0.87582 -0.23543 0.25513 -0.20272 0.6287 -0.49665 0.25703 0.13495 -0.1675 -0.032092 -0.10086 -0.054001 0.086616 -0.20955 -0.14559 0.025155 -0.24451 -0.34759 -0.33718 0.33562 0.48724 0.099966 0.55584 0.52431 0.7569 -0.5311 0.26095 -0.2199 -0.72103 -0.57789 0.25466 -0.59488 -0.15037 -1.0088 -0.34201 -0.049907 -0.043755 -0.5328 -0.86495 0.22867 0.38549 0.32011 0.15447 0.24133 -0.75736 0.20446 0.3313 -0.28407 0.91192 0.033608 0.35574 -0.87317 -0.64685 -0.14527 0.069338
lastModified	
parts	-0.62895 0.39792 0.75434 0.24064 0.35036 -0.25685 -0.14509 0.60343 0.41819 0.47747 -0.32224 -0.48375 0.49681 0.61095 -0.22351 -0.13308 0.27346 0.063857 0.18443 0.28662 0.76163 0.18844 0.76023 -0.082735 0.15948 -0.36197 0.010324 0.25164 -0.15691 0.44251 0.51712 -0.47651 -0.039223 -0.57162 -0.3654 0.1366 0.88745 -0.25089 -0.13799 -0.13355 -0.31013 -0.44455 0.086245 -0.1693 -0.11838 0.53128 0.57481 0.010671 0.16949 -0.42089 -0.1468 1.1025 -0.037042 0.5186 0.20067 -1.5187 -0.49955 -0.40052 2.0982 0.66655 0.53261 1.3778 0.17037 0.53097 0.79262 -0.04734 0.33123 0.17746 0.078004 -0.28558 -0.21588 0.062392 0.050072 0.15627 0.71483 0.081193 0.047612 0.25436 -0.33724 0.27568 0.30546 0.16397 -0.77087 0.4089 -1.3344 0.5574 -0.08929 -0.5686 -0.055279 0.37359 0.24393 -0.2494 -0.25582 0.10093 -0.99602 0.52629 -0.47712 -0.14524 1.2383 -0.17073
path	0.20894 0.22755 0.17449 0.34054 0.93517 -0.38728 -0.10494 0.032183 -0.049418 0.11318 0.11927 1.0108 0.71024 -0.30996 0.53755 -0.18446 0.32443 0.013561 -0.21829 0.19561 0.42555 0.21632 0.020059 -0.045488 0.042648 0.86857 -0.29605 -0.55331 0.0030742 -0.57099 -0.41314 0.44536 0.04492 0.14183 0.52182 -0.076462 -0.054569 -0.49519 0.33479 0.16654 -1.164 -0.19123 0.71405 -0.0048431 -0.085175 -0.076246 0.46554 0.40743 0.049154 0.52614 0.50387 -0.069869 0.087195 1.5793 0.58954 -1.9334 0.70239 0.80084 1.7268 0.20045 -0.19275 0.34642 0.055899 -0.26154 0.94403 0.345 -0.22074 -0.32423 0.053053 -0.98619 -0.23761 -0.14619 0.19421 -0.85127 0.86768 -0.95209 0.29382 -0.13615 0.20428 -0.6816 -0.069663 0.93193 -0.83445 -0.35736 -0.21261 0.19325 0.013436 -0.28897 -0.064542 -0.3557 -0.46246 0.37245 -0.44813 0.62211 -0.46214 -0.67703 0.030749 -0.18048 0.44856 0.26303
turned	0.10808 0.15929 0.20032 -0.49813 0.47375 0.42445 0.24945 -0.17595 -0.074775 -0.22812 0.072017 0.17038 0.25539 -0.091347 0.26479 -0.26592 0.166 0.23002 -0.16016 -0.035403 0.52609 0.43921 0.23064 -0.28543 0.26879 -0.23357 -0.40811 -0.36362 0.1306 -0.16709 0.29261 0.44008 -0.15603 0.23723 -0.014153 -0.078246 -0.17901 -0.19527 0.018126 0.02085 -0.74465 -0.48416 0.29344 -0.3432 0.3896 -0.2296 -0.1931 0.31118 0.63545 -0.68065 0.0062019 -0.38327 0.39019 1.1262 -0.10761 -2.1602 -0.69703 0.3162 1.3566 0.4211 0.23352 0.80566 -0.20279 0.015284 0.32438 -0.27085 0.50232 -0.02904 -0.20864 0.53636 -0.039927 -0.15938 -0.17843 -0.17852 -0.32746 -0.22446 -0.098696 0.012448 -0.46356 0.25568 0.84916 0.26638 -0.41872 -0.20749 -1.1368 -0.6048 0.075358 -0.066932 -0.50445 -0.56101 0.29581 -0.15516 -0.21378 0.327 -0.39192 -0.00077143 -0.26192 0.35434 0.15771 0.20998
query	-0.4969 0.76435 0.4152 0.042687 -0.15271 0.69824 -0.15355 -0.24911 0.47419 0.25352 0.24942 0.31439 -0.24993 -0.78435 -0.37384 0.9922 -0.901 0.42698 -0.21237 -0.09174 -1.0657 -0.5361 -0.082778 0.68133 -0.34472 -0.31689 0.26861 0.65906 -0.35252 -0.14172 -0.059454 0.4444 0.14079 -0.41408 0.61827 0.11713 -0.47073 -0.12204 0.99215 -0.54591 -0.42481 -0.20966 -0.40779 0.42108 -0.13246 0.66306 -0.18529 -0.48887 0.091127 0.12063 0.62747 0.72114 0.65679 0.5093 0.16518 0.24104 -0.057905 -0.14808 0.64288 -0.086351 -0.12495 0.23807 -0.17409 -0.11701 0.70697 -0.22338 -0.027315 0.31124 0.077903 0.44365 -0.78515 0.45119 0.46896 -0.8594 0.32359 0.60787 -0.46374 -0.83129 -0.87648 -0.26985 -0.18111 -0.54316 -0.54136 -1.0604 -0.70334 0.067493 1.1617 -0.32093 -0.27645 -0.014086 -0.16553 1.2438 -0.011811 0.38258 1.1056 0.35038 -0.065843 -0.6405 0.037684 0.54274
parameter	-0.91764 0.079889 -0.15248 1.11 -0.69633 0.5662 -0.16584 -0.36496 -0.20524 0.37598 0.22226 -0.41385 -0.32852 -0.2381 0.42677 0.23588 -0.16021 1.2105 0.83345 -0.15443 0.035294 -1.0828 -0.084742 0.44196 0.22169 0.078941 0.23818 0.43015 -0.72714 -0.6199 -0.010833 0.0069916 0.24243 1.1532 1.0982 -0.041059 0.31017 0.67925 0.31363 -1.0447 0.063159 -0.22826 0.34778 0.48777 -0.403 -0.29 -0.32791 0.1411 -0.72391 0.50792 1.1692 0.069638 0.36933 0.86819 0.32905 -0.19936 -0.11623 -0.20649 0.34488 0.67494 -0.3036 -0.54693 0.31715 0.52689 1.3791 0.36137 -0.6053 -0.76725 0.97532 -0.1686 -0.66659 0.3472 0.57306 0.14567 1.6106 -0.36775 -0.61028 -0.84422 -0.13513 -0.12564 -0.52312 -0.66688 -1.1065 -0.79482 0.21043 0.76528 0.70327 -1.0804 0.25858 -1.2346 -0.90731 0.51968 0.35863 -0.598 0.55309 -0.1248 0.36357 -0.39172 0.043882 0.15676
easier	-0.41534 0.1298 0.38597 -0.012311 0.0001165 -0.21356 -0.64433 -0.1882 0.74751 -0.10553 0.030108 -0.063172 -0.27012 -0.48604 0.13515 -0.31183 -0.016904 -0.029846 -0.20925 0.53505 -0.1405 0.21308 0.090807 -0.16506 -0.10336 -0.16454 -0.45212 -0.93349 -0.015292 -0.0026033 -0.37731 0.55745 -0.30982 -0.71001 0.78025 0.21389 -0.34312 -0.45771 0.31165 -0.44617 -0.10674 -0.57965 -0.25159 -0.4753 -0.88334 -0.23897 0.57054 0.037066 0.16996 -0.68763 -0.06921 -0.075056 -0.093059 0.97192 0.15187 -1.312 0.059293 0.15772 1.9287 -0.26373 -0.51196 0.41135 0.13411 0.31345 0.44403 0.075925 0.18848 0.34337 0.058219 -1.0353 -0.31814 -0.67664 0.077308 -0.048175 0.45851 -0.016333 -0.64546 0.015126 0.061282 -0.22517 0.3907 -0.062256 -0.73507 -0.19433 -1.7901 0.13463 0.62485 0.18302 -0.77648 0.070921 0.13409 0.056598 0.27233 -0.58501 0.15225 -0.22165 0.0099428 0.34956 0.24124 0.33826
manipulate	0.098984 -0.40885 0.33497 0.31317 -0.039929 0.41123 -0.93481 -0.28458 0.49863 0.12392 -0.080132 0.19988 -0.14267 -0.62009 -0.35581 0.62333 0.090032 0.77622 0.081889 -0.12986 -0.36933 -0.71877 1.1296 -0.47087 -0.58217 -0.38351 -0.11164 0.19208 0.26473 0.23097 0.7214 0.64322 -1.0542 -0.33712 -0.1841 -0.49381 0.12252 -0.056011 0.14208 -0.24273 -0.26267 -0.16338 -1.0471 -0.60009 -1.2201 0.23509 -0.24096 -0.28985 -0.40121 -0.65188 -0.38643 0.64434 0.63976 0.60039 0.45055 -0.47102 0.37122 0.069355 0.38585 -0.62375 -0.68897 0.28324 0.080309 0.31928 0.26722 -0.022073 0.65077 0.074411 0.31865 -0.35476 0.16026 -0.32158 0.41101 -0.24365 -0.13779 -0.5121 -0.31957 -0.69241 -0.014609 0.57258 0.73568 0.46944 -0.87991 0.12863 -0.95379 -0.14258 0.31293 0.70764 0.087901 -0.13499 -0.22105 0.33825 0.23781 -0.83387 0.28542 -0.65885 -0.22884 -0.43473 -0.33165 -0.063663
tools	-0.68381 0.76694 -0.40511 -0.026917 0.15135 -1.027 -0.22252 -0.21637 0.37326 0.036145 0.60848 -0.98233 0.090094 0.0066982 -0.0019611 0.32577 0.55609 0.53144 -0.90244 0.25927 -0.23057 -0.24809 0.33146 -0.08638 0.050168 -0.45644 0.048126 0.18218 -1.1243 -0.060542 0.16491 0.36247 -0.97837 -0.24743 0.48625 -0.31142 -0.40255 -0.57592 0.65268 -0.73182 -0.4504 -0.23504 -0.27468 -0.49294 -1.2208 0.027744 -0.22464 0.048868 -0.096039 -0.42034 0.10311 0.28294 -0.5542 0.76726 0.30671 -0.81369 -0.19971 -0.30476 1.0916 0.11608 -0.019766 0.59759 -0.30958 0.70442 0.41271 -0.10112 0.11475 -0.46431 0.81326 -0.47045 -0.24566 0.38604 0.17435 -0.075189 0.090477 0.13697 -0.47489 0.7577 -0.412 -0.024784 0.95147 0.25434 -0.67116 -0.24998 -1.5064 1.059 0.90035 0.13008 -0.54908 -0.063696 0.058874 -0.0025955 1.0117 0.1433 0.20803 -0.89674 -0.67409 -0.85609 1.445 0.71612
jquery	0.025194 0.52317 0.020983 0.18585 0.6486 0.020677 -0.49944 -0.39084 0.81992 -0.095613 -0.46264 -0.65623 -0.79589 0.26604 -0.74663 -0.25922 0.049739 0.29797 0.56138 -0.17643 -0.53196 -0.38727 0.06886 0.099261 0.23418 -0.24807 0.14612 0.081364 -0.73016 0.22211 -0.36872 0.43858 -0.29493 0.93002 0.74356 0.16573 -0.19632 -0.37716 0.17354 0.013064 0.45683 0.53194 -0.011143 0.49351 -0.48805 0.59426 0.082015 0.55695 -0.13893 0.35299 0.22254 0.56003 -0.18855 -0.6591 -0.15842 0.37723 -0.46766 -0.020165 -0.43672 -0.60924 -0.28693 0.070743 0.1166 0.33281 -0.20463 0.53813 -0.52366 -0.054957 -0.11745 0.087481 0.041156 -0.25026 1.1747 -0.34028 -0.23965 0.92583 0.41624 0.5349 0.33683 -0.098658 0.27055 -0.12516 0.22184 0.046353 0.95223 1.1261 0.41207 0.73497 0.17577 0.28002 0.077405 -0.18282 0.50938 0.15152 0.3044 -0.26533 -0.17259 -0.41036 0.15861 0.12462
Modified	-0.57299 -0.072105 -0.033707 0.28248 -0.27585 -0.32891 0.66587 0.11137 -0.083476 0.6268 -0.45585 -0.08344 0.41354 0.059321 0.3866 -0.020309 0.13512 0.6808 0.26276 -0.41172 -0.015604 -0.5012 0.63875 0.35677 0.40393 -0.22355 -0.8361 -0.88343 -0.37216 0.94311 0.17267 0.81496 -0.88381 -0.18278 0.4917 0.67024 0.32318 -0.33222 -0.41678 0.44295 0.050508 -0.94058 -0.02489 0.10113 0.33222 0.14768 -0.015098 -0.021144 -0.45126 -0.81378 0.025543 0.50494 0.2735 0.42298 -0.028807 -0.82758 -0.15562 0.2987 1.1048 -0.29258 0.18356 0.72251 0.42941 0.69848 0.87664 -0.49326 -0.86584 0.3755 -0.12117 -0.16145 -0.023796 -0.016667 0.10171 0.21019 -0.098235 0.20523 -0.19238 0.29608 -0.44475 -0.084087 -0.29761 -1.1081 -0.96497 0.28621 -0.64144 0.56024 0.86755 -0.77715 -0.54883 0.53558 -0.57273 -0.42069 -0.48895 -0.25948 0.35479 -0.44888 -0.82519 -0.29903 0.73412 -0.51524

sufficient	-0.29807 0.27122 -0.0059666 0.62587 -0.46624 -0.55619 -0.42479 -0.0076065 0.28954 -0.061033 0.25691 0.27357 -0.33275 -0.10179 0.072814 -0.77656 0.058931 0.52839 -0.054148 0.054931 -0.25863 -0.60777 -0.090752 -1.1522 -0.87681 -0.20399 0.14407 -0.38912 -0.28765 -0.058313 0.22738 -0.56095 -0.65989 -0.061166 0.17887 0.092518 0.39212 0.105 -0.57725 0.33167 -0.010212 0.0038677 0.20604 -0.61306 0.58997 -0.58691 0.43448 -0.84065 -0.37539 -0.85519 0.14298 0.11546 0.21262 0.77339 0.69866 -1.3695 0.31764 -1.0404 1.6912 -0.50249 0.067956 0.019245 -0.78729 0.6116 1.1919 -0.12925 -0.046365 -0.19395 0.18018 -0.38157 0.35598 -0.43572 0.65855 -0.18267 1.0536 0.68084 -0.60247 -0.57609 -0.59001 0.21741 0.77127 -0.044602 -0.94669 -0.34174 -0.75112 0.12368 1.0981 0.60652 -0.22899 0.39383 -0.092535 -0.4849 0.075522 -0.36368 0.27525 -0.071528 0.02983 -0.7147 0.057387 0.4731
data	-0.47099 0.61577 0.68969 -0.18149 0.30778 -0.8415 -0.41873 -0.20013 0.28184 -0.34005 0.77286 -0.22774 0.059854 -0.24141 0.87783 0.72043 0.64295 0.36245 0.41621 0.13001 -0.47074 -0.44664 0.47363 0.40755 -1.0341 -1.1422 0.37436 0.24631 -0.67291 0.49177 0.46506 0.13608 -0.93796 0.51887 0.51549 -0.26506 -0.14551 0.22517 0.35244 -0.79648 -0.42247 -0.90587 -0.83998 0.45365 -0.72494 -0.12592 0.43661 -0.53661 0.020523 -0.74609 1.1925 0.15719 0.29318 0.92661 0.48236 -1.829 -0.012697 -0.37029 2.3618 0.33587 -0.1544 0.14657 -0.11307 -0.02493 0.31933 0.28815 -0.2963 -0.33032 1.4774 0.23739 -0.25313 0.61367 0.56811 -0.56991 0.48798 0.065367 0.28258 -0.13537 -1.1096 -0.35971 0.85313 0.463 -1.1223 0.0071569 -1.7636 -0.44547 1.2478 -0.37541 -0.21634 0.45937 -0.11387 0.75576 -0.24423 -0.056482 0.54792 -0.30928 0.25919 -0.59612 0.27596 0.088012
return	0.10483 -0.20148 0.20761 -0.24741 -0.13387 0.1678 -0.17015 0.31613 -0.085635 0.22753 -0.12968 0.66281 0.34332 0.11174 -0.062333 -0.47705 0.38937 0.17352 -0.1497 0.57772 0.20197 -0.19238 -0.21633 0.33175 0.2554 0.12737 -0.29661 -0.38718 0.93222 -0.23178 -0.41018 0.25106 -0.44001 0.048755 0.078251 0.2067 0.32111 0.39704 -0.78405 -0.65491 -0.82952 -0.45039 0.5385 -0.37227 0.31965 -2.9134e-05 -0.37973 -0.54251 0.68472 -0.81818 0.35916 -0.017955 0.28055 0.70254 0.22264 -2.3298 -0.29809 -0.81741 1.8447 0.39505 -0.36728 0.2835 -0.70904 -0.37948 0.76066 -0.1291 -0.02278 0.29353 -0.63138 -0.25353 -0.082943 -0.4101 -0.5194 -0.7351 0.17988 0.14519 -0.45157 0.077171 -0.49515 0.064367 0.7602 0.5762 -0.22859 0.0007965 -0.79401 0.16778 0.6392 0.087073 -0.078949 -0.63338 -0.34562 -0.053887 0.24041 0.0053984 -0.98415 -0.47787 0.46757 0.56396 0.070056 -0.21982
BAD	0.39456 -0.24717 1.0319 -0.61444 -1.2376 0.051794 -0.55112 -0.31014 -0.025735 -0.24709 0.25836 0.34899 0.46176 0.44237 0.354 0.21262 -0.26312 -0.17128 0.44013 1.1284 0.37259 0.41969 -0.2534 -0.051885 -0.34917 0.15298 -0.68444 -0.19514 -0.018647 0.084191 0.14569 0.3869 0.023524 -0.37861 -0.65081 0.010398 -0.50087 -0.087368 0.098617 -0.21907 -0.072412 -0.10247 -0.3148 -0.307 -0.30457 -0.14329 0.10313 -0.040487 -0.095922 -1.192 -0.063356 0.034127 -0.057674 0.56582 0.082541 -2.4617 0.48029 0.72806 1.2841 0.10672 -0.045119 1.0117 -0.97928 0.022828 0.46876 -0.026875 0.80018 -0.23101 0.086699 -0.74338 -0.38738 -0.1924 -0.13292 0.52347 0.35659 0.21065 -0.18669 0.41563 -0.50874 0.47643 0.78591 0.28015 -0.74565 -0.015569 -1.8451 -0.28427 -0.81722 -0.43254 -0.60031 -0.40052 -0.26612 -0.05855 -0.2051 0.16208 -0.25305 0.48163 -0.15905 0.0064973 0.13793 -0.06832
REQUEST	0.21659 -0.16333 0.35012 0.28932 0.14498 0.40151 -0.28247 0.73031 -0.025505 0.052837 0.0079698 0.14128 -0.30402 -0.2034 -0.1283 -0.16788 -0.054809 -0.15008 -0.52281 0.24256 -0.58589 -0.45142 0.004387 0.37538 -0.43882 0.12672 0.25771 -0.43406 0.51691 -0.15372 0.38951 0.56608 -0.10151 0.41703 -0.093675 0.934 0.26118 -0.5264 0.047835 -0.36586 -0.77303 0.13071 0.6349 -0.35007 0.42253 -0.30754 -0.74851 -0.60176 0.30564 -0.50888 1.0669 0.20796 0.8528 0.39597 -0.69597 -1.2616 -0.17463 -0.84759 2.0429 0.28192 0.12494 -0.024454 0.23235 -0.23177 0.94558 -0.89184 -0.72724 1.1207 -0.67796 0.0010365 -0.14455 -0.29371 -0.17304 -0.81258 0.28755 0.91114 -0.63561 0.23075 -1.1181 -0.040138 0.46239 -0.48802 0.20385 -0.4455 -1.1635 -0.087435 0.82927 0.38298 0.081414 -0.28892 0.047362 -0.29215 -0.32154 -0.14588 0.32082 0.44336 0.12494 0.1575 0.15224 -0.25907

interest	0.46151 0.18476 0.089736 0.40501 0.16251 -0.60508 -1.0174 -0.8087 -0.50692 -0.52727 -0.31648 0.44042 -0.35202 -0.17821 0.077788 -0.34801 -0.60445 0.42859 0.37017 0.481 -0.058022 0.12249 -0.30533 0.14346 0.10261 -0.54846 -0.048441 -0.76 -0.81449 0.0030947 -0.24939 0.4717 -0.64303 0.057445 -0.43304 0.2484 0.54135 0.0071352 -0.27517 -0.48214 -0.20808 -0.52727 0.039826 -0.0049438 0.054533 -0.40505 0.3757 -0.49291 0.2009 -1.6637 0.2305 -0.012995 0.087956 0.77813 0.10113 -2.3421 0.040258 -1.2105 1.8898 0.43177 0.34362 0.55268 -0.20459 -0.056768 0.94655 0.26947 0.26842 0.29921 1.2047 -0.084567 0.28468 -0.17812 0.15142 -0.37445 -0.50136 0.17367 0.1898 -0.21318 -1.1026 -0.30734 0.31595 0.4593 -0.017813 -0.62607 -0.72383 -0.61497 -0.55914 0.30744 0.22141 -0.8927 -1.0947 0.013273 0.14925 -0.35686 -0.79838 0.094245 0.2503 -0.58882 0.72474 0.010143
TIKA	-0.098678 -0.55122 -0.62782 -0.3208 0.14782 -0.46886 -0.65775 0.31314 -0.11624 0.19082 0.050365 -0.093885 -0.22845 0.31659 -0.11894 0.012761 -0.12018 -0.27833 -0.066196 0.2762 -0.42055 0.073598 -0.81593 0.27402 -0.03459 0.61407 0.35517 0.17903 0.30248 0.12635 0.15158 -0.097509 -0.11534 0.54976 0.34467 0.41098 0.039481 -0.33375 0.049244 -0.19335 0.28569 0.2155 0.17161 0.047297 -0.17921 -0.48617 0.067438 0.078382 -0.13223 0.66484 -0.083303 0.70044 0.042653 0.19277 -0.37601 1.0597 0.011713 0.073857 -0.76139 -0.54756 0.80826 0.081637 -0.13328 0.17178 -0.69044 -0.069527 -0.21263 -0.22719 0.36039 -0.12749 -0.025976 0.011353 0.040905 -0.50417 0.26023 0.52641 -0.35062 0.08104 0.4185 -0.33026 -0.51296 0.037057 0.038369 0.295 -0.056773 0.38279 0.10828 0.35649 0.59305 0.13299 -0.52608 -0.049335 0.092711 0.32788 -0.058308 -0.36451 0.27292 -0.050743 -0.44973 -0.16294
implement	-0.63963 -0.44104 -0.53116 0.49663 -0.077903 -0.50219 -0.54826 0.52699 0.2559 0.47114 0.065741 -0.17957 0.043325 -0.11205 -0.27228 0.023261 0.26996 0.41939 -1.0277 -0.46818 -0.30353 -0.877 -0.056046 -0.15529 -0.32593 -0.22945 -0.42707 -0.49317 -0.35668 0.18352 -0.29916 0.7824 0.10479 -0.068455 -0.1796 0.20343 0.47093 -1.2491 -0.55714 -0.1274 -0.37327 0.4442 0.63968 0.076443 -0.8751 0.37386 -0.16205 -0.15668 -0.72251 -0.76294 -0.17742 0.22902 0.0046133 0.77358 -0.097492 -0.80141 0.82621 -0.27565 1.3558 -0.51032 0.0036626 -0.26509 -1.0266 -0.37617 0.71785 -0.086424 -0.94188 0.69175 0.13394 -1.011 0.61162 -0.37835 -0.54147 -0.64055 0.46536 -0.28091 -1.0485 0.56512 -0.75007 -0.4814 0.79458 0.068884 -0.74824 0.32042 -0.82227 1.1119 0.72462 -0.093744 -0.95854 0.18821 -0.044452 0.054285 -1.2269 -0.23097 -0.38014 0.061647 -0.17647 -0.32618 0.92232 0.12033

