OpenGraph	
meta	-1.0781 -0.55667 0.19977 -0.64179 -0.011438 -0.30254 -0.30905 0.080589 1.1039 1.4054 -0.11878 0.11702 -0.44006 -0.17212 0.35259 0.69736 0.32598 -0.28127 0.73337 0.48899 -0.38688 0.17721 -0.042343 0.63004 -0.46761 -0.23222 0.6988 0.19911 -0.3899 -0.8899 0.11949 -0.45821 -0.18867 -0.38146 0.53408 -0.19603 0.076464 -0.09863 0.49053 -0.34326 -0.097595 -0.076624 -0.80852 -0.05382 -0.86302 0.87582 -0.23543 0.25513 -0.20272 0.6287 -0.49665 0.25703 0.13495 -0.1675 -0.032092 -0.10086 -0.054001 0.086616 -0.20955 -0.14559 0.025155 -0.24451 -0.34759 -0.33718 0.33562 0.48724 0.099966 0.55584 0.52431 0.7569 -0.5311 0.26095 -0.2199 -0.72103 -0.57789 0.25466 -0.59488 -0.15037 -1.0088 -0.34201 -0.049907 -0.043755 -0.5328 -0.86495 0.22867 0.38549 0.32011 0.15447 0.24133 -0.75736 0.20446 0.3313 -0.28407 0.91192 0.033608 0.35574 -0.87317 -0.64685 -0.14527 0.069338
tags	-0.38178 0.048998 0.052368 -1.6191 0.35551 0.06946 -0.26487 -0.1312 0.32111 0.46051 0.20213 0.023657 0.59978 -0.23194 0.96242 0.61351 0.64808 0.13653 0.53338 -0.3857 -0.20838 -0.22508 -0.14528 -0.41609 0.49171 -0.24744 0.049507 -0.30775 0.016159 -0.76892 0.50154 -0.1493 -0.5285 0.71217 0.71628 0.47852 -0.1422 -0.17726 0.062664 -0.45098 0.46722 -0.23217 -0.090008 -0.53988 -1.3762 0.27386 -0.10538 0.77531 -0.15044 -0.7911 0.35029 0.44113 0.17646 0.44754 -0.48402 0.23503 0.15973 -0.6644 0.66519 0.3466 -0.076299 0.64572 0.027559 0.40984 0.54137 -0.16403 -0.27352 0.051797 0.55919 -0.31591 -0.77431 -0.043361 0.66751 -0.032455 0.25392 0.6046 0.72659 0.091611 -0.74535 -0.10874 0.17407 -0.77439 -0.3908 -1.3669 -0.3764 0.20252 0.21813 -0.42163 -0.36181 0.54403 -0.18807 0.91993 0.31707 -0.61171 -0.25137 -0.58294 -0.17993 -0.68281 0.40912 -0.16881
multiple	-0.16573 0.54371 -0.62806 0.44953 0.86907 0.31654 -0.20341 0.29224 -0.01749 0.26443 -0.14708 -0.19694 0.50352 0.70201 0.29794 0.10142 -0.33267 0.258 0.027654 0.27746 -0.19151 -0.93753 -0.067319 0.19286 0.19081 -0.36771 0.47593 -0.12701 0.13365 0.64261 0.70949 0.77018 -0.44427 -0.13359 0.92163 -0.24746 -0.34441 -0.50506 -0.33131 0.39573 0.020152 0.074872 -0.28065 -0.02725 -0.20947 0.31729 0.10537 -0.52653 -0.52005 0.13049 -0.15893 0.05203 0.10487 0.63637 0.93969 -1.5687 0.86295 -0.030916 1.3522 0.80103 -0.30559 1.3598 0.60825 0.26616 0.63641 -0.091057 0.2914 -0.31523 0.20666 0.23483 -1.0148 0.29389 0.34791 0.023297 0.61399 -0.057921 -0.052748 -0.42956 -0.57699 -0.19482 1.2701 0.062721 -0.18901 0.21569 -1.6021 0.19563 0.12338 -0.50466 -0.14586 0.25403 -0.50299 0.70577 -0.19546 -0.066038 0.1338 0.11548 -0.30373 -0.24624 1.2014 -0.18228
values	0.014585 0.91762 0.26273 0.34912 -0.26841 0.32944 -0.76461 -0.94639 -0.75081 0.87473 -0.52974 -0.33767 0.34254 -0.20611 -0.48535 -0.50174 -0.2223 0.62947 -0.69472 0.47309 0.41506 -0.6126 0.27865 0.046697 -0.16659 -0.23636 0.15343 -0.30687 -0.472 -0.28999 0.78575 1.0897 -0.27674 0.36699 0.51239 -0.061076 0.4428 0.33363 -0.55937 -0.75493 0.045666 -1.1303 -0.02107 0.10783 -0.77744 -0.16789 -0.13516 0.25446 -0.6657 -0.72037 0.56203 0.11706 -0.00088326 1.1447 0.27697 -1.2771 0.87334 -0.05776 1.6606 0.34255 0.34928 -0.093171 -0.55971 -0.62597 0.52358 0.51099 -0.17215 -0.37916 0.87282 -0.63932 -0.20323 0.34034 0.37061 0.017415 0.22043 -0.43039 0.041417 -0.42196 -1.0385 -0.16131 -0.72722 0.40828 -0.33838 -0.19874 -0.38775 -0.0012478 -0.75843 -0.46997 -0.10185 -0.70257 -1.0015 0.13873 -0.0622 0.16205 -0.75922 -0.43936 0.0035452 -1.1743 0.089949 1.0224
Open	-0.61034 0.60236 0.61765 0.59614 0.55641 0.2301 -0.20742 0.8231 0.090912 -0.53776 0.17528 0.62751 0.15772 0.20984 -0.39661 0.47713 -0.27221 0.72068 -0.94254 -0.0011616 0.049811 0.44193 0.44902 0.47736 0.91806 -0.074704 0.43354 -1.389 0.40696 -0.15823 -0.51772 0.36528 0.12091 -0.20566 0.78396 -0.096688 -0.36237 0.02203 -0.44326 0.21395 0.046645 -1.1911 0.27869 0.042393 0.163 -0.2473 -0.18931 0.31419 0.37372 -0.83508 -0.54857 -0.38864 -0.031954 0.22341 -0.38107 -2.7609 0.28743 0.14508 2.3684 0.4966 -0.60259 0.42523 -0.16205 0.19028 0.38663 -0.39419 0.12353 0.37308 0.01648 -0.45128 -0.19476 -0.062371 0.31139 -0.83917 -0.62146 -0.17515 0.64186 0.19808 -0.44694 -0.24301 1.0159 -0.49681 -0.29576 0.94691 -0.80177 -0.0070947 0.041663 0.72282 0.026254 0.62928 0.073193 0.25655 0.16951 0.66374 -0.18381 0.66264 0.15201 -0.13958 0.72138 0.52252
Graph	-0.20464 1.2259 0.018335 0.89002 0.67111 0.28728 -0.88209 -0.094567 -0.9238 0.28271 1.2898 0.37912 0.91858 -0.016743 0.70512 2.3593 -0.52391 0.051613 1.0008 -1.0741 0.033889 -0.67589 0.36227 0.53231 0.95812 -0.59137 1.3319 -0.055904 -0.33534 -0.20008 -0.58159 0.47791 0.3325 0.026759 0.501 0.91427 1.0336 0.41766 0.33733 -0.73216 0.63299 0.059074 -0.73476 -0.1345 -0.47702 1.0303 -0.075383 -0.42906 -0.079863 0.57329 0.16201 -0.27637 -0.12437 1.0399 -0.625 -0.1571 0.24535 -0.034045 1.1462 0.22303 -0.56999 -0.61105 -0.56784 -0.01398 1.3536 0.66257 0.49257 -0.33963 0.0051712 0.6034 -1.4063 0.51502 -0.90114 -0.12293 0.66355 -0.34921 0.73171 -0.85569 -0.58513 -0.063811 -1.4685 0.42178 -1.0221 -0.76308 -0.12924 0.076499 -0.12176 -0.48849 0.27752 -0.57199 -0.77402 0.32643 -0.28876 0.22039 0.46414 -0.48103 0.9688 -1.0477 -0.53384 0.1972

HtmlHandler	
Metadata	-0.80056 0.32577 0.42847 -0.64659 0.80782 0.59719 -0.93734 0.040024 0.54169 0.42776 0.61738 -0.30446 -0.38574 -0.70307 0.34964 0.73884 1.229 0.46251 -0.35169 0.21953 -1.2538 -0.60524 0.27795 0.068816 -0.12135 -0.66758 0.2587 0.49901 -0.33753 0.52427 -0.31183 -0.20039 -0.79495 -0.33641 1.1917 -0.25002 0.23731 -0.1856 0.40812 -0.75178 0.11593 -0.58232 -0.048322 0.28771 -0.46537 0.036944 0.17445 0.1241 0.20599 0.14841 0.99737 0.14091 0.50082 0.58631 0.67132 0.60016 0.1506 -0.74714 0.084036 0.33626 0.66255 -0.018434 -0.65783 0.52594 0.40191 -0.39555 0.27354 0.15682 1.5534 -0.90842 -0.96763 0.45939 0.77497 -0.1462 0.28907 -0.42911 0.29828 -0.82249 -0.97415 -0.067923 -0.64333 -0.40731 0.33801 -0.18105 0.083693 0.71483 0.72725 -0.24154 0.0043551 0.79494 -0.23338 0.74302 -0.18595 -0.039967 1.1545 -0.55353 0.42139 -0.34027 0.75107 0.92637
add	-1.2393 0.83369 0.083531 -0.20049 0.044739 0.17239 -0.055417 0.15202 0.44816 0.385 0.24907 0.010275 -0.41144 -0.02907 -0.20599 -0.27131 -0.14218 0.10789 -0.19982 0.27095 -0.2395 -0.25742 -0.0043475 0.071613 -0.094438 0.15071 0.21641 -0.33274 -0.22682 -0.58059 -0.22307 1.0125 -1.0421 -0.61377 -0.89869 0.096692 0.060472 0.081401 -0.13422 0.050974 0.35535 -2.0205 -0.54408 -1.1382 0.29522 0.31953 -0.15341 -0.6718 0.15143 -1.3308 0.28715 -0.0042643 -0.50928 0.84667 -0.40612 -2.1474 -0.031866 -0.09987 1.1884 0.21385 -0.27657 0.75467 -0.029299 -0.10579 1.0634 -0.42882 0.19238 0.080872 0.057819 -0.46434 0.08491 0.021788 -0.31292 0.017906 0.59227 0.5727 -0.61226 -0.23285 0.67923 0.11201 0.49559 -1.2237 -0.073271 0.23322 -0.67678 0.073403 0.45124 0.40009 0.30342 0.63034 -0.33873 0.54733 -0.53039 -1.2227 -0.62285 -0.95528 0.26866 -0.47723 0.57283 0.44464
Open	-0.61034 0.60236 0.61765 0.59614 0.55641 0.2301 -0.20742 0.8231 0.090912 -0.53776 0.17528 0.62751 0.15772 0.20984 -0.39661 0.47713 -0.27221 0.72068 -0.94254 -0.0011616 0.049811 0.44193 0.44902 0.47736 0.91806 -0.074704 0.43354 -1.389 0.40696 -0.15823 -0.51772 0.36528 0.12091 -0.20566 0.78396 -0.096688 -0.36237 0.02203 -0.44326 0.21395 0.046645 -1.1911 0.27869 0.042393 0.163 -0.2473 -0.18931 0.31419 0.37372 -0.83508 -0.54857 -0.38864 -0.031954 0.22341 -0.38107 -2.7609 0.28743 0.14508 2.3684 0.4966 -0.60259 0.42523 -0.16205 0.19028 0.38663 -0.39419 0.12353 0.37308 0.01648 -0.45128 -0.19476 -0.062371 0.31139 -0.83917 -0.62146 -0.17515 0.64186 0.19808 -0.44694 -0.24301 1.0159 -0.49681 -0.29576 0.94691 -0.80177 -0.0070947 0.041663 0.72282 0.026254 0.62928 0.073193 0.25655 0.16951 0.66374 -0.18381 0.66264 0.15201 -0.13958 0.72138 0.52252
Graph	-0.20464 1.2259 0.018335 0.89002 0.67111 0.28728 -0.88209 -0.094567 -0.9238 0.28271 1.2898 0.37912 0.91858 -0.016743 0.70512 2.3593 -0.52391 0.051613 1.0008 -1.0741 0.033889 -0.67589 0.36227 0.53231 0.95812 -0.59137 1.3319 -0.055904 -0.33534 -0.20008 -0.58159 0.47791 0.3325 0.026759 0.501 0.91427 1.0336 0.41766 0.33733 -0.73216 0.63299 0.059074 -0.73476 -0.1345 -0.47702 1.0303 -0.075383 -0.42906 -0.079863 0.57329 0.16201 -0.27637 -0.12437 1.0399 -0.625 -0.1571 0.24535 -0.034045 1.1462 0.22303 -0.56999 -0.61105 -0.56784 -0.01398 1.3536 0.66257 0.49257 -0.33963 0.0051712 0.6034 -1.4063 0.51502 -0.90114 -0.12293 0.66355 -0.34921 0.73171 -0.85569 -0.58513 -0.063811 -1.4685 0.42178 -1.0221 -0.76308 -0.12924 0.076499 -0.12176 -0.48849 0.27752 -0.57199 -0.77402 0.32643 -0.28876 0.22039 0.46414 -0.48103 0.9688 -1.0477 -0.53384 0.1972
properties	0.57325 -0.42473 -0.36135 0.55112 0.31912 -0.39983 -0.27588 -0.030908 -0.10385 0.58333 0.29823 -0.65859 0.23095 -0.57836 0.25364 -0.24745 0.024782 0.73843 0.42821 0.48673 0.32761 -0.070357 -0.021172 -0.21988 -0.57447 -0.74978 0.97494 -0.0046146 -1.1755 -0.31803 1.0751 0.49074 -0.67376 0.39728 0.093188 0.14031 0.76667 0.27304 -0.56907 -0.53946 0.1297 -1.1299 -0.24414 -0.74684 0.041192 0.76831 -0.31037 0.64723 0.026134 -0.4909 -0.012229 -0.092567 0.95516 0.49975 0.77177 -1.0154 -0.26158 -0.53237 1.5557 0.45887 -0.58047 0.80314 0.033505 -0.038861 0.78918 0.42367 0.90033 0.081496 0.68314 -0.76091 -1.0001 0.15785 0.31103 -0.11201 -0.046106 -1.0166 0.40837 -0.030531 -0.82454 0.62347 0.25692 0.1012 -0.58559 0.42969 -0.17582 0.63031 0.4427 -0.6013 0.31171 -0.19659 -0.93795 -0.502 0.69092 0.069074 -0.95665 0.28941 -0.010226 -0.94305 0.54983 -0.04999
HtmlHandler	
addHtmlMetadata	
method	-0.41796 0.53241 -0.33693 0.69262 0.068686 -0.087566 0.27663 -0.071203 -0.3353 0.33365 -0.52407 -0.53341 0.04046 -0.16659 0.45481 -0.34785 0.24926 0.022734 0.4212 0.0062452 -0.13359 -0.51309 0.21382 -0.24943 -0.36553 -0.01069 0.25961 -0.2909 -0.7678 0.037387 -0.46895 0.89278 -0.53101 -0.38841 0.35913 -0.4793 -0.33601 -0.20371 0.39182 -0.95175 -0.62779 0.17753 -0.035282 -0.12463 -0.84179 -0.34632 -0.19631 -0.84428 -0.54253 -0.19322 0.25287 -0.01299 -0.0014 1.4574 -0.76291 -1.5731 -0.23982 0.22269 0.87785 -0.034078 -0.036702 -0.31008 0.80324 0.61032 1.3546 -0.14522 -0.19501 -0.68654 -0.096186 -0.50487 -1.0144 0.37278 0.63403 0.66473 0.33144 -0.62283 -0.11496 -0.60323 -0.46632 -0.17908 0.23923 0.25257 -1.1826 -0.60126 -1.8759 0.92491 0.87735 -0.62709 -0.26522 -0.10025 -0.58459 0.12821 0.3471 0.52632 0.74769 -0.33396 -0.36954 -0.75431 0.34056 0.28563
Metadata	-0.80056 0.32577 0.42847 -0.64659 0.80782 0.59719 -0.93734 0.040024 0.54169 0.42776 0.61738 -0.30446 -0.38574 -0.70307 0.34964 0.73884 1.229 0.46251 -0.35169 0.21953 -1.2538 -0.60524 0.27795 0.068816 -0.12135 -0.66758 0.2587 0.49901 -0.33753 0.52427 -0.31183 -0.20039 -0.79495 -0.33641 1.1917 -0.25002 0.23731 -0.1856 0.40812 -0.75178 0.11593 -0.58232 -0.048322 0.28771 -0.46537 0.036944 0.17445 0.1241 0.20599 0.14841 0.99737 0.14091 0.50082 0.58631 0.67132 0.60016 0.1506 -0.74714 0.084036 0.33626 0.66255 -0.018434 -0.65783 0.52594 0.40191 -0.39555 0.27354 0.15682 1.5534 -0.90842 -0.96763 0.45939 0.77497 -0.1462 0.28907 -0.42911 0.29828 -0.82249 -0.97415 -0.067923 -0.64333 -0.40731 0.33801 -0.18105 0.083693 0.71483 0.72725 -0.24154 0.0043551 0.79494 -0.23338 0.74302 -0.18595 -0.039967 1.1545 -0.55353 0.42139 -0.34027 0.75107 0.92637
set	-0.026979 0.0054342 0.22934 0.1992 0.53153 0.46441 -0.16962 0.79351 -0.49407 0.27806 0.40256 0.028784 -0.21689 0.26313 -0.013339 0.24328 0.37118 0.83444 -0.78186 -0.49739 0.69664 -0.51034 0.89815 0.16294 0.81555 -0.64644 -0.1909 -0.24281 -0.27935 -0.30685 -0.60586 0.16049 -0.058313 0.11473 0.16565 -0.14386 -0.066771 -0.041341 -0.17164 -0.40261 -0.21321 -0.44287 0.2134 -0.088432 0.16284 -0.38352 -0.42738 -0.18242 0.16961 -0.70388 -0.13625 -0.28808 0.17642 1.4061 0.11511 -2.6623 -0.10834 0.32273 1.7832 1.0727 -0.11656 0.31391 -0.31614 0.2553 0.83315 -0.083177 -0.22755 0.76016 -0.071007 -0.64414 0.021925 -0.040112 -0.29247 -0.19531 -0.069206 -0.12067 -0.18983 -0.29643 -0.4019 -0.015466 0.87412 -0.047512 -0.72765 0.061269 -1.2187 0.24303 0.16417 0.075568 -0.15996 0.049251 -0.13424 0.27638 -0.35704 -0.22446 -0.57734 -0.048605 0.024131 -0.50613 0.29535 0.10395
Html	-0.69055 0.76062 0.30261 -0.89325 0.45756 1.1112 -0.2828 0.061267 1.1461 0.076935 1.4993 -0.81566 -0.84225 -0.54856 0.41384 0.77006 0.88674 -0.53257 0.23412 0.80166 -0.83844 -0.53489 0.40934 0.62696 0.78404 -1.7436 0.83558 0.15779 -0.7663 -0.66425 0.2104 0.59282 -0.6916 -0.47104 0.65872 0.63672 0.082289 -0.29946 0.70822 -0.080571 -0.26856 -0.012822 -0.55868 0.036258 -0.85925 0.39271 -0.22511 0.084806 -0.056145 -0.62872 0.70655 0.9546 -0.35824 0.27964 -0.35663 0.22085 0.25736 -0.13916 0.65384 -0.17086 0.17619 -0.09766 -1.0492 -0.52496 0.5636 -0.31323 0.61229 0.11989 0.059623 -0.28132 0.10637 0.1602 0.73538 -0.553 -0.18022 0.076009 -0.15832 0.0069204 -0.23618 0.17294 -0.44648 -0.69148 -0.45661 -0.49855 0.24966 1.3736 0.743 -0.095663 -0.27307 -0.14822 -0.24585 0.79804 0.30284 0.72332 0.58997 -0.76908 -0.37328 -1.2863 0.28349 0.12886
Handler	0.32712 -0.1224 0.17767 -1.3587 -0.20423 0.013862 0.16648 -0.27167 -0.42433 -0.096142 -0.058021 -0.4283 0.26457 0.49384 -0.51954 0.37882 0.70802 -0.40236 -0.29565 0.040878 -0.014315 -0.095112 -0.10218 -0.6334 0.62107 0.31243 -0.37667 -0.35984 0.22544 0.22122 -0.25493 0.2817 0.33065 0.38597 0.19043 0.5757 -0.45997 0.37475 0.47832 -0.16423 0.72817 -0.18069 0.314 0.046539 0.38114 0.88979 -0.33438 -0.79534 0.45871 0.48486 0.82896 0.041951 0.082056 1.5089 -0.11474 0.52497 -0.46256 0.23946 0.076781 0.17699 0.67095 0.062168 0.40265 0.071625 0.095705 0.0042319 -0.025755 0.27483 0.31566 0.51436 -1.0453 -0.10188 0.17123 -0.2939 0.29633 -0.37447 0.088771 -0.36428 -0.46768 0.48378 -0.14613 -0.066246 -0.46692 0.11086 -0.53924 -0.14136 0.42788 0.42741 -0.33647 -0.68185 0.13573 0.65231 0.51775 -0.020825 0.95967 0.33321 0.29755 -0.29237 -0.44627 0.11662
Html	-0.69055 0.76062 0.30261 -0.89325 0.45756 1.1112 -0.2828 0.061267 1.1461 0.076935 1.4993 -0.81566 -0.84225 -0.54856 0.41384 0.77006 0.88674 -0.53257 0.23412 0.80166 -0.83844 -0.53489 0.40934 0.62696 0.78404 -1.7436 0.83558 0.15779 -0.7663 -0.66425 0.2104 0.59282 -0.6916 -0.47104 0.65872 0.63672 0.082289 -0.29946 0.70822 -0.080571 -0.26856 -0.012822 -0.55868 0.036258 -0.85925 0.39271 -0.22511 0.084806 -0.056145 -0.62872 0.70655 0.9546 -0.35824 0.27964 -0.35663 0.22085 0.25736 -0.13916 0.65384 -0.17086 0.17619 -0.09766 -1.0492 -0.52496 0.5636 -0.31323 0.61229 0.11989 0.059623 -0.28132 0.10637 0.1602 0.73538 -0.553 -0.18022 0.076009 -0.15832 0.0069204 -0.23618 0.17294 -0.44648 -0.69148 -0.45661 -0.49855 0.24966 1.3736 0.743 -0.095663 -0.27307 -0.14822 -0.24585 0.79804 0.30284 0.72332 0.58997 -0.76908 -0.37328 -1.2863 0.28349 0.12886
Handler	0.32712 -0.1224 0.17767 -1.3587 -0.20423 0.013862 0.16648 -0.27167 -0.42433 -0.096142 -0.058021 -0.4283 0.26457 0.49384 -0.51954 0.37882 0.70802 -0.40236 -0.29565 0.040878 -0.014315 -0.095112 -0.10218 -0.6334 0.62107 0.31243 -0.37667 -0.35984 0.22544 0.22122 -0.25493 0.2817 0.33065 0.38597 0.19043 0.5757 -0.45997 0.37475 0.47832 -0.16423 0.72817 -0.18069 0.314 0.046539 0.38114 0.88979 -0.33438 -0.79534 0.45871 0.48486 0.82896 0.041951 0.082056 1.5089 -0.11474 0.52497 -0.46256 0.23946 0.076781 0.17699 0.67095 0.062168 0.40265 0.071625 0.095705 0.0042319 -0.025755 0.27483 0.31566 0.51436 -1.0453 -0.10188 0.17123 -0.2939 0.29633 -0.37447 0.088771 -0.36428 -0.46768 0.48378 -0.14613 -0.066246 -0.46692 0.11086 -0.53924 -0.14136 0.42788 0.42741 -0.33647 -0.68185 0.13573 0.65231 0.51775 -0.020825 0.95967 0.33321 0.29755 -0.29237 -0.44627 0.11662
add	-1.2393 0.83369 0.083531 -0.20049 0.044739 0.17239 -0.055417 0.15202 0.44816 0.385 0.24907 0.010275 -0.41144 -0.02907 -0.20599 -0.27131 -0.14218 0.10789 -0.19982 0.27095 -0.2395 -0.25742 -0.0043475 0.071613 -0.094438 0.15071 0.21641 -0.33274 -0.22682 -0.58059 -0.22307 1.0125 -1.0421 -0.61377 -0.89869 0.096692 0.060472 0.081401 -0.13422 0.050974 0.35535 -2.0205 -0.54408 -1.1382 0.29522 0.31953 -0.15341 -0.6718 0.15143 -1.3308 0.28715 -0.0042643 -0.50928 0.84667 -0.40612 -2.1474 -0.031866 -0.09987 1.1884 0.21385 -0.27657 0.75467 -0.029299 -0.10579 1.0634 -0.42882 0.19238 0.080872 0.057819 -0.46434 0.08491 0.021788 -0.31292 0.017906 0.59227 0.5727 -0.61226 -0.23285 0.67923 0.11201 0.49559 -1.2237 -0.073271 0.23322 -0.67678 0.073403 0.45124 0.40009 0.30342 0.63034 -0.33873 0.54733 -0.53039 -1.2227 -0.62285 -0.95528 0.26866 -0.47723 0.57283 0.44464
Html	-0.69055 0.76062 0.30261 -0.89325 0.45756 1.1112 -0.2828 0.061267 1.1461 0.076935 1.4993 -0.81566 -0.84225 -0.54856 0.41384 0.77006 0.88674 -0.53257 0.23412 0.80166 -0.83844 -0.53489 0.40934 0.62696 0.78404 -1.7436 0.83558 0.15779 -0.7663 -0.66425 0.2104 0.59282 -0.6916 -0.47104 0.65872 0.63672 0.082289 -0.29946 0.70822 -0.080571 -0.26856 -0.012822 -0.55868 0.036258 -0.85925 0.39271 -0.22511 0.084806 -0.056145 -0.62872 0.70655 0.9546 -0.35824 0.27964 -0.35663 0.22085 0.25736 -0.13916 0.65384 -0.17086 0.17619 -0.09766 -1.0492 -0.52496 0.5636 -0.31323 0.61229 0.11989 0.059623 -0.28132 0.10637 0.1602 0.73538 -0.553 -0.18022 0.076009 -0.15832 0.0069204 -0.23618 0.17294 -0.44648 -0.69148 -0.45661 -0.49855 0.24966 1.3736 0.743 -0.095663 -0.27307 -0.14822 -0.24585 0.79804 0.30284 0.72332 0.58997 -0.76908 -0.37328 -1.2863 0.28349 0.12886
Metadata	-0.80056 0.32577 0.42847 -0.64659 0.80782 0.59719 -0.93734 0.040024 0.54169 0.42776 0.61738 -0.30446 -0.38574 -0.70307 0.34964 0.73884 1.229 0.46251 -0.35169 0.21953 -1.2538 -0.60524 0.27795 0.068816 -0.12135 -0.66758 0.2587 0.49901 -0.33753 0.52427 -0.31183 -0.20039 -0.79495 -0.33641 1.1917 -0.25002 0.23731 -0.1856 0.40812 -0.75178 0.11593 -0.58232 -0.048322 0.28771 -0.46537 0.036944 0.17445 0.1241 0.20599 0.14841 0.99737 0.14091 0.50082 0.58631 0.67132 0.60016 0.1506 -0.74714 0.084036 0.33626 0.66255 -0.018434 -0.65783 0.52594 0.40191 -0.39555 0.27354 0.15682 1.5534 -0.90842 -0.96763 0.45939 0.77497 -0.1462 0.28907 -0.42911 0.29828 -0.82249 -0.97415 -0.067923 -0.64333 -0.40731 0.33801 -0.18105 0.083693 0.71483 0.72725 -0.24154 0.0043551 0.79494 -0.23338 0.74302 -0.18595 -0.039967 1.1545 -0.55353 0.42139 -0.34027 0.75107 0.92637

properties	0.57325 -0.42473 -0.36135 0.55112 0.31912 -0.39983 -0.27588 -0.030908 -0.10385 0.58333 0.29823 -0.65859 0.23095 -0.57836 0.25364 -0.24745 0.024782 0.73843 0.42821 0.48673 0.32761 -0.070357 -0.021172 -0.21988 -0.57447 -0.74978 0.97494 -0.0046146 -1.1755 -0.31803 1.0751 0.49074 -0.67376 0.39728 0.093188 0.14031 0.76667 0.27304 -0.56907 -0.53946 0.1297 -1.1299 -0.24414 -0.74684 0.041192 0.76831 -0.31037 0.64723 0.026134 -0.4909 -0.012229 -0.092567 0.95516 0.49975 0.77177 -1.0154 -0.26158 -0.53237 1.5557 0.45887 -0.58047 0.80314 0.033505 -0.038861 0.78918 0.42367 0.90033 0.081496 0.68314 -0.76091 -1.0001 0.15785 0.31103 -0.11201 -0.046106 -1.0166 0.40837 -0.030531 -0.82454 0.62347 0.25692 0.1012 -0.58559 0.42969 -0.17582 0.63031 0.4427 -0.6013 0.31171 -0.19659 -0.93795 -0.502 0.69092 0.069074 -0.95665 0.28941 -0.010226 -0.94305 0.54983 -0.04999
multivalued	-0.54308 -0.3622 -0.70897 0.18499 -0.092671 0.47899 -0.26977 0.46572 0.33891 -0.23111 -0.59027 0.20416 0.062191 0.16078 -0.23465 0.32936 0.047959 0.33767 0.61151 0.12259 -0.41285 -0.4087 -0.4092 -0.24348 -0.37915 0.16342 0.060166 0.21731 0.18035 -0.14286 0.091575 -0.46399 -0.011347 -0.17489 0.10254 -0.0091063 -0.36998 -0.086591 0.25029 -0.051398 0.49341 0.22302 0.2424 0.089295 0.42158 0.08609 0.082111 0.79253 -0.58877 0.22786 0.060256 -0.056903 -0.2687 -0.26423 0.51338 0.71023 0.13725 -0.12379 -0.20405 -0.1868 0.17866 -0.4745 -0.12133 -0.55896 0.071684 0.49461 -0.60127 -0.091949 0.28286 -0.07007 -0.23773 0.1299 0.55435 0.40339 -0.072197 -0.21219 0.046 -0.28077 0.28509 0.0048445 -0.94518 0.065066 0.34825 0.44885 0.19807 0.21705 0.19833 -0.24761 -0.24287 -0.19784 -0.36121 0.42225 0.40543 -0.14246 0.69574 -0.39105 0.62184 -0.38248 -0.27932 0.091477

Metadata	-0.80056 0.32577 0.42847 -0.64659 0.80782 0.59719 -0.93734 0.040024 0.54169 0.42776 0.61738 -0.30446 -0.38574 -0.70307 0.34964 0.73884 1.229 0.46251 -0.35169 0.21953 -1.2538 -0.60524 0.27795 0.068816 -0.12135 -0.66758 0.2587 0.49901 -0.33753 0.52427 -0.31183 -0.20039 -0.79495 -0.33641 1.1917 -0.25002 0.23731 -0.1856 0.40812 -0.75178 0.11593 -0.58232 -0.048322 0.28771 -0.46537 0.036944 0.17445 0.1241 0.20599 0.14841 0.99737 0.14091 0.50082 0.58631 0.67132 0.60016 0.1506 -0.74714 0.084036 0.33626 0.66255 -0.018434 -0.65783 0.52594 0.40191 -0.39555 0.27354 0.15682 1.5534 -0.90842 -0.96763 0.45939 0.77497 -0.1462 0.28907 -0.42911 0.29828 -0.82249 -0.97415 -0.067923 -0.64333 -0.40731 0.33801 -0.18105 0.083693 0.71483 0.72725 -0.24154 0.0043551 0.79494 -0.23338 0.74302 -0.18595 -0.039967 1.1545 -0.55353 0.42139 -0.34027 0.75107 0.92637
set	-0.026979 0.0054342 0.22934 0.1992 0.53153 0.46441 -0.16962 0.79351 -0.49407 0.27806 0.40256 0.028784 -0.21689 0.26313 -0.013339 0.24328 0.37118 0.83444 -0.78186 -0.49739 0.69664 -0.51034 0.89815 0.16294 0.81555 -0.64644 -0.1909 -0.24281 -0.27935 -0.30685 -0.60586 0.16049 -0.058313 0.11473 0.16565 -0.14386 -0.066771 -0.041341 -0.17164 -0.40261 -0.21321 -0.44287 0.2134 -0.088432 0.16284 -0.38352 -0.42738 -0.18242 0.16961 -0.70388 -0.13625 -0.28808 0.17642 1.4061 0.11511 -2.6623 -0.10834 0.32273 1.7832 1.0727 -0.11656 0.31391 -0.31614 0.2553 0.83315 -0.083177 -0.22755 0.76016 -0.071007 -0.64414 0.021925 -0.040112 -0.29247 -0.19531 -0.069206 -0.12067 -0.18983 -0.29643 -0.4019 -0.015466 0.87412 -0.047512 -0.72765 0.061269 -1.2187 0.24303 0.16417 0.075568 -0.15996 0.049251 -0.13424 0.27638 -0.35704 -0.22446 -0.57734 -0.048605 0.024131 -0.50613 0.29535 0.10395
method	-0.41796 0.53241 -0.33693 0.69262 0.068686 -0.087566 0.27663 -0.071203 -0.3353 0.33365 -0.52407 -0.53341 0.04046 -0.16659 0.45481 -0.34785 0.24926 0.022734 0.4212 0.0062452 -0.13359 -0.51309 0.21382 -0.24943 -0.36553 -0.01069 0.25961 -0.2909 -0.7678 0.037387 -0.46895 0.89278 -0.53101 -0.38841 0.35913 -0.4793 -0.33601 -0.20371 0.39182 -0.95175 -0.62779 0.17753 -0.035282 -0.12463 -0.84179 -0.34632 -0.19631 -0.84428 -0.54253 -0.19322 0.25287 -0.01299 -0.0014 1.4574 -0.76291 -1.5731 -0.23982 0.22269 0.87785 -0.034078 -0.036702 -0.31008 0.80324 0.61032 1.3546 -0.14522 -0.19501 -0.68654 -0.096186 -0.50487 -1.0144 0.37278 0.63403 0.66473 0.33144 -0.62283 -0.11496 -0.60323 -0.46632 -0.17908 0.23923 0.25257 -1.1826 -0.60126 -1.8759 0.92491 0.87735 -0.62709 -0.26522 -0.10025 -0.58459 0.12821 0.3471 0.52632 0.74769 -0.33396 -0.36954 -0.75431 0.34056 0.28563
overwrites	-0.54089 0.33362 0.37829 0.30061 0.045339 0.053124 -0.079671 0.19232 0.43946 -0.056026 0.31322 0.2304 0.0685 -0.1968 0.35802 0.514 -0.19728 -0.038574 0.38172 0.1286 -0.36631 0.015742 -0.11147 -0.21002 -0.054163 -0.55122 -0.23974 0.22554 -0.20669 0.29779 0.37042 0.24385 -0.59241 0.2391 0.25328 -0.38189 -0.099337 -0.72947 -0.12669 0.10466 0.36602 0.13515 0.27079 0.56794 -0.30577 0.13574 -0.0039105 -0.083659 0.31868 0.16234 0.29376 0.16525 -0.078435 -0.39913 0.43423 0.73321 -0.0065022 -0.084469 0.13029 0.012542 -0.15905 -0.027401 0.72796 -0.11145 -0.50409 0.23542 -0.39775 -0.1394 -0.19785 0.087871 0.29715 0.63846 0.42786 0.15829 0.52046 0.24906 -0.0063125 -0.092264 0.43398 0.3758 -0.28708 0.0078969 -0.23792 0.037928 0.42656 0.045116 0.52656 -0.17111 -0.069928 0.76858 -0.0425 0.19919 -0.38112 -0.13238 0.52546 -0.27732 0.010293 0.50468 -0.54199 0.59237
previous	0.12222 0.1316 0.2707 -0.014878 0.0063298 -0.26197 0.15292 0.30233 -0.73786 0.35914 0.47424 -0.092843 0.37928 0.11823 0.13006 0.26082 -0.63531 -0.029491 0.042338 0.49813 0.69365 -0.71088 -0.017875 1.0607 0.32146 -0.91294 0.16337 -0.68041 0.18229 -0.012904 0.57327 0.091141 -0.35732 -0.020937 -0.12671 0.55503 -0.27461 -0.37302 -0.54849 -0.10188 -0.49138 -0.24946 0.67557 0.52918 0.35125 0.052393 0.09326 -0.87826 -0.040113 -1.1505 0.52894 -0.17862 0.62093 0.82971 0.31914 -2.2113 0.0098559 0.084845 1.2948 0.7431 -0.33127 0.13042 -0.20989 0.38446 0.36663 -0.20154 -0.16576 0.0019284 0.31778 -0.10272 -0.32951 0.62738 -0.32587 -0.099143 -0.26119 -0.038809 -0.51886 -0.23418 -1.148 -0.031124 0.34829 0.54708 0.19598 0.24758 -1.5822 0.15665 -0.34649 -0.20655 0.19517 0.21029 -0.097379 0.52124 -0.50607 0.26044 -0.72792 -0.088249 -0.79601 0.35692 0.64782 -0.47792
entries	0.048336 0.27785 0.40567 -0.28233 0.72638 0.47559 0.22992 0.48335 -0.16525 0.02817 0.35508 0.19961 0.1633 -0.40606 -0.38498 0.80064 0.36823 0.35064 0.20084 0.29345 0.20097 -0.01591 0.24059 0.12368 0.22158 -1.4196 0.62581 0.30667 0.39054 -0.75962 0.0048677 -0.24116 -0.19836 -0.36897 0.67439 0.32876 -0.1021 -0.27946 -1.0375 0.12136 -0.12725 -0.34269 -0.29023 -0.035328 -0.11322 0.023598 -0.49488 -1.0166 0.0083676 0.11322 0.58128 -0.28994 0.025529 0.34161 -0.17602 -0.20229 -0.088761 -0.033801 1.0491 0.018899 -0.57951 0.89259 -0.02838 0.5125 1.1658 -0.27873 0.17759 0.52882 0.56294 -0.44285 -0.45333 0.68426 0.003325 0.069102 -0.30197 0.65705 0.26367 -0.22892 -0.61074 -0.84443 0.034948 -0.51499 -0.27822 -0.29953 -0.80683 -0.45438 -0.13803 -0.98937 0.20813 0.21827 -0.946 1.0401 0.12772 -0.036068 0.24832 -0.051825 -0.62134 0.074155 0.19774 0.33874
doesn	-0.075346 0.50042 0.45245 0.048517 -0.99522 -0.8406 -0.10024 -0.12412 -0.126 0.2924 -0.49251 0.48568 -0.06843 -0.2977 -0.69803 0.4889 -0.69276 0.38626 0.42431 0.38636 0.086708 0.25188 0.31386 -0.096433 -0.10208 0.92521 -0.40983 -0.3771 0.068063 -1.2892 0.46452 0.90315 -0.31432 -0.050751 -0.42146 0.31079 -0.34049 -0.11195 0.26621 0.55499 0.63064 0.00165 0.10294 -0.35382 -0.71996 -0.21499 -0.35604 0.74262 0.61708 -0.059028 0.022778 0.35284 -0.090742 0.043318 -0.98507 0.45995 -0.083842 -0.15069 -0.33498 -0.23196 -0.37532 -0.21648 -0.38948 -1.2032 0.13256 0.96576 0.47387 -0.27188 -0.88489 0.12617 0.59053 -0.11304 -0.6367 -0.2842 0.3245 -0.56001 0.38458 0.32444 0.28271 -0.40025 0.1637 -1.0688 -0.10139 -0.91038 -0.65492 0.094751 -0.15581 -0.17004 0.097478 0.83581 -0.36558 0.045711 -0.022095 -0.35157 0.90728 -0.16028 0.65119 -0.19781 -0.68103 0.55058
Metadata	-0.80056 0.32577 0.42847 -0.64659 0.80782 0.59719 -0.93734 0.040024 0.54169 0.42776 0.61738 -0.30446 -0.38574 -0.70307 0.34964 0.73884 1.229 0.46251 -0.35169 0.21953 -1.2538 -0.60524 0.27795 0.068816 -0.12135 -0.66758 0.2587 0.49901 -0.33753 0.52427 -0.31183 -0.20039 -0.79495 -0.33641 1.1917 -0.25002 0.23731 -0.1856 0.40812 -0.75178 0.11593 -0.58232 -0.048322 0.28771 -0.46537 0.036944 0.17445 0.1241 0.20599 0.14841 0.99737 0.14091 0.50082 0.58631 0.67132 0.60016 0.1506 -0.74714 0.084036 0.33626 0.66255 -0.018434 -0.65783 0.52594 0.40191 -0.39555 0.27354 0.15682 1.5534 -0.90842 -0.96763 0.45939 0.77497 -0.1462 0.28907 -0.42911 0.29828 -0.82249 -0.97415 -0.067923 -0.64333 -0.40731 0.33801 -0.18105 0.083693 0.71483 0.72725 -0.24154 0.0043551 0.79494 -0.23338 0.74302 -0.18595 -0.039967 1.1545 -0.55353 0.42139 -0.34027 0.75107 0.92637
appendedValues	
appended	-0.6711 -0.16917 0.39945 -0.044669 0.26006 0.65006 -0.25627 -0.071249 0.38163 -0.019418 -0.031417 0.40421 0.20144 -0.064229 0.17891 0.18473 0.62485 0.12196 0.13469 -0.66002 -0.22705 -0.25859 -0.62074 0.47666 0.331 -0.35551 -0.00066821 0.18565 0.2422 -0.13983 0.14622 -0.28718 -0.49925 0.14608 -0.12287 0.61774 0.25929 -0.44037 -0.3203 0.0076687 0.56467 0.50488 0.11812 -0.15938 -0.091604 0.20155 0.023581 0.27392 -0.37903 -0.17096 0.59886 0.05365 0.7036 -0.04028 -0.59676 0.15933 0.052753 -0.57414 -0.54496 0.073437 -0.21628 0.17068 -0.1394 -0.11326 0.11386 -0.66375 -0.047576 0.36705 -0.0031372 -0.7482 -0.50213 0.27934 0.18325 -0.46404 0.20094 0.16631 -0.33093 0.12881 -0.46149 -0.63879 -1.0527 -0.48533 -0.14479 -0.55139 -0.2805 -0.17098 0.65482 -0.92131 0.01551 0.23717 -0.84246 0.39193 -0.47061 -0.18199 0.36173 -0.46806 -0.26429 -0.16339 -0.1112 -0.096794
Values	0.014585 0.91762 0.26273 0.34912 -0.26841 0.32944 -0.76461 -0.94639 -0.75081 0.87473 -0.52974 -0.33767 0.34254 -0.20611 -0.48535 -0.50174 -0.2223 0.62947 -0.69472 0.47309 0.41506 -0.6126 0.27865 0.046697 -0.16659 -0.23636 0.15343 -0.30687 -0.472 -0.28999 0.78575 1.0897 -0.27674 0.36699 0.51239 -0.061076 0.4428 0.33363 -0.55937 -0.75493 0.045666 -1.1303 -0.02107 0.10783 -0.77744 -0.16789 -0.13516 0.25446 -0.6657 -0.72037 0.56203 0.11706 -0.00088326 1.1447 0.27697 -1.2771 0.87334 -0.05776 1.6606 0.34255 0.34928 -0.093171 -0.55971 -0.62597 0.52358 0.51099 -0.17215 -0.37916 0.87282 -0.63932 -0.20323 0.34034 0.37061 0.017415 0.22043 -0.43039 0.041417 -0.42196 -1.0385 -0.16131 -0.72722 0.40828 -0.33838 -0.19874 -0.38775 -0.0012478 -0.75843 -0.46997 -0.10185 -0.70257 -1.0015 0.13873 -0.0622 0.16205 -0.75922 -0.43936 0.0035452 -1.1743 0.089949 1.0224

