Bug	-0.42404 -0.11038 0.94873 -0.71327 -0.19712 0.077077 0.96163 -0.35674 0.8292 -0.3676 0.15004 0.62746 0.091752 0.11142 -0.015791 0.84124 0.24467 0.023366 0.54286 -0.068057 -0.87995 -0.59202 0.18641 0.50787 0.55458 0.48448 -0.42383 0.22249 -0.8823 -0.041186 -0.049256 0.31483 0.25182 0.10876 0.45824 -0.12085 -0.96037 -0.69492 0.93473 -0.31937 -0.31673 0.24099 -0.3822 -0.72243 0.18017 0.62991 0.0030923 -0.36699 -0.21576 -0.1654 -0.55928 0.11278 -0.62944 0.56955 -0.59166 -0.92922 0.044769 0.32981 0.697 -0.13983 0.40377 1.7035 -0.68531 0.49846 0.29719 0.27865 -0.18668 -0.93605 0.66117 0.01478 -0.30582 -0.4491 -0.44983 -0.39544 -0.37577 -0.18869 0.06883 -0.04811 -0.33131 1.0204 0.32457 -0.88047 0.018825 -0.303 -0.88685 0.35682 -0.3993 -0.10512 -0.86557 0.37554 0.48771 -0.28133 0.12722 -0.56959 0.33936 0.40162 0.1109 -0.20506 0.18093 -0.23185
PDEModelUtility	
cache	-0.076288 0.4271 0.25525 -0.24956 0.57676 0.1682 0.56589 0.54978 0.8121 0.80283 0.3769 1.2081 -0.22895 0.42539 -0.13178 1.1492 0.56911 -0.25387 -0.78554 0.52222 -0.25203 -0.68782 -0.67579 -0.15416 -0.48973 -0.22953 0.054439 0.58449 -0.059886 -0.1247 0.49345 -0.69374 -0.37607 -0.28854 0.84441 -1.0593 0.26524 -0.10359 1.0263 -0.049876 0.34199 -0.57569 0.25243 -0.042364 0.17786 0.18159 0.49359 0.059815 -0.13199 0.65211 0.3027 0.56511 0.34991 0.019542 0.28819 -0.67536 -0.52767 -0.79227 0.9158 -0.41386 0.020743 0.55426 0.16801 0.63961 -0.2033 -0.43397 0.53744 -0.81123 0.29408 0.54618 0.37804 -0.075302 1.1144 -0.11593 -0.32286 0.35612 -0.31713 0.23226 -0.66937 0.63927 0.8336 -0.086385 -0.84177 -0.48982 -0.37116 0.097113 1.2268 -0.61891 -0.38727 0.79397 -0.47305 1.1109 0.24534 0.95658 -0.43465 -0.55682 0.18788 -0.87165 0.91103 0.047733
correctly	-0.53502 0.095757 0.33658 0.40876 -0.38716 0.24138 -0.0089747 -0.33031 0.33515 0.067747 0.056111 0.5802 0.31186 -0.27361 0.095428 -0.47785 0.21644 0.90932 -0.54405 -0.68443 -0.076511 -0.37036 -0.20985 -0.54347 -0.32445 -0.84136 -0.54702 -0.020935 0.0066947 -0.10563 0.24692 0.74947 -0.027213 0.096215 0.70622 0.21556 -0.69759 -0.02886 -0.12844 -0.61485 -0.237 0.13973 -0.35997 -0.2348 -0.98919 -0.16286 0.28151 -0.77868 -1.0049 -0.88122 0.39939 -0.17058 0.91496 0.7732 -0.44569 -0.44593 0.013523 0.33091 0.090373 0.32633 -0.22377 0.58147 -0.31791 -0.10657 0.029142 -0.092223 -0.25217 0.14442 -0.40358 0.49555 -0.47809 0.9003 0.6239 0.017696 0.74738 -0.17361 -0.78122 -0.38788 -0.21246 -0.37883 0.18637 -0.40299 -1.6988 -0.094481 -1.1622 -0.56797 0.53587 -0.19901 -0.43529 0.0051463 -0.63295 0.45277 -0.081267 -0.56808 0.19994 0.26272 0.046422 -0.23065 0.032426 -0.22379
PDEModel	
Utility	0.061276 0.19747 0.6411 0.011231 -0.29602 -0.72016 0.017617 0.62546 0.063524 -0.096223 -0.029772 -0.082038 -0.68452 -0.47553 -0.47365 -0.79203 0.64063 0.82647 0.63731 0.37993 0.18311 -0.14812 0.049323 0.46854 0.33577 -0.67185 -0.77497 0.0082468 -0.76149 0.30796 0.64296 0.10328 -0.8872 -0.53583 0.34866 0.207 0.11927 -0.23698 0.64472 0.21794 1.1331 -0.74953 -0.092594 -0.33205 -0.55983 0.41834 -0.19274 0.18604 0.0089298 -0.23055 -0.14168 0.70859 -0.78094 0.69359 0.38109 -0.74009 -0.32653 0.41012 2.0796 0.71072 0.36925 -0.84156 0.017209 0.58801 1.0658 0.11304 0.18664 -0.42016 0.79173 0.59774 0.35624 -0.072884 0.19562 -0.71173 0.30907 -0.10195 1.2563 -0.12362 -0.52304 -0.12931 0.53094 -0.067997 -0.20551 -0.21302 -0.18104 -0.36993 0.10686 -0.10113 -0.35189 -0.92614 0.23197 -0.62903 -0.48728 -0.10449 -0.47989 0.56408 -0.1963 0.029028 0.92122 -0.26053

PDEModelUtility	
cache	-0.076288 0.4271 0.25525 -0.24956 0.57676 0.1682 0.56589 0.54978 0.8121 0.80283 0.3769 1.2081 -0.22895 0.42539 -0.13178 1.1492 0.56911 -0.25387 -0.78554 0.52222 -0.25203 -0.68782 -0.67579 -0.15416 -0.48973 -0.22953 0.054439 0.58449 -0.059886 -0.1247 0.49345 -0.69374 -0.37607 -0.28854 0.84441 -1.0593 0.26524 -0.10359 1.0263 -0.049876 0.34199 -0.57569 0.25243 -0.042364 0.17786 0.18159 0.49359 0.059815 -0.13199 0.65211 0.3027 0.56511 0.34991 0.019542 0.28819 -0.67536 -0.52767 -0.79227 0.9158 -0.41386 0.020743 0.55426 0.16801 0.63961 -0.2033 -0.43397 0.53744 -0.81123 0.29408 0.54618 0.37804 -0.075302 1.1144 -0.11593 -0.32286 0.35612 -0.31713 0.23226 -0.66937 0.63927 0.8336 -0.086385 -0.84177 -0.48982 -0.37116 0.097113 1.2268 -0.61891 -0.38727 0.79397 -0.47305 1.1109 0.24534 0.95658 -0.43465 -0.55682 0.18788 -0.87165 0.91103 0.047733
track	0.32228 -0.1097 0.47249 -0.10462 0.34316 -0.49609 -0.22263 0.42833 -0.11014 -0.089598 1.0961 0.37959 0.47335 -0.34928 -0.22639 0.40075 0.54794 -0.087748 0.020893 -0.092109 0.40709 0.16208 0.37753 -0.1818 -0.31601 -0.088803 -0.4988 -0.65926 0.55904 0.519 -0.5257 0.094662 0.058114 0.77082 0.15484 0.21927 -0.39942 0.24981 -0.10596 0.2416 0.21547 -0.27286 0.088884 -0.020817 -0.10042 0.028969 0.25752 -0.72987 0.36696 -0.89772 -0.0098035 -0.052629 0.35066 1.0265 0.68539 -2.5411 -0.16658 0.79028 1.6491 0.52352 -0.095636 0.46339 0.13968 0.016423 1.0176 0.13381 -0.052997 0.52917 0.47581 -0.56537 -0.28363 0.03584 -0.029408 0.11013 0.44261 0.27038 0.8515 0.10103 0.51023 -0.96083 0.2277 0.071428 -0.45569 0.15989 -0.97388 0.3851 0.062834 -0.26922 -0.12226 0.6627 -0.89774 0.50317 -0.63183 0.083059 0.50716 -0.27899 -0.86304 0.11636 1.1186 0.11304
editors	-0.88076 -0.47054 0.16993 -0.61383 0.069591 0.43317 -0.33624 0.38694 -0.10467 -0.51382 0.72405 -0.72947 0.32589 -0.47474 -1.1675 0.36296 0.0052467 -1.0601 -0.89375 -0.082534 -0.84909 0.11391 -0.46872 -0.35915 0.94487 -0.54228 0.73228 -0.050523 0.74197 -0.1091 0.6733 0.75419 -1.2374 -0.78397 -0.32963 0.16069 -0.68361 -0.24482 0.18689 -0.1672 -0.64538 0.12618 -0.83469 0.039282 -0.023672 -0.49866 -0.6657 -0.29981 0.20148 0.0063705 0.69136 -0.044143 -0.72663 0.304 -0.2995 -0.31745 -0.14203 0.231 1.0816 -0.078213 -0.76553 1.1719 -0.24674 -0.21587 1.2118 -0.83403 0.44229 0.50362 0.47088 0.065261 -0.26864 0.87776 -0.48818 -0.51509 -0.15 -0.10501 0.25031 0.24399 -0.8196 -1.0046 -0.58352 -0.75065 -0.29913 -0.78528 -1.0469 -0.53882 -0.37426 -0.54057 -0.28581 -0.26482 0.32135 0.51005 0.74734 -0.69192 -0.56696 -0.046045 0.47145 -0.67402 1.0833 0.84653
open	-0.61034 0.60236 0.61765 0.59614 0.55641 0.2301 -0.20742 0.8231 0.090912 -0.53776 0.17528 0.62751 0.15772 0.20984 -0.39661 0.47713 -0.27221 0.72068 -0.94254 -0.0011616 0.049811 0.44193 0.44902 0.47736 0.91806 -0.074704 0.43354 -1.389 0.40696 -0.15823 -0.51772 0.36528 0.12091 -0.20566 0.78396 -0.096688 -0.36237 0.02203 -0.44326 0.21395 0.046645 -1.1911 0.27869 0.042393 0.163 -0.2473 -0.18931 0.31419 0.37372 -0.83508 -0.54857 -0.38864 -0.031954 0.22341 -0.38107 -2.7609 0.28743 0.14508 2.3684 0.4966 -0.60259 0.42523 -0.16205 0.19028 0.38663 -0.39419 0.12353 0.37308 0.01648 -0.45128 -0.19476 -0.062371 0.31139 -0.83917 -0.62146 -0.17515 0.64186 0.19808 -0.44694 -0.24301 1.0159 -0.49681 -0.29576 0.94691 -0.80177 -0.0070947 0.041663 0.72282 0.026254 0.62928 0.073193 0.25655 0.16951 0.66374 -0.18381 0.66264 0.15201 -0.13958 0.72138 0.52252
PDEModel	
Utility	0.061276 0.19747 0.6411 0.011231 -0.29602 -0.72016 0.017617 0.62546 0.063524 -0.096223 -0.029772 -0.082038 -0.68452 -0.47553 -0.47365 -0.79203 0.64063 0.82647 0.63731 0.37993 0.18311 -0.14812 0.049323 0.46854 0.33577 -0.67185 -0.77497 0.0082468 -0.76149 0.30796 0.64296 0.10328 -0.8872 -0.53583 0.34866 0.207 0.11927 -0.23698 0.64472 0.21794 1.1331 -0.74953 -0.092594 -0.33205 -0.55983 0.41834 -0.19274 0.18604 0.0089298 -0.23055 -0.14168 0.70859 -0.78094 0.69359 0.38109 -0.74009 -0.32653 0.41012 2.0796 0.71072 0.36925 -0.84156 0.017209 0.58801 1.0658 0.11304 0.18664 -0.42016 0.79173 0.59774 0.35624 -0.072884 0.19562 -0.71173 0.30907 -0.10195 1.2563 -0.12362 -0.52304 -0.12931 0.53094 -0.067997 -0.20551 -0.21302 -0.18104 -0.36993 0.10686 -0.10113 -0.35189 -0.92614 0.23197 -0.62903 -0.48728 -0.10449 -0.47989 0.56408 -0.1963 0.029028 0.92122 -0.26053

cache	-0.076288 0.4271 0.25525 -0.24956 0.57676 0.1682 0.56589 0.54978 0.8121 0.80283 0.3769 1.2081 -0.22895 0.42539 -0.13178 1.1492 0.56911 -0.25387 -0.78554 0.52222 -0.25203 -0.68782 -0.67579 -0.15416 -0.48973 -0.22953 0.054439 0.58449 -0.059886 -0.1247 0.49345 -0.69374 -0.37607 -0.28854 0.84441 -1.0593 0.26524 -0.10359 1.0263 -0.049876 0.34199 -0.57569 0.25243 -0.042364 0.17786 0.18159 0.49359 0.059815 -0.13199 0.65211 0.3027 0.56511 0.34991 0.019542 0.28819 -0.67536 -0.52767 -0.79227 0.9158 -0.41386 0.020743 0.55426 0.16801 0.63961 -0.2033 -0.43397 0.53744 -0.81123 0.29408 0.54618 0.37804 -0.075302 1.1144 -0.11593 -0.32286 0.35612 -0.31713 0.23226 -0.66937 0.63927 0.8336 -0.086385 -0.84177 -0.48982 -0.37116 0.097113 1.2268 -0.61891 -0.38727 0.79397 -0.47305 1.1109 0.24534 0.95658 -0.43465 -0.55682 0.18788 -0.87165 0.91103 0.047733
implemented	-0.60138 -0.33251 -0.66448 0.35036 0.37313 -0.35739 -0.196 0.44174 0.21383 0.20386 -0.052623 0.031175 0.42256 -0.334 0.0076964 -0.18843 0.042188 0.62917 -1.001 -0.64073 -0.43535 -0.60407 0.10516 0.17511 -0.40585 -0.62261 -0.068565 -0.38569 -0.95427 0.19171 -0.10273 1.0731 -0.1839 -0.14359 0.11771 0.42914 0.039747 -0.85178 -0.88959 -0.5212 -0.26712 0.07662 0.21772 0.68169 -0.25112 0.043442 0.56006 -0.023578 -0.26903 -0.71291 -0.15892 -0.11019 -0.16963 0.66161 -0.2699 -0.81868 0.3604 0.071985 1.317 -0.16245 -0.054642 -0.30504 -0.76493 -0.21215 0.98553 0.065232 -1.0204 0.13779 0.31868 -0.27617 0.39837 -0.42616 0.0083192 0.061624 0.31875 -0.38499 -0.45923 0.51686 -0.47239 -0.18326 0.47849 -0.80695 -0.7109 0.089808 -1.2584 1.1917 0.77795 -0.55389 -0.88957 -0.07858 -0.41475 0.048198 -1.0275 0.23457 -0.037145 0.34935 0.06402 -0.073933 0.20661 -0.20596
key	-0.22009 0.1228 0.49666 0.014973 0.58537 -1.0869 -0.4435 -0.67389 -0.11957 -0.2751 0.14446 -0.30252 -0.32128 0.14588 -0.1927 0.29439 0.093863 -0.43039 0.20753 0.084383 0.39514 -0.59375 0.32108 -0.065593 -0.11269 -0.6302 -0.23751 -0.094258 -0.36321 0.3258 0.082417 -0.093256 0.15658 -0.059934 0.022428 -0.11107 0.093985 -0.04207 -0.32812 0.031688 -0.50681 -0.61542 1.6011 0.030004 0.00056317 0.2723 -0.10129 -0.0017352 -0.46781 -0.58449 0.10235 0.15112 -0.22557 0.9944 -0.13042 -2.0398 -0.29454 -0.3525 1.7486 0.59134 -0.65688 0.3913 -0.068291 -0.00327 0.63607 -0.041222 0.22515 0.40704 0.60109 0.029032 -0.17948 0.24172 -0.21984 -0.55467 0.09011 -0.45749 -0.25776 0.02886 -0.17182 -0.00081766 0.70004 0.12981 -0.49957 -0.59933 -1.7221 0.32901 0.49726 0.61915 0.093617 -0.23046 -0.49754 0.5477 -0.28813 0.26786 -0.99516 0.3707 0.24787 -0.46564 0.97654 0.92977
project	0.33161 0.57429 -0.11439 -0.22727 0.96719 -1.177 0.1899 0.80207 0.2125 0.64805 0.34885 0.45873 -0.028602 -0.77416 -0.43107 -0.81091 0.73312 0.44131 0.027814 0.44579 -0.67441 -0.31308 -0.37057 0.13179 0.0070591 -0.027931 -0.0055113 0.34597 -0.34424 -0.074841 -1.0797 0.7913 0.3545 0.87688 -0.21897 -0.060586 0.076007 0.15396 0.23507 -0.14823 -0.27408 -0.018648 -0.26192 0.30631 0.35786 -0.30061 -0.18472 -0.037138 -0.43186 0.22245 -0.24739 0.063566 0.4186 0.99614 -0.17237 -2.5566 -0.37843 -0.45623 1.6693 0.062993 0.028704 0.60562 0.1481 -0.048165 1.1292 0.36078 -0.089511 0.59657 0.32155 -0.51532 0.74047 0.22904 -0.59083 -0.25706 -0.25302 -0.44894 0.32296 0.80721 -1.0626 0.18704 0.25569 0.43901 -0.058158 0.054457 -1.4793 1.0055 0.14031 -0.6382 -0.16104 -0.13875 0.15995 -0.47623 -0.47931 -0.028911 0.41414 0.52081 -0.25233 -0.31748 0.67789 -0.13181
list	-0.67604 0.46687 0.83063 -0.90814 0.79119 0.26412 -0.26265 -0.41843 -0.41587 0.17359 0.37286 -0.49924 0.51063 -0.090879 -0.27008 0.49076 1.0013 0.13748 -0.014336 0.68593 -0.21499 0.29243 -0.024009 0.078502 -0.14989 -0.89011 0.31639 -0.30942 0.067681 -0.051255 0.6256 0.077023 -0.035527 -0.038735 0.18438 0.86326 -0.39382 -0.33142 -1.167 0.13042 -0.13508 0.39716 0.94674 -0.28922 0.51677 -0.051511 -0.34475 -0.47551 -0.39194 -0.24876 0.68388 0.22613 -0.10934 0.27168 -0.73958 -1.6991 -0.11178 -0.045491 1.5502 1.2108 -0.68524 0.85916 -0.085091 0.23677 1.2632 -0.029881 -0.0096297 0.72212 0.43319 -0.008245 -0.17788 0.056438 -0.48095 0.0047031 0.11039 0.55959 -0.42368 -0.09819 -0.75477 -0.36628 0.60123 -0.1647 -0.14976 -0.25664 -1.2326 -0.23754 -0.083583 -0.71647 0.3108 0.66075 -0.74306 0.39473 0.12726 -0.1576 -0.75029 0.56097 0.14574 -0.30394 0.65849 0.047674
open	-0.61034 0.60236 0.61765 0.59614 0.55641 0.2301 -0.20742 0.8231 0.090912 -0.53776 0.17528 0.62751 0.15772 0.20984 -0.39661 0.47713 -0.27221 0.72068 -0.94254 -0.0011616 0.049811 0.44193 0.44902 0.47736 0.91806 -0.074704 0.43354 -1.389 0.40696 -0.15823 -0.51772 0.36528 0.12091 -0.20566 0.78396 -0.096688 -0.36237 0.02203 -0.44326 0.21395 0.046645 -1.1911 0.27869 0.042393 0.163 -0.2473 -0.18931 0.31419 0.37372 -0.83508 -0.54857 -0.38864 -0.031954 0.22341 -0.38107 -2.7609 0.28743 0.14508 2.3684 0.4966 -0.60259 0.42523 -0.16205 0.19028 0.38663 -0.39419 0.12353 0.37308 0.01648 -0.45128 -0.19476 -0.062371 0.31139 -0.83917 -0.62146 -0.17515 0.64186 0.19808 -0.44694 -0.24301 1.0159 -0.49681 -0.29576 0.94691 -0.80177 -0.0070947 0.041663 0.72282 0.026254 0.62928 0.073193 0.25655 0.16951 0.66374 -0.18381 0.66264 0.15201 -0.13958 0.72138 0.52252
editors	-0.88076 -0.47054 0.16993 -0.61383 0.069591 0.43317 -0.33624 0.38694 -0.10467 -0.51382 0.72405 -0.72947 0.32589 -0.47474 -1.1675 0.36296 0.0052467 -1.0601 -0.89375 -0.082534 -0.84909 0.11391 -0.46872 -0.35915 0.94487 -0.54228 0.73228 -0.050523 0.74197 -0.1091 0.6733 0.75419 -1.2374 -0.78397 -0.32963 0.16069 -0.68361 -0.24482 0.18689 -0.1672 -0.64538 0.12618 -0.83469 0.039282 -0.023672 -0.49866 -0.6657 -0.29981 0.20148 0.0063705 0.69136 -0.044143 -0.72663 0.304 -0.2995 -0.31745 -0.14203 0.231 1.0816 -0.078213 -0.76553 1.1719 -0.24674 -0.21587 1.2118 -0.83403 0.44229 0.50362 0.47088 0.065261 -0.26864 0.87776 -0.48818 -0.51509 -0.15 -0.10501 0.25031 0.24399 -0.8196 -1.0046 -0.58352 -0.75065 -0.29913 -0.78528 -1.0469 -0.53882 -0.37426 -0.54057 -0.28581 -0.26482 0.32135 0.51005 0.74734 -0.69192 -0.56696 -0.046045 0.47145 -0.67402 1.0833 0.84653

editor	-1.1222 -0.92472 -0.34771 -0.98469 1.2372 0.24473 0.01654 -0.40325 -0.15246 0.035927 0.3522 -0.57235 0.41412 -0.063393 -0.72336 -0.24048 0.67194 -0.73004 -0.98689 0.16946 -0.4249 0.27256 -0.1919 -0.010457 1.3351 -0.20873 0.46746 -0.69275 0.27685 0.98648 -0.10852 0.84986 -0.43503 -0.50112 -0.97336 -0.030229 -0.38774 0.12204 0.32147 -0.54946 -0.84081 0.13246 -0.52916 -0.057299 -0.11873 0.23821 -0.47543 -1.0157 0.27223 0.22615 0.68304 -0.042322 -0.048557 0.26187 0.26969 -1.6706 -0.48845 0.55208 0.84531 0.13534 0.074305 0.19656 -0.80219 -0.57986 1.2347 -0.94134 1.2129 0.56298 0.6525 0.98926 0.080515 1.0923 -0.019807 -0.035484 -0.15353 -0.52802 0.33406 0.22749 -1.0076 -0.87019 -0.19897 -0.23866 -0.14405 -0.44842 0.069354 -0.6587 -0.096401 -0.78248 -0.074797 -0.84241 0.62516 0.58263 1.3731 0.087817 -0.34143 0.60219 0.39417 -0.83099 0.27667 0.71004
opens	0.26461 0.45549 0.7924 0.28082 1.1747 -0.25103 -0.46835 0.94319 0.15527 -0.90594 -0.10162 0.0585 -0.25796 0.53828 -0.30945 1.0391 -0.27104 0.07982 -0.049911 -0.15849 -0.0012485 -0.48363 -0.16047 0.034377 0.76087 -0.24247 -0.072276 -0.21963 0.27751 -0.18446 -0.70076 0.52813 0.25144 0.12246 0.062505 -0.082499 -0.37869 -0.55892 -0.33755 -0.28075 -0.13061 -0.76897 0.20171 -0.2367 0.26088 -0.21423 -0.80437 0.085747 0.57731 -0.36361 -0.12386 -0.40406 0.047653 0.42178 -0.76321 -1.7552 -0.6848 0.1012 1.5656 0.11385 -0.65767 0.866 0.32595 -0.48248 -0.1858 0.21893 -0.10551 0.31229 -0.25557 0.24049 0.59539 -0.56955 -0.47881 -0.08264 0.041151 -0.055454 0.24253 -0.095537 -0.39947 -0.19727 -0.20059 0.09998 0.046829 0.34783 -0.41786 0.011484 -0.26573 -0.062292 0.49342 0.32342 0.63687 0.38348 0.3171 0.46608 0.58957 0.85219 0.53841 -0.2261 0.48779 0.55495
calls	-0.18073 -0.057721 0.25982 -0.059962 0.2866 0.47944 -0.47454 0.05252 0.055557 -0.27819 -0.26569 -0.16877 -0.13785 0.31135 0.10778 0.14935 -0.45656 -0.06544 -0.4099 0.36928 -0.023031 -0.14793 -0.22291 -0.26173 0.27936 0.15517 -0.34893 0.0065596 0.40989 0.20432 0.11775 0.87857 0.053475 0.54552 -0.099936 0.20185 0.11925 -0.81307 0.082881 0.10822 -1.1223 0.11801 0.38048 -0.092392 -0.19862 -0.37441 -0.7412 -0.18621 0.25654 -0.41961 0.58079 0.054683 0.17354 0.69202 -0.21265 -1.855 0.24907 -0.19409 1.5087 0.25175 0.30164 -0.39421 0.23646 -0.6507 0.58124 -0.1333 0.023159 0.37015 0.51134 -0.15314 0.2641 -0.20512 -0.72258 -0.92913 0.2948 0.31164 0.14346 0.017919 -1.3463 0.058027 1.1443 -0.66006 -0.26227 -0.19509 -1.5343 0.03045 0.32023 -0.093847 0.11296 -0.46167 0.18355 0.49967 -0.33732 -0.20971 -0.39456 -0.043811 -0.57676 0.36132 0.46517 0.26794
connect	-0.3148 -0.0019924 0.17933 0.27324 0.80316 0.070515 -0.53398 -0.036564 0.81808 0.053213 0.3862 0.034388 0.082101 -0.038256 0.32592 -0.67089 0.41148 0.47886 -0.68184 0.2747 -0.077896 -0.33396 0.30552 -0.29599 0.037699 -0.76995 0.063771 0.028048 0.66117 0.15053 -0.12129 1.3579 0.32655 -0.017368 0.4302 0.28439 0.11865 0.02652 0.33826 0.4399 0.32503 -0.42784 -0.78372 -0.63062 -0.81338 0.83574 0.5257 -0.070782 0.46605 0.70618 -0.54294 0.68943 0.3967 0.10478 0.21533 -1.2837 0.052659 -0.1917 1.4992 -0.20083 -0.42688 0.68749 0.39851 -0.01983 0.036275 0.44914 0.33143 0.28465 0.39185 -0.54495 -0.093191 -0.085331 0.64369 -0.95975 0.50637 -0.54602 0.92537 0.23316 0.32529 -0.26026 0.05083 0.22523 -0.72355 0.30923 -1.4512 0.53039 -0.059545 0.52065 -0.30303 0.54428 0.041809 0.76606 -0.26139 -0.78784 -0.19891 -0.56818 0.064354 -0.20253 0.42481 0.090899

closed	0.71273 -0.010546 -0.54149 0.29516 0.044556 -0.19133 -0.36436 0.93854 0.052288 -0.80105 0.62756 0.090708 0.57186 0.019927 0.13423 -0.10554 -0.35369 0.094169 0.025775 -0.48821 0.90976 0.0467 0.52079 0.15168 0.2912 -0.91583 0.18217 -0.2398 -0.080404 0.24797 0.12227 -0.11014 -0.23221 0.40285 0.10487 0.49541 0.37004 -0.55966 -0.12303 -0.14518 -0.21604 -1.2329 0.12823 0.12083 0.59778 0.22758 0.12249 0.58831 0.77031 -1.321 -0.10933 -0.46589 0.55274 0.69852 -1.1448 -1.9268 -0.56946 -0.091591 2.6284 0.71801 -0.72915 0.025628 -0.42311 0.43677 -0.0057452 -0.24749 0.46388 0.43367 0.58644 0.47947 -0.59732 0.11044 0.22828 0.15934 -0.17755 -0.19938 0.25432 0.48569 -0.52255 0.22637 -0.073165 -0.21352 -0.40857 0.59948 -0.81005 0.22813 0.31368 0.30334 0.12945 0.7371 0.064108 0.25034 -0.39947 0.87902 -0.94449 0.69089 0.75351 -0.058565 0.11116 0.44765
calls	-0.18073 -0.057721 0.25982 -0.059962 0.2866 0.47944 -0.47454 0.05252 0.055557 -0.27819 -0.26569 -0.16877 -0.13785 0.31135 0.10778 0.14935 -0.45656 -0.06544 -0.4099 0.36928 -0.023031 -0.14793 -0.22291 -0.26173 0.27936 0.15517 -0.34893 0.0065596 0.40989 0.20432 0.11775 0.87857 0.053475 0.54552 -0.099936 0.20185 0.11925 -0.81307 0.082881 0.10822 -1.1223 0.11801 0.38048 -0.092392 -0.19862 -0.37441 -0.7412 -0.18621 0.25654 -0.41961 0.58079 0.054683 0.17354 0.69202 -0.21265 -1.855 0.24907 -0.19409 1.5087 0.25175 0.30164 -0.39421 0.23646 -0.6507 0.58124 -0.1333 0.023159 0.37015 0.51134 -0.15314 0.2641 -0.20512 -0.72258 -0.92913 0.2948 0.31164 0.14346 0.017919 -1.3463 0.058027 1.1443 -0.66006 -0.26227 -0.19509 -1.5343 0.03045 0.32023 -0.093847 0.11296 -0.46167 0.18355 0.49967 -0.33732 -0.20971 -0.39456 -0.043811 -0.57676 0.36132 0.46517 0.26794
disconnect	0.13494 -0.0064804 0.38028 0.15323 -0.6488 -0.050001 -0.26998 0.090736 0.94186 -0.14215 -0.32836 0.76304 0.27519 -0.23998 0.84462 0.2037 0.082821 0.38964 0.050262 -0.68891 -0.015985 -0.12532 0.057187 -0.77037 0.65128 -0.43972 -0.11504 0.64793 0.37007 -0.33563 -0.10804 0.29221 0.09366 -0.06642 -0.83824 0.48917 -0.1974 0.18695 0.58367 -0.34448 0.086744 0.43896 -0.18874 -0.57824 -0.64798 -0.0096406 -0.010017 0.23569 0.22627 0.27991 0.04047 0.37826 -0.20074 0.25011 0.48962 -0.48642 0.71635 -0.43161 0.64548 -0.13277 -0.37954 -0.30347 0.027698 0.12165 0.25372 0.36741 0.22183 -0.44687 0.1581 -0.040557 0.17667 0.21909 0.39525 -0.19997 0.25852 0.38599 0.82571 -0.38587 0.24707 0.046304 -0.23709 -0.50051 -0.38744 0.89375 -0.83604 -0.16242 0.16814 0.5106 -0.90931 -0.74595 -0.24593 0.46281 -0.54714 -0.65913 0.026347 -0.46898 0.82541 -0.74146 0.0069394 0.42157

editor	-1.1222 -0.92472 -0.34771 -0.98469 1.2372 0.24473 0.01654 -0.40325 -0.15246 0.035927 0.3522 -0.57235 0.41412 -0.063393 -0.72336 -0.24048 0.67194 -0.73004 -0.98689 0.16946 -0.4249 0.27256 -0.1919 -0.010457 1.3351 -0.20873 0.46746 -0.69275 0.27685 0.98648 -0.10852 0.84986 -0.43503 -0.50112 -0.97336 -0.030229 -0.38774 0.12204 0.32147 -0.54946 -0.84081 0.13246 -0.52916 -0.057299 -0.11873 0.23821 -0.47543 -1.0157 0.27223 0.22615 0.68304 -0.042322 -0.048557 0.26187 0.26969 -1.6706 -0.48845 0.55208 0.84531 0.13534 0.074305 0.19656 -0.80219 -0.57986 1.2347 -0.94134 1.2129 0.56298 0.6525 0.98926 0.080515 1.0923 -0.019807 -0.035484 -0.15353 -0.52802 0.33406 0.22749 -1.0076 -0.87019 -0.19897 -0.23866 -0.14405 -0.44842 0.069354 -0.6587 -0.096401 -0.78248 -0.074797 -0.84241 0.62516 0.58263 1.3731 0.087817 -0.34143 0.60219 0.39417 -0.83099 0.27667 0.71004
closing	0.53582 0.12074 -0.1562 0.60422 0.34635 -0.34703 -0.4903 0.59318 -0.59917 -0.15323 0.54327 0.089037 -0.68404 -0.4706 0.10623 -0.15545 -0.61767 -0.30247 0.038516 -0.35895 0.88459 0.032047 0.25471 0.6437 0.22081 -0.31558 -0.15452 -0.23739 -0.23601 0.11054 0.037353 -0.29909 0.13023 -0.041861 -0.33238 -0.094899 0.019579 -0.58327 -0.12969 -0.047975 0.088569 -0.69531 0.3096 0.5547 0.17842 0.15425 -0.25237 -0.56591 -0.17876 -1.4301 0.19619 -0.49875 0.12488 0.76074 -1.0218 -1.707 -0.32999 0.004439 1.991 0.75737 -0.83653 0.18181 0.068937 0.029485 -0.22464 -0.353 0.53509 0.16743 -0.23942 -0.14923 -0.45019 0.2155 -0.21325 -0.26912 0.065551 0.023166 0.014853 0.138 -0.29651 -0.044704 0.19558 -0.19054 -0.0072106 -0.013167 -1.4176 0.0097575 -0.10432 0.078826 0.34955 0.86882 -0.14672 0.47673 -0.15104 0.46339 -0.73279 0.050582 0.61276 0.19676 0.34977 0.63843
result	-0.087511 0.14542 0.29127 0.12803 -0.43367 -0.12828 0.038473 0.1143 0.040391 0.045484 -0.049661 0.073852 0.45601 -0.15827 0.20801 -0.050976 -0.66622 -0.11175 0.10186 0.56809 0.23976 -0.4262 0.22319 0.47691 -0.10006 -0.18398 0.23252 -0.35923 0.1942 -0.47505 0.0053464 0.44186 -0.32664 -0.54685 0.01672 -0.30198 0.14654 0.14177 -0.80985 -0.03107 -0.28552 -0.38628 0.00070181 -0.30259 0.38502 -0.086604 0.82058 -0.11483 -0.42936 -1.0251 0.54522 -0.27689 0.058767 0.88655 0.20817 -2.3723 -0.021035 -0.30926 1.4584 0.51699 -0.50363 0.1824 -0.30236 0.18627 1.0587 -0.012508 -0.30342 -0.25672 0.33463 -0.57944 -0.26818 0.078564 0.20907 0.038156 0.42015 -0.075941 0.056092 -0.28864 -0.97657 0.36076 0.65371 0.038731 -0.49036 0.10242 -1.5925 -0.47145 -0.13226 -0.27821 -0.43612 -0.33068 -0.31652 -0.44216 -0.39044 0.73472 0.029425 0.039828 0.11171 -0.095098 0.36196 -0.53465
project	0.33161 0.57429 -0.11439 -0.22727 0.96719 -1.177 0.1899 0.80207 0.2125 0.64805 0.34885 0.45873 -0.028602 -0.77416 -0.43107 -0.81091 0.73312 0.44131 0.027814 0.44579 -0.67441 -0.31308 -0.37057 0.13179 0.0070591 -0.027931 -0.0055113 0.34597 -0.34424 -0.074841 -1.0797 0.7913 0.3545 0.87688 -0.21897 -0.060586 0.076007 0.15396 0.23507 -0.14823 -0.27408 -0.018648 -0.26192 0.30631 0.35786 -0.30061 -0.18472 -0.037138 -0.43186 0.22245 -0.24739 0.063566 0.4186 0.99614 -0.17237 -2.5566 -0.37843 -0.45623 1.6693 0.062993 0.028704 0.60562 0.1481 -0.048165 1.1292 0.36078 -0.089511 0.59657 0.32155 -0.51532 0.74047 0.22904 -0.59083 -0.25706 -0.25302 -0.44894 0.32296 0.80721 -1.0626 0.18704 0.25569 0.43901 -0.058158 0.054457 -1.4793 1.0055 0.14031 -0.6382 -0.16104 -0.13875 0.15995 -0.47623 -0.47931 -0.028911 0.41414 0.52081 -0.25233 -0.31748 0.67789 -0.13181
deleted	-0.22654 -0.52349 0.52799 -0.84379 0.61595 0.56219 -0.24658 0.38064 1.3216 -0.36602 1.2501 0.33022 0.015401 -0.1895 0.36097 0.68154 0.19142 -0.26471 0.12508 0.34618 0.21888 -0.042821 -0.045538 0.46457 0.0039157 -0.61118 -0.34746 0.62357 0.086814 -0.048145 0.67336 0.16357 -0.98091 0.47619 -0.42215 -0.15853 -0.027391 -0.38356 -0.48307 0.497 0.24936 -0.41963 -0.0086344 0.40162 -0.17 0.44036 -0.46752 0.26835 0.20414 -0.73761 0.84442 0.4543 0.15132 0.0014223 -0.37075 -0.30296 -0.10141 -0.44764 0.2913 0.3759 -0.6575 1.1964 0.14564 -0.30736 1.0302 -0.4041 0.60942 0.67795 0.19751 -0.040707 -0.021593 0.57942 1.1668 0.4871 0.17052 0.26682 -0.3969 0.43312 -0.13111 -0.60666 -0.91606 -1.5709 0.33849 -0.065515 -1.4408 0.85363 0.41629 -0.54714 -0.3519 0.2039 -0.59773 0.61267 -0.30755 -0.098342 0.1934 -0.49086 0.61922 -0.14225 -0.16689 -0.30375
PDE	-0.17931 0.077793 -0.4967 0.92629 0.085201 0.87871 -0.11938 1.0935 0.020426 -0.48091 0.23829 -1.0551 0.71536 0.38176 -0.50787 0.041089 0.1124 -0.54674 0.36509 -1.1664 -1.1501 -1.2424 0.46708 -0.31129 -0.20565 -1.3034 0.65131 0.036026 -1.0937 -0.86049 0.29342 0.86922 0.10891 -0.42882 -0.38152 0.25964 -1.1801 -0.10882 0.47214 0.38502 -0.089507 1.2999 -0.98759 -0.16008 0.4012 -0.70596 -0.64548 -0.40858 -0.30364 0.32692 0.30246 -0.84171 0.44242 -0.059305 -0.50319 0.92911 0.72581 -0.28524 0.50824 0.43627 0.21393 -0.82536 0.44871 0.71096 0.49467 -0.044133 -0.040289 0.41357 0.68604 -0.36593 0.78641 0.44712 -0.2459 -0.71818 -0.1318 0.68182 -0.63853 0.53468 -0.13992 -0.86628 -0.53752 0.26618 -0.32546 -0.67972 -0.10273 -0.2948 0.45976 -0.15378 0.33624 -0.32556 -0.3581 0.44322 -1.0661 -0.39902 0.21764 -0.86268 1.5028 -0.43014 0.3467 -1.151
correctly	-0.53502 0.095757 0.33658 0.40876 -0.38716 0.24138 -0.0089747 -0.33031 0.33515 0.067747 0.056111 0.5802 0.31186 -0.27361 0.095428 -0.47785 0.21644 0.90932 -0.54405 -0.68443 -0.076511 -0.37036 -0.20985 -0.54347 -0.32445 -0.84136 -0.54702 -0.020935 0.0066947 -0.10563 0.24692 0.74947 -0.027213 0.096215 0.70622 0.21556 -0.69759 -0.02886 -0.12844 -0.61485 -0.237 0.13973 -0.35997 -0.2348 -0.98919 -0.16286 0.28151 -0.77868 -1.0049 -0.88122 0.39939 -0.17058 0.91496 0.7732 -0.44569 -0.44593 0.013523 0.33091 0.090373 0.32633 -0.22377 0.58147 -0.31791 -0.10657 0.029142 -0.092223 -0.25217 0.14442 -0.40358 0.49555 -0.47809 0.9003 0.6239 0.017696 0.74738 -0.17361 -0.78122 -0.38788 -0.21246 -0.37883 0.18637 -0.40299 -1.6988 -0.094481 -1.1622 -0.56797 0.53587 -0.19901 -0.43529 0.0051463 -0.63295 0.45277 -0.081267 -0.56808 0.19994 0.26272 0.046422 -0.23065 0.032426 -0.22379
remove	-0.85151 -0.22275 -0.46763 -0.16039 -0.14433 0.34201 -0.60396 0.39036 0.74096 0.52554 0.10295 0.20556 0.1576 -0.28722 0.13033 -0.089673 0.57714 -0.22897 -0.56364 -0.43296 -0.56238 -0.33606 -0.016256 -0.16765 0.14006 0.42743 -0.2232 -0.76587 0.25285 -0.049506 0.7839 0.64399 -0.40608 -0.15846 -0.89406 -0.067196 0.2688 -0.79532 -0.37703 -0.042835 -0.8999 -0.82735 0.15492 -0.97249 -0.061967 0.239 -0.69821 0.20785 -0.63103 -0.48829 0.35156 0.20321 -0.34448 0.8872 -0.46279 -1.5473 -0.19913 -0.39567 1.4318 0.42728 0.054421 0.5512 0.15536 0.89976 1.1981 -0.33636 0.62139 0.25813 -0.35738 -0.90354 0.15131 -0.039375 0.085966 0.41021 0.27699 0.25467 -0.61899 0.36696 0.27451 0.31938 0.85607 -0.90418 -0.55766 0.69284 -0.67251 0.096919 0.86633 1.2222 0.22008 0.38737 -0.17316 0.15009 -0.2072 -0.50858 -0.33884 -0.74693 0.45372 -0.40549 0.044527 -0.1297
editor	-1.1222 -0.92472 -0.34771 -0.98469 1.2372 0.24473 0.01654 -0.40325 -0.15246 0.035927 0.3522 -0.57235 0.41412 -0.063393 -0.72336 -0.24048 0.67194 -0.73004 -0.98689 0.16946 -0.4249 0.27256 -0.1919 -0.010457 1.3351 -0.20873 0.46746 -0.69275 0.27685 0.98648 -0.10852 0.84986 -0.43503 -0.50112 -0.97336 -0.030229 -0.38774 0.12204 0.32147 -0.54946 -0.84081 0.13246 -0.52916 -0.057299 -0.11873 0.23821 -0.47543 -1.0157 0.27223 0.22615 0.68304 -0.042322 -0.048557 0.26187 0.26969 -1.6706 -0.48845 0.55208 0.84531 0.13534 0.074305 0.19656 -0.80219 -0.57986 1.2347 -0.94134 1.2129 0.56298 0.6525 0.98926 0.080515 1.0923 -0.019807 -0.035484 -0.15353 -0.52802 0.33406 0.22749 -1.0076 -0.87019 -0.19897 -0.23866 -0.14405 -0.44842 0.069354 -0.6587 -0.096401 -0.78248 -0.074797 -0.84241 0.62516 0.58263 1.3731 0.087817 -0.34143 0.60219 0.39417 -0.83099 0.27667 0.71004
cache	-0.076288 0.4271 0.25525 -0.24956 0.57676 0.1682 0.56589 0.54978 0.8121 0.80283 0.3769 1.2081 -0.22895 0.42539 -0.13178 1.1492 0.56911 -0.25387 -0.78554 0.52222 -0.25203 -0.68782 -0.67579 -0.15416 -0.48973 -0.22953 0.054439 0.58449 -0.059886 -0.1247 0.49345 -0.69374 -0.37607 -0.28854 0.84441 -1.0593 0.26524 -0.10359 1.0263 -0.049876 0.34199 -0.57569 0.25243 -0.042364 0.17786 0.18159 0.49359 0.059815 -0.13199 0.65211 0.3027 0.56511 0.34991 0.019542 0.28819 -0.67536 -0.52767 -0.79227 0.9158 -0.41386 0.020743 0.55426 0.16801 0.63961 -0.2033 -0.43397 0.53744 -0.81123 0.29408 0.54618 0.37804 -0.075302 1.1144 -0.11593 -0.32286 0.35612 -0.31713 0.23226 -0.66937 0.63927 0.8336 -0.086385 -0.84177 -0.48982 -0.37116 0.097113 1.2268 -0.61891 -0.38727 0.79397 -0.47305 1.1109 0.24534 0.95658 -0.43465 -0.55682 0.18788 -0.87165 0.91103 0.047733

project	0.33161 0.57429 -0.11439 -0.22727 0.96719 -1.177 0.1899 0.80207 0.2125 0.64805 0.34885 0.45873 -0.028602 -0.77416 -0.43107 -0.81091 0.73312 0.44131 0.027814 0.44579 -0.67441 -0.31308 -0.37057 0.13179 0.0070591 -0.027931 -0.0055113 0.34597 -0.34424 -0.074841 -1.0797 0.7913 0.3545 0.87688 -0.21897 -0.060586 0.076007 0.15396 0.23507 -0.14823 -0.27408 -0.018648 -0.26192 0.30631 0.35786 -0.30061 -0.18472 -0.037138 -0.43186 0.22245 -0.24739 0.063566 0.4186 0.99614 -0.17237 -2.5566 -0.37843 -0.45623 1.6693 0.062993 0.028704 0.60562 0.1481 -0.048165 1.1292 0.36078 -0.089511 0.59657 0.32155 -0.51532 0.74047 0.22904 -0.59083 -0.25706 -0.25302 -0.44894 0.32296 0.80721 -1.0626 0.18704 0.25569 0.43901 -0.058158 0.054457 -1.4793 1.0055 0.14031 -0.6382 -0.16104 -0.13875 0.15995 -0.47623 -0.47931 -0.028911 0.41414 0.52081 -0.25233 -0.31748 0.67789 -0.13181
editor	-1.1222 -0.92472 -0.34771 -0.98469 1.2372 0.24473 0.01654 -0.40325 -0.15246 0.035927 0.3522 -0.57235 0.41412 -0.063393 -0.72336 -0.24048 0.67194 -0.73004 -0.98689 0.16946 -0.4249 0.27256 -0.1919 -0.010457 1.3351 -0.20873 0.46746 -0.69275 0.27685 0.98648 -0.10852 0.84986 -0.43503 -0.50112 -0.97336 -0.030229 -0.38774 0.12204 0.32147 -0.54946 -0.84081 0.13246 -0.52916 -0.057299 -0.11873 0.23821 -0.47543 -1.0157 0.27223 0.22615 0.68304 -0.042322 -0.048557 0.26187 0.26969 -1.6706 -0.48845 0.55208 0.84531 0.13534 0.074305 0.19656 -0.80219 -0.57986 1.2347 -0.94134 1.2129 0.56298 0.6525 0.98926 0.080515 1.0923 -0.019807 -0.035484 -0.15353 -0.52802 0.33406 0.22749 -1.0076 -0.87019 -0.19897 -0.23866 -0.14405 -0.44842 0.069354 -0.6587 -0.096401 -0.78248 -0.074797 -0.84241 0.62516 0.58263 1.3731 0.087817 -0.34143 0.60219 0.39417 -0.83099 0.27667 0.71004
returns	-0.26184 -0.068321 0.65651 -0.27272 0.22419 0.1484 -0.33381 0.22672 -0.36067 -0.42468 -0.39923 0.73907 0.10366 0.36317 0.081879 0.084346 0.27524 0.67599 0.74671 1.0309 0.11076 -0.36427 -0.38258 0.49518 -0.032814 -0.0063464 -0.30953 -0.14888 0.36374 -0.22739 0.139 0.29234 -0.38969 -0.064195 0.2059 0.13504 -0.097669 0.11701 -0.70768 -0.34341 -0.52104 -0.67879 0.11025 0.13458 0.013898 -0.24682 -0.71823 -0.52327 0.67018 -0.7898 0.23642 -0.33111 0.56724 0.71656 0.49129 -1.9061 -0.18881 -0.43991 1.1717 0.25765 -0.33979 -0.0081994 -0.31008 -0.12085 0.13278 0.12132 0.066898 -0.18057 -0.038645 0.21147 0.035013 -0.20757 -0.25776 -0.14444 0.5436 -0.050902 -0.59413 -0.34768 -0.28127 -0.099312 0.64265 1.1849 -0.45768 -0.70964 -0.3966 -0.47697 0.17949 -0.49912 0.01562 -0.43558 -0.35591 0.14599 0.50145 0.081388 -0.68451 0.29315 0.73244 0.29537 0.0050102 -0.10547
null	0.079432 -0.14054 -0.10462 -0.36259 -0.22721 -0.13612 0.74755 0.32809 0.54364 0.12091 -0.53579 -0.093852 -0.1253 0.0075018 0.54402 -0.51891 0.34596 1.3306 1.0153 0.31239 0.16274 -0.026524 0.73949 0.5574 1.1129 -0.44905 1.0968 0.73696 -0.44728 0.032219 1.1976 0.059368 -0.37853 -0.21233 0.1351 -0.34381 0.48377 0.017526 -0.46031 -0.77044 -0.85068 0.30327 0.11417 -0.25013 0.014417 -0.05347 -0.30477 0.40744 -1.4463 0.85099 0.66363 0.0049562 0.57099 0.27496 0.0087559 -0.84859 0.74672 0.51043 0.18724 -0.012529 -0.42562 -0.84412 -0.50242 0.016912 0.41224 0.25004 0.12519 0.56298 -1.0472 -1.0784 -0.88615 0.11577 0.85152 0.16019 0.83352 -0.38092 0.044191 0.22782 -0.38651 -0.019875 -0.89481 -0.35736 -0.48555 0.036485 -0.43308 0.16881 1.0746 0.095382 0.54107 -0.38136 -1.2123 0.51573 0.16573 0.67943 0.35327 0.17672 0.25803 0.068445 -1.2016 -0.20168
inputContexts	
removed	-0.23274 -0.17527 -0.20893 -0.29273 0.096235 0.2377 -0.16025 0.42196 0.6289 0.30828 0.37944 0.46274 0.79753 0.17369 0.51645 -0.47328 0.38855 0.25035 -0.32938 -0.77955 -0.29005 -0.10404 0.27487 0.10131 0.4227 0.26635 -0.11478 -0.47655 0.29799 0.40112 1.0825 0.036294 -0.28542 0.20377 -0.25793 0.048452 -0.18396 -0.33505 -0.66764 0.13736 -0.53679 -0.5968 0.89808 -0.33952 0.46822 0.17322 0.00524 0.30236 -0.13182 -0.38686 0.65636 0.15476 -0.031586 0.95031 -0.42025 -1.4674 -0.98338 -0.33624 1.4117 0.78737 -0.16746 0.73014 0.30426 1.1379 1.0578 -0.35668 0.4874 0.31064 -0.066213 -0.22394 0.079361 0.46474 0.21338 0.20774 0.17579 -0.26822 -0.14789 0.85559 -0.09383 -0.036539 0.096846 -0.62166 -0.27206 0.35139 -1.0927 -0.013259 0.62454 0.18561 -0.23461 0.33898 -0.34497 -0.52351 0.19583 0.2065 -0.37576 -0.31588 0.33612 -0.18983 0.20688 -0.39396
ignore	-0.33438 -0.082041 0.56687 0.066284 -0.63495 0.46666 -0.88421 0.071507 0.56853 -0.43354 -0.26617 0.11102 0.066115 -0.29461 -0.24951 -0.0040849 -0.060658 0.48009 -0.35324 0.21429 -0.075633 -0.31207 0.47456 -0.38262 -0.43315 -0.036562 -0.40871 -0.39848 0.60095 -0.1152 0.42241 0.23496 -0.43973 0.070183 -0.56571 0.44002 0.12129 -0.67491 0.12894 -0.10751 -0.74666 0.50168 -0.37073 -0.56248 -0.39549 -0.30377 0.47033 0.2289 -0.89562 -0.74706 0.74198 0.43546 -0.1095 0.34984 0.30873 -0.71911 0.66022 0.11876 1.1058 -0.68428 -0.26923 -0.16132 -0.27407 -0.21456 0.68364 -0.082962 0.25933 0.16521 -0.53469 -0.32422 -0.26019 -0.34386 -0.26954 -0.5104 -0.18699 -0.1539 -0.40335 -0.22178 -0.12083 -0.12227 0.26231 -0.47446 -0.58007 -0.052713 -1.2026 -0.50527 -0.60837 0.44124 -0.12942 0.078431 -0.086667 0.12391 -0.16774 -0.6933 -0.61441 0.16243 -0.35005 -0.27493 0.13641 0.41731
input	-0.47207 0.40352 0.51033 -0.025087 0.35035 -0.40323 -0.84073 0.12747 0.048006 0.052808 -0.10548 -0.61449 -0.24948 -0.37163 0.23421 0.045897 -0.85067 0.12597 0.57034 0.12779 -0.43819 -0.95477 0.21653 -0.54668 -0.12048 -0.69187 0.51027 0.43994 0.45971 -0.13432 0.32451 0.73495 -0.13331 0.23002 -0.0086096 0.10168 -0.13035 0.29224 0.0093869 -0.52885 -0.22063 -0.55465 -0.12336 0.021913 -0.50672 -0.10862 -0.78736 -0.28148 -0.14505 -0.22811 0.095549 0.24073 0.17754 0.77343 0.38451 -0.51649 -0.11604 -0.72711 1.1809 -0.043075 0.48811 -0.071808 -0.5211 0.54857 1.0862 -0.48009 -0.35564 -0.26972 0.66801 0.10936 -0.32089 0.25542 0.93021 -0.91831 0.7727 0.31726 0.10646 -0.35751 0.13619 -0.23399 0.023129 -0.15918 -1.2594 -0.65411 -1.6019 0.93179 0.8833 -0.53511 0.228 -0.75166 -0.79899 0.87263 -0.5739 -0.21231 0.33991 -0.35284 0.17291 -0.7981 1.0082 -0.31666
Contexts	-0.28912 0.66607 -0.26964 0.78384 0.107 0.3226 -0.63527 -0.60086 0.2768 0.2521 -0.7466 -0.55587 0.39093 0.069043 0.4748 0.31844 0.095164 0.47376 -0.39676 0.13409 -0.22571 -0.075506 0.49022 -0.036709 -0.57968 -0.54536 0.56756 0.19632 -0.23726 0.25721 -0.087525 -0.18406 -1.0262 -0.41244 0.24621 0.46347 -0.31338 -0.036673 -0.52327 -0.51364 0.049112 -0.25718 -0.63454 0.36356 -0.78866 -0.37596 0.73655 0.35535 -0.9212 0.11194 0.63145 0.072386 0.24806 0.12685 0.0062359 -0.067009 0.13527 -0.49446 0.14409 0.7519 -0.44805 0.71597 -0.024387 -0.11334 0.94027 -0.36163 -0.15865 -1.2374 0.59043 -0.28991 -0.68961 -0.050759 0.58495 -0.41442 0.059837 -0.16459 -0.20389 -0.25202 0.28426 -0.52307 -0.65061 -0.43561 0.20335 -0.044651 -0.94098 0.88875 -0.62596 -0.30348 0.11774 -0.15998 -0.25745 0.13833 0.12813 0.013646 0.56287 0.54116 -0.65484 -0.49772 -0.1783 0.68756

solution	-0.6269 0.39516 0.29439 1.1127 -0.00027501 -0.48458 0.46506 -0.28882 0.65649 0.31497 -0.12992 -0.15935 0.099145 0.23149 0.13218 -0.039036 -0.36519 -0.60476 -0.53715 -0.46797 -0.36788 -0.096492 -0.023146 -0.27548 -0.25543 0.44944 0.051732 -0.1041 -0.58247 -0.20935 -0.12909 0.79717 -0.50582 -0.30913 1.0126 -0.039588 0.69356 -0.040439 0.3705 -0.82283 -0.43379 -0.07805 0.10381 -1.042 -0.34484 0.23976 -0.19774 0.044032 -1.1053 -0.010101 0.31346 -0.05605 0.14471 1.3169 -0.14928 -1.9782 -0.14819 -0.39224 1.2207 0.028304 -0.16526 -0.69494 -0.76178 -0.49203 1.6283 -0.012948 0.47707 -0.26171 -0.50997 -1.4293 0.1914 -0.31151 -0.23624 -0.2143 0.70862 0.1358 -0.29173 -0.36161 -0.7538 -0.3603 0.31979 -0.007505 -0.51529 0.074149 -0.85935 0.97157 0.61621 0.067052 -0.59826 -0.67942 -0.10273 0.31339 -0.75789 0.21333 -0.15627 0.1027 0.17956 0.11082 0.34711 0.75093
searching	0.19159 0.1463 -0.062145 0.13821 0.50509 0.5116 -0.30474 0.0053141 0.55985 -0.24805 0.57126 0.29421 0.30159 -0.49668 -0.086019 -0.46284 0.44173 -0.31026 -0.31956 0.76998 -0.02782 0.56141 -0.00019709 -0.61099 -0.42455 0.003172 -0.17298 -0.11474 -0.26353 0.085154 -0.24712 -0.93435 -0.58909 0.20855 0.42235 -0.80812 -0.43015 -0.58604 1.1089 0.30017 -0.69567 -0.18518 0.37436 -0.0016576 -0.24101 0.52813 -0.56261 0.4239 0.53816 -0.16885 0.53079 0.096127 -0.070089 1.3856 -0.031243 -1.1534 -0.36531 -0.23221 1.2389 0.47756 -0.39112 0.94625 0.36298 0.17829 0.49184 0.32793 0.35179 0.13854 -0.11611 0.07802 -0.32098 -0.36415 0.017239 -0.58001 -0.079523 0.55644 0.042542 -0.22174 -0.88971 -0.28172 0.45921 0.53852 -0.56766 0.094428 -0.49951 -0.01076 0.63069 0.25164 -1.2575 0.28684 0.18453 0.50791 0.53855 0.0039601 -0.46424 -0.10628 -0.68175 -0.20426 0.033904 0.48814
case	0.41052 0.058649 0.28515 -0.099504 0.076813 0.15387 0.36206 -0.10112 0.093865 -0.23309 -0.13663 0.54577 0.0138 0.38415 -0.39695 0.16228 0.099602 0.24988 -0.33659 0.039019 0.33905 -0.66241 0.37472 0.21631 0.16886 0.18165 0.55425 -0.6101 -0.85227 0.36984 0.6891 0.45316 0.082091 0.10839 -0.24239 0.15888 0.11656 -0.060652 0.57618 -0.3042 -0.65261 -0.38063 0.58332 -1.0504 -0.095388 0.014547 0.59942 -0.55361 0.17132 -0.69451 0.99215 -0.39131 0.31876 1.1508 -0.57279 -1.8148 -0.39404 -0.5783 1.9226 0.59717 -0.76435 0.59466 0.28298 -0.25469 1.4569 -0.41196 0.43957 0.74745 -0.67474 0.43792 -0.0045149 -0.03932 -0.03232 0.18805 0.73553 0.14875 -0.066224 -0.56274 -0.92785 0.22184 0.81973 0.0065571 -0.046961 -0.31358 -1.5983 -0.52369 -0.016562 0.094486 -0.15641 -0.66476 -0.14292 -0.47557 -0.44785 0.10048 1.1182 0.54136 -0.030505 -0.37898 0.33021 -0.27462

input	-0.47207 0.40352 0.51033 -0.025087 0.35035 -0.40323 -0.84073 0.12747 0.048006 0.052808 -0.10548 -0.61449 -0.24948 -0.37163 0.23421 0.045897 -0.85067 0.12597 0.57034 0.12779 -0.43819 -0.95477 0.21653 -0.54668 -0.12048 -0.69187 0.51027 0.43994 0.45971 -0.13432 0.32451 0.73495 -0.13331 0.23002 -0.0086096 0.10168 -0.13035 0.29224 0.0093869 -0.52885 -0.22063 -0.55465 -0.12336 0.021913 -0.50672 -0.10862 -0.78736 -0.28148 -0.14505 -0.22811 0.095549 0.24073 0.17754 0.77343 0.38451 -0.51649 -0.11604 -0.72711 1.1809 -0.043075 0.48811 -0.071808 -0.5211 0.54857 1.0862 -0.48009 -0.35564 -0.26972 0.66801 0.10936 -0.32089 0.25542 0.93021 -0.91831 0.7727 0.31726 0.10646 -0.35751 0.13619 -0.23399 0.023129 -0.15918 -1.2594 -0.65411 -1.6019 0.93179 0.8833 -0.53511 0.228 -0.75166 -0.79899 0.87263 -0.5739 -0.21231 0.33991 -0.35284 0.17291 -0.7981 1.0082 -0.31666
FileEditorInput	
find	-0.13778 0.47448 0.30845 -0.0065366 -0.30137 -0.078177 -0.40392 0.01812 0.59883 -0.46362 0.049392 0.39218 0.039239 -0.040216 -0.075129 -0.2865 0.4401 0.30497 -0.70533 0.83806 -0.077475 -0.16635 0.0043365 -0.69401 -0.12774 -0.19295 -0.10266 -0.76069 0.14567 -0.33508 -0.045902 0.1932 -0.37027 0.10839 0.55297 0.29166 -0.43817 -0.17746 0.63856 -0.3869 -0.50918 0.0090235 -0.26654 -1.045 -0.44118 0.26802 -0.32636 0.23194 0.13261 -0.49429 0.11496 -0.15354 0.0020542 1.1512 0.11969 -2.4802 -0.2658 -0.30394 1.5514 0.11553 -0.3729 1.0021 -0.24329 -0.019435 1.0817 -0.075474 0.68294 0.47288 -0.098109 -0.69551 -0.067878 -0.45406 -0.12239 -0.68213 0.2962 0.30131 -0.22948 -0.43777 -0.51955 0.064075 0.25427 0.53043 -0.67078 -0.28424 -1.3807 -0.42606 0.51254 0.31644 -1.0356 -0.13751 0.031492 0.46057 0.48279 -0.48123 -0.60419 -0.2559 -0.32268 -0.31996 0.23196 0.43381
project	0.33161 0.57429 -0.11439 -0.22727 0.96719 -1.177 0.1899 0.80207 0.2125 0.64805 0.34885 0.45873 -0.028602 -0.77416 -0.43107 -0.81091 0.73312 0.44131 0.027814 0.44579 -0.67441 -0.31308 -0.37057 0.13179 0.0070591 -0.027931 -0.0055113 0.34597 -0.34424 -0.074841 -1.0797 0.7913 0.3545 0.87688 -0.21897 -0.060586 0.076007 0.15396 0.23507 -0.14823 -0.27408 -0.018648 -0.26192 0.30631 0.35786 -0.30061 -0.18472 -0.037138 -0.43186 0.22245 -0.24739 0.063566 0.4186 0.99614 -0.17237 -2.5566 -0.37843 -0.45623 1.6693 0.062993 0.028704 0.60562 0.1481 -0.048165 1.1292 0.36078 -0.089511 0.59657 0.32155 -0.51532 0.74047 0.22904 -0.59083 -0.25706 -0.25302 -0.44894 0.32296 0.80721 -1.0626 0.18704 0.25569 0.43901 -0.058158 0.054457 -1.4793 1.0055 0.14031 -0.6382 -0.16104 -0.13875 0.15995 -0.47623 -0.47931 -0.028911 0.41414 0.52081 -0.25233 -0.31748 0.67789 -0.13181
remove	-0.85151 -0.22275 -0.46763 -0.16039 -0.14433 0.34201 -0.60396 0.39036 0.74096 0.52554 0.10295 0.20556 0.1576 -0.28722 0.13033 -0.089673 0.57714 -0.22897 -0.56364 -0.43296 -0.56238 -0.33606 -0.016256 -0.16765 0.14006 0.42743 -0.2232 -0.76587 0.25285 -0.049506 0.7839 0.64399 -0.40608 -0.15846 -0.89406 -0.067196 0.2688 -0.79532 -0.37703 -0.042835 -0.8999 -0.82735 0.15492 -0.97249 -0.061967 0.239 -0.69821 0.20785 -0.63103 -0.48829 0.35156 0.20321 -0.34448 0.8872 -0.46279 -1.5473 -0.19913 -0.39567 1.4318 0.42728 0.054421 0.5512 0.15536 0.89976 1.1981 -0.33636 0.62139 0.25813 -0.35738 -0.90354 0.15131 -0.039375 0.085966 0.41021 0.27699 0.25467 -0.61899 0.36696 0.27451 0.31938 0.85607 -0.90418 -0.55766 0.69284 -0.67251 0.096919 0.86633 1.2222 0.22008 0.38737 -0.17316 0.15009 -0.2072 -0.50858 -0.33884 -0.74693 0.45372 -0.40549 0.044527 -0.1297
File	-0.60503 0.35632 0.1698 -0.51579 0.009306 0.82095 -0.40203 -0.084497 0.65832 0.058716 0.56399 -0.050261 0.16651 -0.36767 -0.31027 0.27058 1.0288 0.22855 -0.065088 0.2218 -0.44795 -0.19292 0.11469 0.5347 0.051205 -0.61287 0.34666 -0.040078 0.18243 0.14441 1.2159 0.86157 -0.78381 -0.0011178 0.74628 -0.055603 0.15441 -1.2228 0.79672 -0.35888 -0.21182 -0.47853 0.01186 -0.47172 -0.49861 -0.39775 -0.41579 -0.27676 0.42101 -0.04458 0.83172 -0.00098274 0.14445 0.27897 -0.26859 -0.64422 0.15731 -0.74363 2.509 0.66098 -0.56585 0.37698 -0.3521 -0.36562 1.0618 -0.35677 0.34652 0.56724 -0.22367 -0.022239 -0.10702 0.67992 -0.011677 -0.95433 0.49309 0.25246 -0.45971 -0.27715 -0.54709 0.019738 0.20717 -0.56079 -0.18183 -0.54051 -0.95395 -0.13516 0.43299 -0.12673 0.090935 0.46129 -0.21314 0.49642 -0.17529 0.21132 1.2861 -0.39309 0.83985 -0.011613 0.92856 -0.4457
Editor	-1.1222 -0.92472 -0.34771 -0.98469 1.2372 0.24473 0.01654 -0.40325 -0.15246 0.035927 0.3522 -0.57235 0.41412 -0.063393 -0.72336 -0.24048 0.67194 -0.73004 -0.98689 0.16946 -0.4249 0.27256 -0.1919 -0.010457 1.3351 -0.20873 0.46746 -0.69275 0.27685 0.98648 -0.10852 0.84986 -0.43503 -0.50112 -0.97336 -0.030229 -0.38774 0.12204 0.32147 -0.54946 -0.84081 0.13246 -0.52916 -0.057299 -0.11873 0.23821 -0.47543 -1.0157 0.27223 0.22615 0.68304 -0.042322 -0.048557 0.26187 0.26969 -1.6706 -0.48845 0.55208 0.84531 0.13534 0.074305 0.19656 -0.80219 -0.57986 1.2347 -0.94134 1.2129 0.56298 0.6525 0.98926 0.080515 1.0923 -0.019807 -0.035484 -0.15353 -0.52802 0.33406 0.22749 -1.0076 -0.87019 -0.19897 -0.23866 -0.14405 -0.44842 0.069354 -0.6587 -0.096401 -0.78248 -0.074797 -0.84241 0.62516 0.58263 1.3731 0.087817 -0.34143 0.60219 0.39417 -0.83099 0.27667 0.71004
Input	-0.47207 0.40352 0.51033 -0.025087 0.35035 -0.40323 -0.84073 0.12747 0.048006 0.052808 -0.10548 -0.61449 -0.24948 -0.37163 0.23421 0.045897 -0.85067 0.12597 0.57034 0.12779 -0.43819 -0.95477 0.21653 -0.54668 -0.12048 -0.69187 0.51027 0.43994 0.45971 -0.13432 0.32451 0.73495 -0.13331 0.23002 -0.0086096 0.10168 -0.13035 0.29224 0.0093869 -0.52885 -0.22063 -0.55465 -0.12336 0.021913 -0.50672 -0.10862 -0.78736 -0.28148 -0.14505 -0.22811 0.095549 0.24073 0.17754 0.77343 0.38451 -0.51649 -0.11604 -0.72711 1.1809 -0.043075 0.48811 -0.071808 -0.5211 0.54857 1.0862 -0.48009 -0.35564 -0.26972 0.66801 0.10936 -0.32089 0.25542 0.93021 -0.91831 0.7727 0.31726 0.10646 -0.35751 0.13619 -0.23399 0.023129 -0.15918 -1.2594 -0.65411 -1.6019 0.93179 0.8833 -0.53511 0.228 -0.75166 -0.79899 0.87263 -0.5739 -0.21231 0.33991 -0.35284 0.17291 -0.7981 1.0082 -0.31666

