Detect	-0.3999 -0.098211 0.023491 0.36815 -0.6473 -0.20402 -0.44368 -0.28247 0.52356 0.61116 0.24102 -0.34229 -0.11141 -0.20774 0.81225 0.22145 0.35858 0.514 0.2388 -0.14821 -0.38711 -0.55413 -0.15645 -0.78036 -0.47967 0.041803 -0.28677 -0.099533 0.73831 -0.1747 0.11015 -0.10398 -0.44635 0.79564 0.80585 -0.57322 0.10947 -0.62992 0.68054 0.14811 -0.27497 0.16423 -1.1216 -0.49809 -0.63496 0.70847 0.65936 -0.077972 -0.68961 -0.57935 0.77145 0.55059 0.10962 0.76178 0.34755 -0.8468 0.063969 0.21854 0.92758 -0.45967 -0.72133 1.0247 0.49934 0.94682 0.18229 0.622 0.23544 -0.28514 0.61636 -0.55854 0.14319 -0.80675 0.11867 0.08173 0.52191 -0.54155 -0.20979 -0.57736 -0.36247 0.27554 0.99479 -0.32288 -0.78103 0.42468 -1.3812 -0.30212 1.6479 1.1042 -0.72007 0.92189 -0.66277 0.91708 0.17834 -0.42385 0.22737 0.29095 -0.89354 -0.9203 -0.40037 -0.76322
IOExceptions	
entrylogger	
bookie	0.65164 -0.25335 -0.19795 -0.49545 -0.32673 0.58189 -0.3116 -0.13922 -0.10779 0.5212 -0.39106 0.53708 0.28801 -0.012371 -0.45566 0.20334 -0.098103 0.06489 -0.088069 0.18552 -0.16893 0.42056 -0.76814 -0.49706 0.12145 0.25659 -0.12386 0.038951 0.048838 -0.35079 -0.29348 0.3519 0.60149 -0.2164 0.37769 0.13295 -1.0109 -0.18987 0.29319 -0.33953 0.19102 0.77224 0.14469 -0.48925 -0.39739 -0.27959 -0.17533 0.0084332 0.084872 0.25401 -0.66617 0.30671 0.86098 0.066089 -0.025155 0.469 -0.49675 0.16925 0.026435 0.34973 -0.31293 -0.53352 0.10743 0.092931 -0.17253 -0.29529 0.31173 0.04008 0.67587 0.28793 -0.38645 -0.22807 0.25878 0.10851 -0.76834 -0.37766 0.48146 -0.15031 -0.058665 0.45986 0.73811 0.10711 0.47941 -0.48241 0.44757 -0.14615 -0.2136 0.035675 -0.25357 -0.46987 -0.2216 0.95781 -0.1166 -0.31404 0.33256 -0.37188 0.45733 -0.22351 0.16881 -0.16208
ledger	-0.097519 0.019218 0.31083 -0.93362 -0.063421 0.84452 -0.30059 -0.043742 -0.36889 0.23357 -0.32272 0.023506 -0.27058 0.67361 -0.10392 -0.33176 1.9714 -0.65449 1.1565 0.22186 -0.023259 -0.25079 -1.0693 0.44464 0.74248 -0.20549 0.8468 -0.45356 -0.91169 -0.086626 0.27662 0.23106 0.67158 -0.00247 -0.48613 -0.4698 0.51505 0.47191 -0.51864 0.24754 -0.72415 0.40955 -0.085019 -0.15213 -0.089834 0.35448 -0.44791 -0.61285 1.0952 -0.072855 0.57571 -0.1495 0.89025 0.21458 0.65056 0.18393 0.19471 0.13867 0.25399 -0.36238 -0.49249 0.94354 -1.026 -0.27004 -0.5735 -0.15479 1.3894 0.60978 -0.28407 0.80654 -0.74889 0.24198 -0.3286 -0.457 0.2767 -0.51766 0.78096 0.027115 -0.034276 -0.21247 -0.90375 0.58047 0.2291 -0.42345 -0.48713 -1.0152 0.67974 -0.24387 -0.20478 0.22415 -0.031934 0.094592 0.052866 0.73234 0.019748 0.89972 0.8993 -0.40125 0.15122 -0.26758
dir	-0.71801 -0.86331 0.43008 -0.41595 0.04072 -0.14347 -0.34496 0.45553 0.45387 1.1794 -0.1246 -0.44807 0.66623 0.011339 0.40207 0.099895 -0.61396 -0.9989 -0.010958 0.86176 0.69809 -0.14988 -0.18752 0.68768 -0.34042 0.36902 0.69845 -0.63207 -0.34025 -0.53168 0.43571 -0.7634 -0.21576 -0.34803 0.10104 0.24209 0.030269 0.34496 0.84606 -0.081045 0.26582 0.75674 -0.70679 0.34231 -0.070041 -0.30925 -0.4592 0.4275 0.20955 0.47974 -0.84269 0.63974 -0.54577 -0.15975 -0.71238 -0.15654 0.96908 -0.19734 -0.30634 -0.0010432 -0.044976 0.26674 -0.43974 0.6039 -0.034927 0.081512 0.022931 0.11375 0.027767 0.57448 0.49853 -0.99886 0.23649 -0.61025 -0.61334 0.0056369 -0.23004 0.86846 0.23728 -0.032428 -0.036167 0.18511 -0.90117 -1.1022 0.001873 0.47714 -0.21804 -0.81724 0.42517 1.1577 0.34997 0.18277 -0.19004 1.4998 -0.3468 0.65158 0.15421 0.43208 0.27086 -0.48407

jira	-0.36607 -0.50855 -0.18384 0.26939 -0.020181 0.12515 -0.47105 -0.070566 0.54101 -0.012816 0.22318 -0.10936 -0.13729 0.0048133 0.11906 -0.10551 0.018379 0.1615 0.42072 -0.30783 -0.11886 0.51231 -0.27811 0.1199 -0.20423 0.23386 0.503 0.53979 -0.63075 0.27432 -0.29492 -0.43088 0.29898 0.024932 -0.091652 -0.30508 0.19747 -0.22589 0.44227 -0.1956 0.22034 0.23353 -0.046894 0.16618 -0.34307 -0.072686 -0.48214 0.18839 -0.146 0.33824 -0.32251 0.12969 -0.38254 -0.21457 -0.024597 0.38569 0.15077 0.055702 -0.41715 -0.1801 0.46756 -0.19354 -0.35611 -0.021253 -0.16946 0.11434 -0.091037 -0.064763 0.072855 0.31405 0.27474 0.3597 -0.087079 0.54541 0.27735 -0.021656 -0.52388 -0.10944 0.82531 -0.29595 -0.36597 -0.073742 0.071618 0.28668 0.061423 0.59562 -0.25403 0.0083284 0.49201 0.055816 0.063911 0.28527 0.080023 -0.042066 0.8955 0.28142 0.14563 -0.31184 -0.33121 0.0066379
detect	-0.3999 -0.098211 0.023491 0.36815 -0.6473 -0.20402 -0.44368 -0.28247 0.52356 0.61116 0.24102 -0.34229 -0.11141 -0.20774 0.81225 0.22145 0.35858 0.514 0.2388 -0.14821 -0.38711 -0.55413 -0.15645 -0.78036 -0.47967 0.041803 -0.28677 -0.099533 0.73831 -0.1747 0.11015 -0.10398 -0.44635 0.79564 0.80585 -0.57322 0.10947 -0.62992 0.68054 0.14811 -0.27497 0.16423 -1.1216 -0.49809 -0.63496 0.70847 0.65936 -0.077972 -0.68961 -0.57935 0.77145 0.55059 0.10962 0.76178 0.34755 -0.8468 0.063969 0.21854 0.92758 -0.45967 -0.72133 1.0247 0.49934 0.94682 0.18229 0.622 0.23544 -0.28514 0.61636 -0.55854 0.14319 -0.80675 0.11867 0.08173 0.52191 -0.54155 -0.20979 -0.57736 -0.36247 0.27554 0.99479 -0.32288 -0.78103 0.42468 -1.3812 -0.30212 1.6479 1.1042 -0.72007 0.92189 -0.66277 0.91708 0.17834 -0.42385 0.22737 0.29095 -0.89354 -0.9203 -0.40037 -0.76322
IOExceptions	
EntryLogger	
iterate	-0.88577 0.091064 -0.11988 0.34611 0.23527 0.22956 0.16582 0.10052 0.27145 -0.24607 0.20233 0.088786 0.62839 -0.43842 0.12429 -0.21843 -0.0020405 1.0136 -0.055415 -0.57065 0.041266 0.26031 -0.88709 -0.12366 -0.057923 -0.34438 0.75029 1.1931 0.4043 -0.49239 -0.65644 -0.13008 -0.2211 0.21507 -0.59804 -0.046172 0.22301 -0.59705 0.13868 0.082803 -0.061897 -0.10543 -0.30891 0.04363 -0.03839 0.30968 -0.22777 -0.51736 -0.17365 0.039397 0.054816 -0.19812 -0.013644 0.44159 -0.058514 0.31561 0.16935 0.47565 -0.5535 -0.11592 0.24922 -0.42069 0.24939 0.12802 -0.11973 0.39487 -0.15825 -0.2454 -0.30309 -0.57401 0.25717 0.25753 0.11602 -0.67872 -0.017468 0.012919 -0.77699 -0.63983 0.64789 -0.022154 -0.21328 0.069118 -0.15309 0.3614 0.59198 -0.094571 0.61491 -0.8318 -0.05764 -0.0094874 -1.5179 0.11252 -0.34704 -0.66756 0.40962 -0.66531 0.99768 -0.18592 -0.53914 0.3631
configured	-1.3405 0.40883 0.34683 0.17764 -0.17633 0.53685 -0.030484 -0.032226 0.28153 0.22079 0.35627 -0.34807 0.88821 -0.4976 0.21051 -0.57995 0.41571 1.178 -0.24726 -0.43393 -0.64259 -0.88988 0.6588 -0.097478 -0.0043378 -0.94367 -0.21966 0.69945 -0.011081 0.22087 0.23896 0.60744 -0.36041 -0.1083 1.1356 0.93706 -0.080194 -0.39613 0.44432 0.063839 0.96653 -0.028513 0.12042 -0.14708 0.18115 0.43807 0.30464 -0.17959 -0.089485 0.11241 -0.4623 0.14695 0.51109 0.07003 -0.10199 0.03511 0.5719 0.29401 0.76354 -0.46843 -0.17579 0.0089904 0.40958 0.40584 -0.31139 -0.21239 0.012161 0.26059 -0.24897 0.14607 -0.028213 -0.4541 0.48716 -0.11446 0.26186 -0.3982 -0.11841 0.19419 0.33675 -0.24991 -0.27863 -0.73536 -1.0052 0.24579 -0.64848 0.15041 0.93899 -0.35933 -0.58489 -0.033459 -0.44925 0.7084 0.10499 -0.76231 0.88556 -0.080413 0.0094664 -0.08796 0.48609 -0.52204
ledger	-0.097519 0.019218 0.31083 -0.93362 -0.063421 0.84452 -0.30059 -0.043742 -0.36889 0.23357 -0.32272 0.023506 -0.27058 0.67361 -0.10392 -0.33176 1.9714 -0.65449 1.1565 0.22186 -0.023259 -0.25079 -1.0693 0.44464 0.74248 -0.20549 0.8468 -0.45356 -0.91169 -0.086626 0.27662 0.23106 0.67158 -0.00247 -0.48613 -0.4698 0.51505 0.47191 -0.51864 0.24754 -0.72415 0.40955 -0.085019 -0.15213 -0.089834 0.35448 -0.44791 -0.61285 1.0952 -0.072855 0.57571 -0.1495 0.89025 0.21458 0.65056 0.18393 0.19471 0.13867 0.25399 -0.36238 -0.49249 0.94354 -1.026 -0.27004 -0.5735 -0.15479 1.3894 0.60978 -0.28407 0.80654 -0.74889 0.24198 -0.3286 -0.457 0.2767 -0.51766 0.78096 0.027115 -0.034276 -0.21247 -0.90375 0.58047 0.2291 -0.42345 -0.48713 -1.0152 0.67974 -0.24387 -0.20478 0.22415 -0.031934 0.094592 0.052866 0.73234 0.019748 0.89972 0.8993 -0.40125 0.15122 -0.26758
IOException	
Entry	0.080984 -0.4078 0.79013 0.2939 0.39911 -0.37849 -0.20229 0.31229 0.66054 0.046952 -0.13641 0.050918 0.044995 -0.0083643 -0.13665 0.41119 0.5295 -0.14733 0.16016 -0.13209 -0.18063 0.14285 0.051452 0.11356 0.7469 -0.64778 0.35657 -0.75742 0.65843 -0.43985 -0.74499 0.43337 0.088468 0.043881 0.88773 -0.032348 -0.12407 0.045864 -0.58771 -0.21644 -0.53699 -0.38203 0.60302 0.37937 0.65502 -0.13578 -0.17573 -0.28327 0.29092 -0.032701 0.75041 0.21033 -0.76801 0.60837 -0.32939 -1.4637 0.095297 -0.045804 2.2439 0.14158 -0.86539 0.027674 0.042394 0.39544 0.84694 -0.34606 -0.39589 0.19677 -0.064193 -0.73219 -0.23883 -0.31633 -0.060286 -0.015767 -0.44187 0.58587 0.0052621 -0.038653 -0.59638 -0.7553 0.67292 -0.092578 -0.18081 -0.14128 -0.73379 -0.12109 0.43414 -0.74208 0.33001 0.114 -0.47636 0.45043 0.18193 0.09775 0.055432 -0.071906 -0.1683 0.41603 0.48882 -0.25235
Logger	0.47666 0.22876 0.36439 -0.0093139 -0.024487 -0.17887 0.29378 -0.39858 0.14722 0.040445 -0.3375 0.22843 0.4851 -0.53768 0.24527 0.51519 0.4959 -0.29565 0.35858 0.0073068 -0.11431 0.60572 0.13874 -0.29384 -0.10231 -0.10427 -1.0347 0.0011643 -0.20153 0.51732 0.13445 -0.0071465 0.064764 0.11739 0.39019 -0.091794 -0.53716 -0.27062 0.91717 -0.83528 -0.56784 0.26902 0.11829 0.081827 -0.65096 0.32422 0.0090198 -0.11489 -0.13744 0.13706 -0.55251 -0.217 0.12364 0.30912 0.25238 1.2376 -0.48838 -0.021518 0.13952 0.28826 0.052444 -0.51326 0.3111 -0.25344 -0.1044 0.056879 0.47017 -0.10781 0.48837 0.059016 -0.13843 0.25508 0.54974 -0.074762 -0.10093 -0.1116 0.32135 0.0089245 0.69211 -0.0033764 0.43023 -0.1564 0.031676 -0.00055141 0.058895 -0.15259 0.89678 0.040341 -0.23491 -0.019388 -0.083918 0.48491 -0.13581 0.33659 0.4694 -0.46478 0.57124 -0.36018 0.14949 -0.46718

Finally	0.61851 -0.27807 0.35836 0.15437 0.044585 0.047476 0.10817 0.23707 0.52219 -0.66548 0.8318 0.2932 0.25931 0.34696 0.21247 -0.55294 0.3338 0.47457 -0.4703 -0.30989 0.02095 -0.11308 0.025274 -0.15456 0.3587 0.24623 -0.49047 -0.49358 0.62605 -0.46433 -0.20048 0.74186 -0.23154 0.10224 -0.019141 -0.54358 -0.31196 -0.25007 0.091182 -0.16244 -0.6861 -0.47767 0.3691 -0.54807 0.13596 -0.094692 0.19546 -0.19477 1.0913 -0.72046 -0.018621 -0.301 0.20789 1.2809 0.17108 -2.2464 -0.56008 0.065508 0.80571 0.76246 0.12023 0.51701 -0.57579 0.056758 0.76707 -0.022919 -0.16571 0.27619 -0.39673 -0.12774 0.43812 -0.096099 -0.3345 -0.2052 -0.19662 0.18344 -0.32918 -0.034813 -0.45065 0.32537 -0.075914 0.16247 -0.83801 0.06151 -1.2428 -0.48734 0.22866 -0.46051 -0.38395 -0.014644 -0.14666 -0.55971 -0.17897 0.42728 -0.76773 0.21229 0.17156 0.16237 -0.24132 0.25702
writable	-0.71607 -0.059157 -0.26979 -0.1771 0.24295 0.95866 -0.038368 -0.64249 0.90394 0.18953 -0.02649 -0.10451 -0.027216 0.37998 0.026016 0.67836 0.14194 0.15155 0.4381 -0.16636 0.52465 -0.18723 -0.48302 0.065337 -0.13379 -0.02974 0.19851 0.1591 -0.16129 0.027431 0.27316 -0.68314 -0.57097 0.32194 0.3219 -0.074977 0.10047 -0.067786 0.10442 -0.30065 1.0693 0.24647 0.011343 0.28573 0.020797 -0.14581 0.18623 0.049017 0.27796 -0.45956 -0.21709 0.40338 -0.063063 -0.54578 0.99053 0.62037 0.26052 0.48526 0.14737 -0.95842 0.47396 -0.38743 0.25964 0.0307 0.077987 0.77344 0.21551 0.22338 -0.29048 -0.44308 0.050175 0.24508 0.86462 0.5548 -0.50286 0.4033 0.1303 -0.029503 0.28836 -0.06228 -0.23445 0.27687 -0.0061445 0.21175 0.22102 1.0569 0.32785 -0.045483 0.20235 -0.31136 -0.4342 0.48597 0.022849 -0.24208 0.041132 -0.26757 0.66683 -0.14052 -0.046904 -0.29881
dirs	
move	-0.021606 -0.10639 0.11104 -0.19535 -0.15463 -0.021794 -0.49271 0.037687 0.03788 0.079461 0.11757 0.21303 0.057177 -0.59581 -0.12174 0.058865 -0.3029 0.33552 -0.41281 -0.069985 0.75037 0.11583 -0.27081 0.46937 0.21231 -0.11562 -0.21439 -0.33636 0.12305 0.019461 -0.39404 0.8718 -0.17674 -0.13337 0.0030434 0.27575 0.22314 -0.37808 -0.35052 -0.23319 -0.4751 -0.54627 -0.21481 -0.35311 -0.25409 0.13777 0.088258 0.27232 0.17943 -0.79158 0.4327 0.029326 -0.0076881 1.2184 0.048029 -2.5612 -0.24577 -0.39375 1.6298 0.23657 -0.46253 0.49255 -0.16006 -0.01842 0.88971 -0.022171 -0.19875 0.72445 -0.22658 -0.56365 0.083209 -0.90564 -0.39346 -1.0547 0.35143 -0.32817 -0.2591 0.39502 -0.2802 0.15717 0.42952 -0.26731 -0.56228 -0.35319 -1.026 -0.51456 0.70897 0.23269 0.21666 -0.69723 -0.43846 -0.17088 -0.39565 0.060127 -0.72325 -0.16621 0.28695 0.11868 0.6948 0.21722
bookie	0.65164 -0.25335 -0.19795 -0.49545 -0.32673 0.58189 -0.3116 -0.13922 -0.10779 0.5212 -0.39106 0.53708 0.28801 -0.012371 -0.45566 0.20334 -0.098103 0.06489 -0.088069 0.18552 -0.16893 0.42056 -0.76814 -0.49706 0.12145 0.25659 -0.12386 0.038951 0.048838 -0.35079 -0.29348 0.3519 0.60149 -0.2164 0.37769 0.13295 -1.0109 -0.18987 0.29319 -0.33953 0.19102 0.77224 0.14469 -0.48925 -0.39739 -0.27959 -0.17533 0.0084332 0.084872 0.25401 -0.66617 0.30671 0.86098 0.066089 -0.025155 0.469 -0.49675 0.16925 0.026435 0.34973 -0.31293 -0.53352 0.10743 0.092931 -0.17253 -0.29529 0.31173 0.04008 0.67587 0.28793 -0.38645 -0.22807 0.25878 0.10851 -0.76834 -0.37766 0.48146 -0.15031 -0.058665 0.45986 0.73811 0.10711 0.47941 -0.48241 0.44757 -0.14615 -0.2136 0.035675 -0.25357 -0.46987 -0.2216 0.95781 -0.1166 -0.31404 0.33256 -0.37188 0.45733 -0.22351 0.16881 -0.16208
mode	-0.58454 0.1782 0.21089 -0.10928 0.036117 0.37165 0.054745 -0.21771 0.8481 -0.19945 -0.014127 0.090492 -0.25391 -0.69947 0.68042 -0.41032 -0.1395 0.55584 0.75787 0.12574 0.33221 -0.81682 -0.26865 -0.28521 0.64965 0.059865 0.11521 0.34197 -0.4439 0.29224 -0.65231 0.51485 -0.69647 0.016968 0.90987 -0.051044 -0.55005 -0.3511 0.29205 -0.99075 0.19483 -0.55884 -0.066303 0.27095 -0.52961 -0.12511 -0.19716 -0.6003 0.30671 -0.37327 0.048318 0.43074 -0.50589 0.86283 0.81619 -1.6391 0.20086 0.10315 0.9547 0.75832 0.0063727 0.042162 0.0091806 -0.043432 0.75094 0.34978 -0.32553 -0.80299 0.14411 0.034986 -0.06462 -0.50994 0.15917 -0.11388 0.58442 -0.0075391 -0.30191 0.082049 0.28329 -0.98699 0.1848 -0.50387 -0.72262 -0.13166 -0.89494 1.1948 -0.048132 -0.58937 0.14599 -0.3419 -0.33422 0.65656 0.76506 0.93339 0.76996 -0.16883 -0.23895 -0.44539 0.69067 -0.17003
mode	-0.58454 0.1782 0.21089 -0.10928 0.036117 0.37165 0.054745 -0.21771 0.8481 -0.19945 -0.014127 0.090492 -0.25391 -0.69947 0.68042 -0.41032 -0.1395 0.55584 0.75787 0.12574 0.33221 -0.81682 -0.26865 -0.28521 0.64965 0.059865 0.11521 0.34197 -0.4439 0.29224 -0.65231 0.51485 -0.69647 0.016968 0.90987 -0.051044 -0.55005 -0.3511 0.29205 -0.99075 0.19483 -0.55884 -0.066303 0.27095 -0.52961 -0.12511 -0.19716 -0.6003 0.30671 -0.37327 0.048318 0.43074 -0.50589 0.86283 0.81619 -1.6391 0.20086 0.10315 0.9547 0.75832 0.0063727 0.042162 0.0091806 -0.043432 0.75094 0.34978 -0.32553 -0.80299 0.14411 0.034986 -0.06462 -0.50994 0.15917 -0.11388 0.58442 -0.0075391 -0.30191 0.082049 0.28329 -0.98699 0.1848 -0.50387 -0.72262 -0.13166 -0.89494 1.1948 -0.048132 -0.58937 0.14599 -0.3419 -0.33422 0.65656 0.76506 0.93339 0.76996 -0.16883 -0.23895 -0.44539 0.69067 -0.17003
enabled	-0.15591 -0.15244 0.024247 0.19638 0.38549 -0.16732 0.049085 -0.61164 0.054926 0.020447 0.45683 -0.33083 -0.0013089 -0.4597 0.028587 -0.34466 0.037928 0.092702 -0.43534 0.38162 -0.52311 -0.88168 0.30428 0.011228 0.34385 -0.50073 -0.072961 -0.32343 -0.010649 -0.40145 -0.28184 0.67938 -0.34782 0.023542 0.3704 0.15937 -0.057708 -0.088458 -0.21347 -0.10713 0.087289 -0.37373 -0.29914 -0.052967 -0.32309 -0.30071 0.80101 -0.047147 0.55317 -0.13727 -0.70155 0.83374 0.020921 0.43163 0.80491 -1.0311 -0.27975 -0.32904 1.0469 -0.39879 -0.21816 -0.018956 0.34864 0.27022 0.20406 0.41182 -0.20436 0.14056 0.56573 -0.36143 0.31262 0.16103 0.21075 -0.66812 0.22953 -0.043268 0.074382 0.13019 -0.039323 0.10275 0.86967 0.22767 -0.32968 -0.19082 -1.3295 0.36146 0.63694 0.11047 -0.21162 0.046324 -0.080462 -0.24856 0.1696 -0.49581 0.020592 -0.77638 0.23482 0.069817 -0.065275 -0.13334

default	0.33114 0.014942 0.99187 0.38411 -0.4106 0.58891 -0.93763 -0.84671 0.49364 0.23774 0.37915 0.98874 -0.26934 -0.43905 -0.048258 -0.17078 -0.014696 0.97154 0.79431 0.14196 -0.793 -0.070413 0.50371 0.94574 0.57931 -0.61047 -0.45931 0.12778 -0.3349 -0.28324 0.84074 0.44103 -0.86744 0.17241 0.72092 0.43463 0.17021 -0.76502 0.20404 -0.70325 0.77772 0.024078 -0.29457 0.064888 0.41723 0.41768 0.52571 -0.48805 -0.63502 -0.50895 -0.27942 0.37113 -0.12641 0.19347 -0.093929 -1.3535 0.42614 -0.80912 1.1384 0.74391 -0.22827 -0.062065 -0.42025 -0.11977 0.99295 -0.18427 -0.58024 -0.20119 0.13045 -0.62191 -0.83578 0.25252 -0.48769 -0.10008 -0.071625 0.15183 -0.65145 0.49648 -0.43732 -0.14066 1.0021 -0.69727 -0.51203 -0.69354 -0.2284 0.21031 -0.19693 0.03496 0.37861 -1.0331 -0.39055 0.77292 0.052075 0.040813 0.36301 0.34841 0.75934 -0.25593 0.17751 -0.41197
mode	-0.58454 0.1782 0.21089 -0.10928 0.036117 0.37165 0.054745 -0.21771 0.8481 -0.19945 -0.014127 0.090492 -0.25391 -0.69947 0.68042 -0.41032 -0.1395 0.55584 0.75787 0.12574 0.33221 -0.81682 -0.26865 -0.28521 0.64965 0.059865 0.11521 0.34197 -0.4439 0.29224 -0.65231 0.51485 -0.69647 0.016968 0.90987 -0.051044 -0.55005 -0.3511 0.29205 -0.99075 0.19483 -0.55884 -0.066303 0.27095 -0.52961 -0.12511 -0.19716 -0.6003 0.30671 -0.37327 0.048318 0.43074 -0.50589 0.86283 0.81619 -1.6391 0.20086 0.10315 0.9547 0.75832 0.0063727 0.042162 0.0091806 -0.043432 0.75094 0.34978 -0.32553 -0.80299 0.14411 0.034986 -0.06462 -0.50994 0.15917 -0.11388 0.58442 -0.0075391 -0.30191 0.082049 0.28329 -0.98699 0.1848 -0.50387 -0.72262 -0.13166 -0.89494 1.1948 -0.048132 -0.58937 0.14599 -0.3419 -0.33422 0.65656 0.76506 0.93339 0.76996 -0.16883 -0.23895 -0.44539 0.69067 -0.17003
disabled	0.10681 0.85336 0.074017 -0.54806 -0.22823 0.46428 -0.36815 0.20061 0.43123 -0.27867 0.18529 -0.38785 0.81079 -0.8469 0.47384 -0.74078 0.27329 0.166 -0.72717 0.24112 -0.26742 -0.20204 0.27734 0.83316 0.78278 -0.27077 -1.2352 -0.47514 -0.022307 1.0018 0.25307 1.1858 0.039255 0.065592 0.20779 -0.065474 -0.64899 0.72044 -0.37002 0.95345 -0.11742 0.35586 0.31367 -0.12728 0.20261 0.10198 0.016134 0.18262 -0.057787 -0.17292 -0.46628 -0.7663 -0.65329 -0.071911 -0.039285 -0.41162 0.37885 -0.72725 2.0323 0.62004 -0.16212 0.30733 0.11364 0.13626 0.30013 0.46052 0.21658 -0.085847 -0.26992 -0.21168 0.24789 -0.24028 -0.43644 0.50823 0.97873 0.88221 0.22002 0.99036 -0.085141 -1.1934 0.031367 0.16494 -0.06716 0.27064 -1.1286 0.3945 -0.18285 0.93314 -0.9717 -0.21962 -0.48518 -0.3491 1.11 -0.35791 0.004874 0.4521 -0.056792 0.26864 0.14809 -1.1732
bookie	0.65164 -0.25335 -0.19795 -0.49545 -0.32673 0.58189 -0.3116 -0.13922 -0.10779 0.5212 -0.39106 0.53708 0.28801 -0.012371 -0.45566 0.20334 -0.098103 0.06489 -0.088069 0.18552 -0.16893 0.42056 -0.76814 -0.49706 0.12145 0.25659 -0.12386 0.038951 0.048838 -0.35079 -0.29348 0.3519 0.60149 -0.2164 0.37769 0.13295 -1.0109 -0.18987 0.29319 -0.33953 0.19102 0.77224 0.14469 -0.48925 -0.39739 -0.27959 -0.17533 0.0084332 0.084872 0.25401 -0.66617 0.30671 0.86098 0.066089 -0.025155 0.469 -0.49675 0.16925 0.026435 0.34973 -0.31293 -0.53352 0.10743 0.092931 -0.17253 -0.29529 0.31173 0.04008 0.67587 0.28793 -0.38645 -0.22807 0.25878 0.10851 -0.76834 -0.37766 0.48146 -0.15031 -0.058665 0.45986 0.73811 0.10711 0.47941 -0.48241 0.44757 -0.14615 -0.2136 0.035675 -0.25357 -0.46987 -0.2216 0.95781 -0.1166 -0.31404 0.33256 -0.37188 0.45733 -0.22351 0.16881 -0.16208
shutdown	-0.093531 -0.15656 0.61654 -0.41531 -0.76795 -1.0526 -0.2964 0.68782 0.2679 -0.028498 -0.087521 0.40283 0.24165 -0.2292 -0.17496 0.056856 -0.064895 0.19455 0.53937 -0.29688 0.194 -0.055128 0.30649 0.034321 0.59875 -0.041515 -0.87442 1.1396 -0.23416 -0.091468 -0.084022 -0.25983 0.15727 0.014649 -0.84946 0.20429 0.39333 -0.90041 -0.20823 -0.25294 -0.07755 -0.0010285 -0.074748 0.60296 0.65446 0.10566 0.54186 -0.65569 0.37157 0.021147 0.44563 -0.28638 -0.5841 0.15929 -0.017351 -0.72156 -0.18813 -0.47863 1.3889 0.91705 -0.31374 -0.62033 0.6015 -0.50125 0.80852 0.1507 -0.1994 -0.71621 -0.3032 -0.41132 -0.3946 0.034643 -0.69125 0.33376 0.16133 0.086588 0.25082 0.15417 -0.66196 0.41538 0.20561 -1.1525 -0.37101 0.50961 -1.1255 0.53035 1.1215 0.377 -0.14136 -0.3436 0.57066 0.59374 -0.75968 0.23382 -0.28718 -0.033363 1.0928 0.65484 0.41598 -0.38681
writable	-0.71607 -0.059157 -0.26979 -0.1771 0.24295 0.95866 -0.038368 -0.64249 0.90394 0.18953 -0.02649 -0.10451 -0.027216 0.37998 0.026016 0.67836 0.14194 0.15155 0.4381 -0.16636 0.52465 -0.18723 -0.48302 0.065337 -0.13379 -0.02974 0.19851 0.1591 -0.16129 0.027431 0.27316 -0.68314 -0.57097 0.32194 0.3219 -0.074977 0.10047 -0.067786 0.10442 -0.30065 1.0693 0.24647 0.011343 0.28573 0.020797 -0.14581 0.18623 0.049017 0.27796 -0.45956 -0.21709 0.40338 -0.063063 -0.54578 0.99053 0.62037 0.26052 0.48526 0.14737 -0.95842 0.47396 -0.38743 0.25964 0.0307 0.077987 0.77344 0.21551 0.22338 -0.29048 -0.44308 0.050175 0.24508 0.86462 0.5548 -0.50286 0.4033 0.1303 -0.029503 0.28836 -0.06228 -0.23445 0.27687 -0.0061445 0.21175 0.22102 1.0569 0.32785 -0.045483 0.20235 -0.31136 -0.4342 0.48597 0.022849 -0.24208 0.041132 -0.26757 0.66683 -0.14052 -0.046904 -0.29881
disk	-0.99409 0.44057 0.59163 -0.29102 0.68277 0.34133 -0.039091 0.25587 0.8789 0.13469 0.7803 -0.21217 0.20146 -0.64353 0.23912 0.46478 0.63836 0.4254 0.99355 -0.132 -0.54272 -0.4456 -0.89462 0.40266 0.79481 0.1061 0.2185 0.35532 0.33913 0.3608 0.66226 0.099902 -0.73191 0.29776 0.2988 0.45013 0.56976 0.33084 0.948 -0.97732 0.44719 -0.49741 0.11837 -0.23937 -1.1438 -0.042837 0.93859 -0.28926 0.45022 0.38675 0.1955 -0.0097474 -0.46493 0.28409 0.70356 -0.80653 -0.33527 0.59602 1.9092 0.84316 0.51607 0.46242 -0.302 0.87477 0.018092 0.043892 0.84946 -0.11272 0.43658 -0.043819 0.4355 0.94021 0.91853 0.30295 0.083457 -0.072902 -0.28659 0.5452 0.17436 0.15247 0.41343 0.023253 -0.8522 0.030438 -0.94189 0.86418 0.96506 -0.086126 -0.00087023 0.37437 -0.27041 1.0415 -0.13959 -0.024478 0.25209 -0.66202 0.67647 -0.25387 0.80379 -0.80929

