FastDateFormat	
getDateInstance	
getDateTimeInstance	
assume	-0.093221 -0.044984 0.70966 0.3674 -0.68108 -0.042645 -0.76958 0.056269 0.3706 0.090895 0.14645 0.50263 0.62681 -0.074608 0.14514 -1.0588 -0.018759 0.6534 -0.21228 0.19187 0.1052 -0.62385 -0.20835 -0.40834 -0.91108 -0.45037 0.22953 -0.14536 0.74105 -0.50815 0.36511 0.46151 -0.38919 -0.55013 -0.048052 0.38311 0.08263 0.14877 0.17637 -0.33309 0.13194 0.10877 0.3128 -0.38063 -0.49071 0.33663 0.16616 -0.010863 -0.84043 -0.85448 0.22282 -0.28779 0.15302 0.61958 0.18514 -1.2202 0.55295 -0.43526 0.83602 0.085996 0.19922 0.04617 -0.51371 -0.18869 0.80368 0.08237 -0.0011886 0.57799 -0.25589 -0.01844 0.092932 -0.46226 -0.32825 -0.019771 0.1095 -0.69923 -0.8096 -0.08148 -0.58831 -0.29395 0.021455 -0.24898 -0.64938 0.019219 -0.57773 -0.16226 0.36085 -0.10517 0.24199 -0.52559 -0.23912 0.12104 0.66949 -0.55437 -0.26663 0.090377 0.059349 -0.39457 0.1234 0.28844
Locale	-0.051522 -0.012802 0.92279 0.26921 -0.066489 0.3942 0.12998 0.22358 0.54948 0.23675 -0.81632 -0.26606 0.12624 -0.93157 0.41182 0.12705 0.5995 0.0522 0.21694 0.17573 0.033074 0.057267 -0.079317 -0.25982 -0.25539 -0.39792 0.30371 0.0086414 -0.67585 -0.33042 -0.39927 -0.20178 0.37157 -0.035501 0.23874 0.34603 -0.15095 -0.39605 0.071099 -0.58753 0.13378 0.070059 -0.076195 0.15756 0.1655 0.14555 0.41208 -0.023144 0.088044 0.33701 -0.091222 0.10359 0.21071 -0.051058 -0.083377 -0.18563 -0.19678 -0.10947 -0.036181 -0.11338 -0.37528 0.63868 0.57084 -0.087862 0.58098 -0.6821 0.030975 -0.66592 0.096025 -0.19877 -0.82227 -0.52047 0.12287 -0.1679 0.12413 -0.20137 0.020114 -0.50148 0.13702 0.27315 -0.83567 -0.29838 -0.33373 -0.15714 -0.1138 0.38328 -0.0031111 0.15894 0.26887 -0.3426 -0.2726 0.42702 0.46353 -0.27899 -0.037411 0.28629 -0.22476 -0.12441 0.17024 0.27914
getDefault	
won	0.76222 0.4244 0.52142 -0.17333 0.88267 -0.34731 0.56977 0.56831 -1.1566 -0.1112 0.65045 -0.327 -0.59486 -0.11525 -0.61917 -0.26306 0.099659 0.19816 -0.029884 0.51016 1.0697 0.43445 0.73357 0.4988 0.7165 -0.68969 -0.17862 -0.82457 1.2123 -1.0012 -0.10805 0.79784 -0.0074444 0.31013 0.52086 -0.33906 -0.24449 1.4257 -1.3048 0.64268 -0.064299 -0.52785 0.24627 -0.71255 0.15777 -0.37284 0.76634 -0.83944 0.38903 -0.72386 -1.0251 -0.39154 0.77334 1.0487 0.077734 -2.3149 0.22371 0.60979 0.45228 0.28971 -0.1929 0.023149 -0.74615 0.7548 0.62112 -0.034022 0.016985 1.0178 -0.14847 0.47618 -0.18533 0.8837 -0.76806 0.42934 -0.4407 0.50914 -0.99371 -0.0265 -1.0665 -0.27986 0.61159 -0.067872 -0.14687 -0.029796 -0.60673 -0.29901 -0.37141 0.31543 0.59648 0.055415 -0.078148 -0.21809 -0.020038 1.0129 -0.51481 0.45144 -0.59261 0.52001 0.5746 0.25853
change	-0.21947 0.11521 0.65302 -0.065847 -0.27114 -0.31691 -0.27264 0.072489 -0.1994 0.18162 -0.40119 -0.15237 0.15274 -0.44999 0.35391 -0.18541 -0.31092 0.13765 -0.28494 -0.21728 0.084083 -0.26736 -0.13991 -0.10453 -0.22532 0.08351 -0.0078045 -0.66395 0.35111 -0.32218 -0.017092 1.0643 -0.19717 -0.16794 -0.32944 0.0015641 0.177 -0.23554 -0.41079 -0.45179 -0.98893 -0.39237 0.10609 -0.10884 -0.69575 0.066924 0.011955 -0.033838 -0.56384 -1.2382 0.60476 -0.077292 -0.093608 1.1617 0.45363 -2.4786 0.22304 0.0071302 1.6748 0.28602 -0.43532 0.36987 -0.68299 -0.16679 1.5058 0.27098 -0.32695 -0.1704 0.36196 -0.62764 0.074537 -0.26008 -0.36486 -0.67706 0.40995 -0.55273 -0.13101 -0.21172 -0.37387 -0.023259 -0.044405 -0.83011 -0.25722 -0.13334 -1.4099 -0.051098 0.29462 -0.62621 -0.46596 -0.68857 0.06224 -0.11744 -0.35229 -0.14699 -0.22453 -0.07303 -0.11518 -0.29582 0.69329 0.27524
Fast	-0.29428 0.25787 0.011717 -0.17985 -0.36054 -0.24693 -0.46744 -0.074908 -0.59788 0.023629 0.24543 -0.24263 -0.15302 -0.32632 0.27063 -0.41692 -0.53232 0.067077 -0.11251 0.25403 0.87933 0.60451 0.26375 -0.66206 0.36511 1.1593 -0.80014 -0.54176 -0.46005 0.60518 -0.60287 0.57486 -0.14712 -0.69648 0.65833 -0.018851 -0.083176 -0.23039 -0.093874 0.057157 -0.21744 0.13993 0.13621 -0.27003 0.21129 0.014057 0.33412 -0.051747 0.95018 -0.95344 0.16066 0.28266 0.0040011 0.63946 0.40329 -2.0304 -0.71399 0.99484 1.8929 0.055106 -0.43624 0.21601 0.16858 0.11695 0.54723 0.52183 -0.016353 -0.001128 0.62834 -0.2157 0.032744 -0.13322 0.12737 -0.33746 0.59192 -0.10416 -0.48434 -0.25466 0.46166 -0.5278 0.70844 -0.17581 -0.76447 0.42097 -1.1805 -0.16835 0.32361 -0.58442 -0.69939 -0.21042 0.21826 0.71773 -0.26079 -0.26494 -0.45767 -0.51785 0.21204 -0.14329 0.44774 0.38847
Format	-0.59103 -0.0012078 0.37935 -0.1451 0.56042 0.51616 0.87251 0.40328 0.11994 0.22068 0.52461 -0.65821 0.070258 -0.53878 0.82136 0.13865 0.25721 -0.092576 0.57766 0.054505 -0.61693 0.065714 0.38451 -0.046477 0.78157 -0.84954 1.0183 -0.33692 -0.11083 0.89616 0.051554 0.99687 -0.78067 0.46183 0.93662 0.004253 -0.10713 -0.85733 -0.24957 -1.3744 0.045211 -0.62367 -0.71313 0.55946 -0.88097 -0.59443 0.42415 -0.62953 0.030008 -0.27456 -0.23726 0.227 0.34931 0.66141 0.88024 -2.0356 -0.62774 -0.10856 1.4519 0.40681 0.032444 0.077106 -0.32639 -0.33249 0.77144 -0.32109 -0.29246 0.25994 -0.48132 -0.3172 -0.0082141 0.10878 0.49308 0.33096 -0.20104 0.62897 -0.11363 -0.16668 -0.18728 -0.24847 -0.61811 -1.2221 0.10372 0.020424 -0.60837 0.46781 -0.57902 -0.68822 -0.097844 0.70902 -0.56089 1.2875 -0.31719 0.41216 0.13174 -0.53202 -0.43119 0.060917 1.2574 0.6112
Instance	0.010899 0.39406 0.29634 0.36196 0.17799 0.17844 -0.075818 -0.11781 0.14571 -0.32329 -0.13999 -0.53306 0.042798 0.060121 0.011715 -0.053521 -0.027406 0.16515 -0.18966 0.38056 -0.068888 -0.32456 0.0047983 0.0028581 -0.086792 -0.12493 -0.0851 -0.38793 -0.33017 -0.27078 0.30466 0.64281 -0.10773 -0.33889 0.24451 0.22412 0.18467 -0.073845 0.43074 -0.33632 0.018725 -0.10932 -0.23746 -0.082098 -0.36712 -0.022573 0.46992 -0.29503 -0.22163 -0.57501 0.64988 -0.072025 0.11586 0.53095 -0.30042 -1.3944 -0.18381 -0.081316 1.1893 0.28351 -0.31151 0.35893 0.26718 -0.27926 1.049 -0.15551 0.17589 0.010665 0.30881 0.075101 -0.2255 0.11474 0.12657 0.29895 0.15033 0.032254 0.14809 -0.24944 -0.56316 0.038885 0.28959 -0.47264 -0.42758 -0.36073 -1.387 -0.0091781 0.014228 -0.39159 -0.043444 -0.10748 -0.030113 -0.24122 0.21177 -0.10005 -0.20015 0.16969 -0.26354 -0.4874 0.44446 -0.053874
Time	-0.024221 -0.034855 0.3571 -0.02155 -0.54804 0.31822 0.012929 0.35174 -0.4169 -0.29411 0.63723 -0.14859 -0.015264 -0.35811 0.12395 -0.67468 0.28165 -0.006541 -0.41743 0.0056387 0.26789 0.18282 0.077023 0.23808 0.505 -0.24993 -0.029143 -0.50666 0.42215 -0.097988 -0.45997 0.37969 -0.12402 -0.19568 -0.12479 0.24071 -0.51656 0.44866 -0.040484 -0.41001 -0.55576 -0.26892 0.19317 0.089754 -0.27962 -0.1567 0.39276 -0.97373 0.44148 -0.97508 0.0028868 -0.29774 0.33367 1.5798 -0.047833 -2.9699 -0.41627 0.034471 1.6993 0.8347 -0.28926 0.85307 -0.23608 0.12667 0.99202 -0.18601 0.28053 0.085047 0.27694 -0.030098 -0.30514 -0.29668 -0.027471 -0.2722 0.13718 -0.12591 -0.43509 -0.70461 -0.89953 -0.15115 0.50439 -0.23954 -0.5216 0.12224 -1.467 0.21616 -0.071825 -0.022067 -0.15128 -0.55081 -0.28592 0.32269 0.19877 0.14663 -0.81213 -0.30295 0.19865 -0.087568 0.25961 0.050783
Instance	0.010899 0.39406 0.29634 0.36196 0.17799 0.17844 -0.075818 -0.11781 0.14571 -0.32329 -0.13999 -0.53306 0.042798 0.060121 0.011715 -0.053521 -0.027406 0.16515 -0.18966 0.38056 -0.068888 -0.32456 0.0047983 0.0028581 -0.086792 -0.12493 -0.0851 -0.38793 -0.33017 -0.27078 0.30466 0.64281 -0.10773 -0.33889 0.24451 0.22412 0.18467 -0.073845 0.43074 -0.33632 0.018725 -0.10932 -0.23746 -0.082098 -0.36712 -0.022573 0.46992 -0.29503 -0.22163 -0.57501 0.64988 -0.072025 0.11586 0.53095 -0.30042 -1.3944 -0.18381 -0.081316 1.1893 0.28351 -0.31151 0.35893 0.26718 -0.27926 1.049 -0.15551 0.17589 0.010665 0.30881 0.075101 -0.2255 0.11474 0.12657 0.29895 0.15033 0.032254 0.14809 -0.24944 -0.56316 0.038885 0.28959 -0.47264 -0.42758 -0.36073 -1.387 -0.0091781 0.014228 -0.39159 -0.043444 -0.10748 -0.030113 -0.24122 0.21177 -0.10005 -0.20015 0.16969 -0.26354 -0.4874 0.44446 -0.053874
Default	0.33114 0.014942 0.99187 0.38411 -0.4106 0.58891 -0.93763 -0.84671 0.49364 0.23774 0.37915 0.98874 -0.26934 -0.43905 -0.048258 -0.17078 -0.014696 0.97154 0.79431 0.14196 -0.793 -0.070413 0.50371 0.94574 0.57931 -0.61047 -0.45931 0.12778 -0.3349 -0.28324 0.84074 0.44103 -0.86744 0.17241 0.72092 0.43463 0.17021 -0.76502 0.20404 -0.70325 0.77772 0.024078 -0.29457 0.064888 0.41723 0.41768 0.52571 -0.48805 -0.63502 -0.50895 -0.27942 0.37113 -0.12641 0.19347 -0.093929 -1.3535 0.42614 -0.80912 1.1384 0.74391 -0.22827 -0.062065 -0.42025 -0.11977 0.99295 -0.18427 -0.58024 -0.20119 0.13045 -0.62191 -0.83578 0.25252 -0.48769 -0.10008 -0.071625 0.15183 -0.65145 0.49648 -0.43732 -0.14066 1.0021 -0.69727 -0.51203 -0.69354 -0.2284 0.21031 -0.19693 0.03496 0.37861 -1.0331 -0.39055 0.77292 0.052075 0.040813 0.36301 0.34841 0.75934 -0.25593 0.17751 -0.41197

FastDateFormat	
getDateInstance	
getDateTimeInstance	
methods	-0.2423 0.13211 -0.67936 0.45996 -0.21641 -0.51798 -0.10365 -0.1912 -0.41132 0.8441 -0.26941 -0.66758 0.2484 -0.10603 0.43056 0.0039175 0.073171 0.22435 -0.27081 0.10137 -0.2215 -0.40721 0.45191 -0.055842 -0.95264 -0.18959 0.38524 -0.41789 -0.75394 0.36326 -0.28946 0.41763 -1.0765 -0.39895 0.37917 -0.12187 -0.41853 -0.38668 0.12842 -0.78409 -0.68577 -0.36915 -0.48672 0.083597 -0.9507 -0.1697 0.077853 -0.37041 -0.56236 -0.30129 0.46135 0.32251 -0.096093 1.6639 0.066285 -0.87226 0.23595 0.02971 0.95381 -0.056441 -0.25197 0.038403 0.49084 0.16828 1.2177 -0.070029 -0.23294 -0.6119 0.31231 -0.6499 -0.71108 0.12787 0.28364 0.43036 -0.12638 -0.54792 -0.17512 -0.004417 -0.88651 0.22528 0.92223 0.2918 -0.92874 -0.3415 -2.3113 1.0343 0.77391 -0.13573 -0.56931 -0.15843 -0.44041 -0.27991 0.33662 0.43257 0.40808 -0.44176 -0.98276 -0.87773 0.38472 0.46941
create	-0.26383 0.26373 -0.34955 0.083314 0.90819 -0.048935 -0.45747 -0.22535 0.30465 0.33276 -0.4685 -0.21108 -0.18969 -0.61031 -0.048294 -0.11973 0.42292 0.5067 -0.32303 0.1661 -0.015954 -0.48184 0.46411 -0.56109 -0.27748 -0.65359 -0.17535 -0.28018 -0.15452 -0.43765 -0.18374 0.76467 -0.52114 -0.58212 0.2433 -0.29428 0.49694 -0.34083 -0.26909 -0.090634 -0.10362 -0.016322 -0.79197 -0.6805 -0.25711 0.22994 0.074819 0.18185 -0.39566 -0.64057 -0.55135 -0.10861 -0.25924 0.77428 0.4059 -2.8124 0.54481 -0.11613 1.5227 0.19011 0.03108 0.89708 -0.22949 -0.073137 0.96343 0.00042938 0.33437 0.20522 0.35985 -0.93257 0.73966 -0.17801 -0.38467 -0.43444 0.43006 0.048868 -0.078963 -0.073633 -0.65398 0.40146 0.62592 -0.029576 -0.33386 0.34614 -1.1142 0.68437 0.56213 0.17745 -0.0098425 0.11455 0.35228 0.080023 -0.2583 -0.99062 0.16343 -0.47097 -0.062209 -0.66947 0.59345 0.15684
HashMap	
key	-0.22009 0.1228 0.49666 0.014973 0.58537 -1.0869 -0.4435 -0.67389 -0.11957 -0.2751 0.14446 -0.30252 -0.32128 0.14588 -0.1927 0.29439 0.093863 -0.43039 0.20753 0.084383 0.39514 -0.59375 0.32108 -0.065593 -0.11269 -0.6302 -0.23751 -0.094258 -0.36321 0.3258 0.082417 -0.093256 0.15658 -0.059934 0.022428 -0.11107 0.093985 -0.04207 -0.32812 0.031688 -0.50681 -0.61542 1.6011 0.030004 0.00056317 0.2723 -0.10129 -0.0017352 -0.46781 -0.58449 0.10235 0.15112 -0.22557 0.9944 -0.13042 -2.0398 -0.29454 -0.3525 1.7486 0.59134 -0.65688 0.3913 -0.068291 -0.00327 0.63607 -0.041222 0.22515 0.40704 0.60109 0.029032 -0.17948 0.24172 -0.21984 -0.55467 0.09011 -0.45749 -0.25776 0.02886 -0.17182 -0.00081766 0.70004 0.12981 -0.49957 -0.59933 -1.7221 0.32901 0.49726 0.61915 0.093617 -0.23046 -0.49754 0.5477 -0.28813 0.26786 -0.99516 0.3707 0.24787 -0.46564 0.97654 0.92977
items	-0.44426 0.65338 0.2781 -0.27647 0.60717 -0.31065 0.36422 0.081607 0.13379 -0.034591 0.55604 -0.56562 0.47458 0.35889 0.10059 0.2979 0.45091 0.61459 -0.28321 -0.061903 0.48586 -0.30354 0.31476 0.19261 0.044096 -0.52471 0.19959 -0.34325 -1.072 -0.38113 0.58536 -0.378 -0.79396 -0.39612 -0.0095991 0.47627 0.14997 -0.038934 -0.67033 -0.65046 0.3131 -0.92934 0.57214 -0.50817 -0.45609 0.33856 -0.8464 -0.10142 -0.11922 -0.88586 1.3082 0.83604 0.28375 0.10016 -0.17319 -0.75325 -0.83531 -0.41036 1.8687 0.17772 -0.50292 1.0237 -0.13091 0.33203 0.24433 -0.13268 0.57335 -0.17798 0.79058 -0.5917 -0.18566 -0.16344 0.38797 0.54996 0.20973 0.99784 -0.28349 0.48113 -0.52646 0.41068 0.44569 -0.13452 0.21198 -0.50174 -1.1097 -0.36163 -0.11541 -0.26695 -0.31028 -0.53158 -0.16932 0.047999 0.99857 -1.0927 -1.5087 -0.43667 -0.04505 -0.50928 1.1571 -0.073187
including	0.0139 0.39163 0.25724 -0.25674 0.94204 0.12373 -0.20938 0.054664 -1.0115 0.25815 0.12685 -0.7307 0.32935 0.53763 0.14463 -0.23226 0.28712 -0.35405 -0.73811 0.81866 0.35511 -0.056426 0.49399 0.23793 0.11212 -0.43093 0.15842 -0.22002 -0.25638 0.13653 0.18768 -0.26305 -0.36465 -0.12591 0.17239 0.22494 0.56454 0.33783 -0.60966 0.28113 -0.14947 -0.09533 0.17146 0.059489 0.27415 0.18265 -0.049619 -0.47251 -0.50669 -0.1765 0.014693 0.40691 -0.42133 0.91894 -0.060366 -2.036 0.032837 -0.3189 1.3219 0.78211 -0.9035 1.0438 0.35604 0.25706 0.7254 -0.074623 0.58051 0.38709 0.86653 0.029172 -0.59042 -0.015967 -0.41565 -0.069928 -0.52851 0.34929 0.087923 0.64766 -0.91468 -0.099785 1.3607 -0.081286 0.33493 0.49856 -1.6837 0.19294 0.24941 -0.1423 -0.11735 -0.30267 0.19788 -0.487 -0.22453 -0.20016 -0.95076 0.061864 -0.56481 -0.45471 1.5334 -0.27995
locale	-0.051522 -0.012802 0.92279 0.26921 -0.066489 0.3942 0.12998 0.22358 0.54948 0.23675 -0.81632 -0.26606 0.12624 -0.93157 0.41182 0.12705 0.5995 0.0522 0.21694 0.17573 0.033074 0.057267 -0.079317 -0.25982 -0.25539 -0.39792 0.30371 0.0086414 -0.67585 -0.33042 -0.39927 -0.20178 0.37157 -0.035501 0.23874 0.34603 -0.15095 -0.39605 0.071099 -0.58753 0.13378 0.070059 -0.076195 0.15756 0.1655 0.14555 0.41208 -0.023144 0.088044 0.33701 -0.091222 0.10359 0.21071 -0.051058 -0.083377 -0.18563 -0.19678 -0.10947 -0.036181 -0.11338 -0.37528 0.63868 0.57084 -0.087862 0.58098 -0.6821 0.030975 -0.66592 0.096025 -0.19877 -0.82227 -0.52047 0.12287 -0.1679 0.12413 -0.20137 0.020114 -0.50148 0.13702 0.27315 -0.83567 -0.29838 -0.33373 -0.15714 -0.1138 0.38328 -0.0031111 0.15894 0.26887 -0.3426 -0.2726 0.42702 0.46353 -0.27899 -0.037411 0.28629 -0.22476 -0.12441 0.17024 0.27914
Fast	-0.29428 0.25787 0.011717 -0.17985 -0.36054 -0.24693 -0.46744 -0.074908 -0.59788 0.023629 0.24543 -0.24263 -0.15302 -0.32632 0.27063 -0.41692 -0.53232 0.067077 -0.11251 0.25403 0.87933 0.60451 0.26375 -0.66206 0.36511 1.1593 -0.80014 -0.54176 -0.46005 0.60518 -0.60287 0.57486 -0.14712 -0.69648 0.65833 -0.018851 -0.083176 -0.23039 -0.093874 0.057157 -0.21744 0.13993 0.13621 -0.27003 0.21129 0.014057 0.33412 -0.051747 0.95018 -0.95344 0.16066 0.28266 0.0040011 0.63946 0.40329 -2.0304 -0.71399 0.99484 1.8929 0.055106 -0.43624 0.21601 0.16858 0.11695 0.54723 0.52183 -0.016353 -0.001128 0.62834 -0.2157 0.032744 -0.13322 0.12737 -0.33746 0.59192 -0.10416 -0.48434 -0.25466 0.46166 -0.5278 0.70844 -0.17581 -0.76447 0.42097 -1.1805 -0.16835 0.32361 -0.58442 -0.69939 -0.21042 0.21826 0.71773 -0.26079 -0.26494 -0.45767 -0.51785 0.21204 -0.14329 0.44774 0.38847
Format	-0.59103 -0.0012078 0.37935 -0.1451 0.56042 0.51616 0.87251 0.40328 0.11994 0.22068 0.52461 -0.65821 0.070258 -0.53878 0.82136 0.13865 0.25721 -0.092576 0.57766 0.054505 -0.61693 0.065714 0.38451 -0.046477 0.78157 -0.84954 1.0183 -0.33692 -0.11083 0.89616 0.051554 0.99687 -0.78067 0.46183 0.93662 0.004253 -0.10713 -0.85733 -0.24957 -1.3744 0.045211 -0.62367 -0.71313 0.55946 -0.88097 -0.59443 0.42415 -0.62953 0.030008 -0.27456 -0.23726 0.227 0.34931 0.66141 0.88024 -2.0356 -0.62774 -0.10856 1.4519 0.40681 0.032444 0.077106 -0.32639 -0.33249 0.77144 -0.32109 -0.29246 0.25994 -0.48132 -0.3172 -0.0082141 0.10878 0.49308 0.33096 -0.20104 0.62897 -0.11363 -0.16668 -0.18728 -0.24847 -0.61811 -1.2221 0.10372 0.020424 -0.60837 0.46781 -0.57902 -0.68822 -0.097844 0.70902 -0.56089 1.2875 -0.31719 0.41216 0.13174 -0.53202 -0.43119 0.060917 1.2574 0.6112
Instance	0.010899 0.39406 0.29634 0.36196 0.17799 0.17844 -0.075818 -0.11781 0.14571 -0.32329 -0.13999 -0.53306 0.042798 0.060121 0.011715 -0.053521 -0.027406 0.16515 -0.18966 0.38056 -0.068888 -0.32456 0.0047983 0.0028581 -0.086792 -0.12493 -0.0851 -0.38793 -0.33017 -0.27078 0.30466 0.64281 -0.10773 -0.33889 0.24451 0.22412 0.18467 -0.073845 0.43074 -0.33632 0.018725 -0.10932 -0.23746 -0.082098 -0.36712 -0.022573 0.46992 -0.29503 -0.22163 -0.57501 0.64988 -0.072025 0.11586 0.53095 -0.30042 -1.3944 -0.18381 -0.081316 1.1893 0.28351 -0.31151 0.35893 0.26718 -0.27926 1.049 -0.15551 0.17589 0.010665 0.30881 0.075101 -0.2255 0.11474 0.12657 0.29895 0.15033 0.032254 0.14809 -0.24944 -0.56316 0.038885 0.28959 -0.47264 -0.42758 -0.36073 -1.387 -0.0091781 0.014228 -0.39159 -0.043444 -0.10748 -0.030113 -0.24122 0.21177 -0.10005 -0.20015 0.16969 -0.26354 -0.4874 0.44446 -0.053874
Time	-0.024221 -0.034855 0.3571 -0.02155 -0.54804 0.31822 0.012929 0.35174 -0.4169 -0.29411 0.63723 -0.14859 -0.015264 -0.35811 0.12395 -0.67468 0.28165 -0.006541 -0.41743 0.0056387 0.26789 0.18282 0.077023 0.23808 0.505 -0.24993 -0.029143 -0.50666 0.42215 -0.097988 -0.45997 0.37969 -0.12402 -0.19568 -0.12479 0.24071 -0.51656 0.44866 -0.040484 -0.41001 -0.55576 -0.26892 0.19317 0.089754 -0.27962 -0.1567 0.39276 -0.97373 0.44148 -0.97508 0.0028868 -0.29774 0.33367 1.5798 -0.047833 -2.9699 -0.41627 0.034471 1.6993 0.8347 -0.28926 0.85307 -0.23608 0.12667 0.99202 -0.18601 0.28053 0.085047 0.27694 -0.030098 -0.30514 -0.29668 -0.027471 -0.2722 0.13718 -0.12591 -0.43509 -0.70461 -0.89953 -0.15115 0.50439 -0.23954 -0.5216 0.12224 -1.467 0.21616 -0.071825 -0.022067 -0.15128 -0.55081 -0.28592 0.32269 0.19877 0.14663 -0.81213 -0.30295 0.19865 -0.087568 0.25961 0.050783
Instance	0.010899 0.39406 0.29634 0.36196 0.17799 0.17844 -0.075818 -0.11781 0.14571 -0.32329 -0.13999 -0.53306 0.042798 0.060121 0.011715 -0.053521 -0.027406 0.16515 -0.18966 0.38056 -0.068888 -0.32456 0.0047983 0.0028581 -0.086792 -0.12493 -0.0851 -0.38793 -0.33017 -0.27078 0.30466 0.64281 -0.10773 -0.33889 0.24451 0.22412 0.18467 -0.073845 0.43074 -0.33632 0.018725 -0.10932 -0.23746 -0.082098 -0.36712 -0.022573 0.46992 -0.29503 -0.22163 -0.57501 0.64988 -0.072025 0.11586 0.53095 -0.30042 -1.3944 -0.18381 -0.081316 1.1893 0.28351 -0.31151 0.35893 0.26718 -0.27926 1.049 -0.15551 0.17589 0.010665 0.30881 0.075101 -0.2255 0.11474 0.12657 0.29895 0.15033 0.032254 0.14809 -0.24944 -0.56316 0.038885 0.28959 -0.47264 -0.42758 -0.36073 -1.387 -0.0091781 0.014228 -0.39159 -0.043444 -0.10748 -0.030113 -0.24122 0.21177 -0.10005 -0.20015 0.16969 -0.26354 -0.4874 0.44446 -0.053874
Hash	-0.88252 -0.12418 -0.50915 -0.61184 -0.46747 0.033088 0.059368 -0.67912 0.48018 -0.092475 -0.15762 0.1766 0.22609 0.41676 -0.45314 1.0477 0.54924 0.15758 0.22261 -0.36663 0.1944 -0.25114 0.50077 -0.97814 0.28668 -0.36416 0.21721 0.4708 -0.46768 -0.64167 0.033232 0.0062449 0.12026 0.23528 0.15545 0.76532 -0.26495 0.36691 0.12734 -0.77209 0.77749 -1.2209 0.4079 -0.13835 -0.66847 0.80246 -0.75369 -0.10644 -1.0945 0.057455 0.86855 -0.59801 0.18774 0.3548 -0.53623 -0.28137 0.2966 0.29039 -0.40531 0.47117 0.36687 -0.12197 0.040233 -0.33289 0.099115 -0.18088 -0.26093 0.15019 0.16982 -1.2032 -1.1579 -0.16185 0.025689 -0.40536 -0.2368 -0.36824 -0.50927 -0.88292 -0.056552 0.32342 0.54291 -0.044108 -0.54851 -0.31144 -0.14116 0.31399 0.89707 -0.36753 -0.55084 0.24959 -0.92114 0.65016 -0.71882 0.52782 -0.13968 -1.3316 0.74159 -0.29438 0.70939 -0.13542
Map	-1.1901 -0.0021529 0.40549 0.68942 0.66607 -0.4504 0.15405 0.14237 0.28827 0.18848 0.11546 -0.45715 0.47218 -0.74683 0.53511 1.4779 0.63923 0.073358 -0.3128 -0.36098 -0.36125 0.22723 0.40182 -0.10071 -0.23276 -0.25542 -0.18468 0.20922 -0.53883 -1.2156 0.36216 -0.044206 -0.052804 0.42888 0.15632 -0.48663 -0.063466 -0.6468 0.17658 -0.31864 -0.30747 -0.31038 0.24385 -0.20996 -0.79465 -0.10986 -0.5287 0.3553 -0.38423 0.36732 0.28419 0.51863 0.38478 1.1469 -0.25501 -2.0559 -0.22187 -0.30559 1.0603 0.43159 -0.56748 0.91966 -0.26692 -0.55159 1.2229 0.99048 -0.78262 0.55937 0.056696 -0.14318 -0.041988 0.28624 0.39882 -0.62893 0.70887 -0.46459 1.0158 0.59964 -0.78927 -0.50455 -0.0011997 -0.12257 -0.72215 0.23839 -0.039859 0.49306 0.3755 -1.1257 -0.14628 0.11075 -0.45438 0.62459 0.011659 -0.15928 -0.3664 -0.3185 0.14606 -0.22496 0.056719 0.12277

locale	-0.051522 -0.012802 0.92279 0.26921 -0.066489 0.3942 0.12998 0.22358 0.54948 0.23675 -0.81632 -0.26606 0.12624 -0.93157 0.41182 0.12705 0.5995 0.0522 0.21694 0.17573 0.033074 0.057267 -0.079317 -0.25982 -0.25539 -0.39792 0.30371 0.0086414 -0.67585 -0.33042 -0.39927 -0.20178 0.37157 -0.035501 0.23874 0.34603 -0.15095 -0.39605 0.071099 -0.58753 0.13378 0.070059 -0.076195 0.15756 0.1655 0.14555 0.41208 -0.023144 0.088044 0.33701 -0.091222 0.10359 0.21071 -0.051058 -0.083377 -0.18563 -0.19678 -0.10947 -0.036181 -0.11338 -0.37528 0.63868 0.57084 -0.087862 0.58098 -0.6821 0.030975 -0.66592 0.096025 -0.19877 -0.82227 -0.52047 0.12287 -0.1679 0.12413 -0.20137 0.020114 -0.50148 0.13702 0.27315 -0.83567 -0.29838 -0.33373 -0.15714 -0.1138 0.38328 -0.0031111 0.15894 0.26887 -0.3426 -0.2726 0.42702 0.46353 -0.27899 -0.037411 0.28629 -0.22476 -0.12441 0.17024 0.27914
null	0.079432 -0.14054 -0.10462 -0.36259 -0.22721 -0.13612 0.74755 0.32809 0.54364 0.12091 -0.53579 -0.093852 -0.1253 0.0075018 0.54402 -0.51891 0.34596 1.3306 1.0153 0.31239 0.16274 -0.026524 0.73949 0.5574 1.1129 -0.44905 1.0968 0.73696 -0.44728 0.032219 1.1976 0.059368 -0.37853 -0.21233 0.1351 -0.34381 0.48377 0.017526 -0.46031 -0.77044 -0.85068 0.30327 0.11417 -0.25013 0.014417 -0.05347 -0.30477 0.40744 -1.4463 0.85099 0.66363 0.0049562 0.57099 0.27496 0.0087559 -0.84859 0.74672 0.51043 0.18724 -0.012529 -0.42562 -0.84412 -0.50242 0.016912 0.41224 0.25004 0.12519 0.56298 -1.0472 -1.0784 -0.88615 0.11577 0.85152 0.16019 0.83352 -0.38092 0.044191 0.22782 -0.38651 -0.019875 -0.89481 -0.35736 -0.48555 0.036485 -0.43308 0.16881 1.0746 0.095382 0.54107 -0.38136 -1.2123 0.51573 0.16573 0.67943 0.35327 0.17672 0.25803 0.068445 -1.2016 -0.20168
key	-0.22009 0.1228 0.49666 0.014973 0.58537 -1.0869 -0.4435 -0.67389 -0.11957 -0.2751 0.14446 -0.30252 -0.32128 0.14588 -0.1927 0.29439 0.093863 -0.43039 0.20753 0.084383 0.39514 -0.59375 0.32108 -0.065593 -0.11269 -0.6302 -0.23751 -0.094258 -0.36321 0.3258 0.082417 -0.093256 0.15658 -0.059934 0.022428 -0.11107 0.093985 -0.04207 -0.32812 0.031688 -0.50681 -0.61542 1.6011 0.030004 0.00056317 0.2723 -0.10129 -0.0017352 -0.46781 -0.58449 0.10235 0.15112 -0.22557 0.9944 -0.13042 -2.0398 -0.29454 -0.3525 1.7486 0.59134 -0.65688 0.3913 -0.068291 -0.00327 0.63607 -0.041222 0.22515 0.40704 0.60109 0.029032 -0.17948 0.24172 -0.21984 -0.55467 0.09011 -0.45749 -0.25776 0.02886 -0.17182 -0.00081766 0.70004 0.12981 -0.49957 -0.59933 -1.7221 0.32901 0.49726 0.61915 0.093617 -0.23046 -0.49754 0.5477 -0.28813 0.26786 -0.99516 0.3707 0.24787 -0.46564 0.97654 0.92977
stored	-0.90716 0.73507 0.36385 -0.5602 0.80439 0.36984 0.20003 0.15745 0.30004 0.19623 0.84476 0.46659 0.60664 0.32495 -0.0049949 -0.087416 0.75399 0.67173 -0.26264 -0.85243 -0.41174 0.12852 0.66168 0.10164 -0.52923 -0.49315 -0.24549 0.12258 0.089122 0.76074 0.63055 -0.076979 -0.88057 0.32591 0.45189 0.23749 0.21846 -0.21639 0.15335 -0.86282 0.61772 -1.1984 -0.28316 0.0041261 0.63662 0.076053 -0.033582 0.18141 -0.013205 -0.48646 1.0132 0.13497 0.66077 0.31303 0.065247 -0.39976 -0.59084 -0.44687 1.3793 -0.14345 0.29634 1.1004 -0.29698 0.6377 0.51774 0.043308 0.96595 -0.40138 0.35294 -0.15338 0.17329 0.076276 1.4041 0.36965 0.41819 0.30366 0.23558 -0.58839 -0.60416 0.79115 0.69073 0.15005 -1.1465 0.41106 -0.79418 0.61074 1.1524 0.048379 -0.6778 0.30577 -0.81662 0.62 0.63791 0.082826 -0.14374 -0.68318 0.60999 -0.22429 0.33878 -0.1165
object	-0.16261 0.87222 0.0086677 0.58327 0.092695 0.4641 -0.5059 -0.38724 0.97244 0.11728 -0.44092 -0.64257 0.58841 -0.41069 0.16769 0.043076 0.11497 1.3557 -0.045843 0.28392 -0.18252 0.05081 -0.40996 -0.11158 0.66707 -0.071712 0.23119 0.50079 0.25795 -0.42406 0.27647 0.54694 -0.52765 0.15324 0.62865 -0.32388 0.30747 -0.030743 0.52224 -0.3493 -0.77926 -0.505 0.52575 0.20928 -0.40334 0.2378 0.1704 0.71969 -0.22712 -0.077639 1.2241 0.42925 0.44532 1.2221 -0.069814 -1.458 0.1049 -0.055047 1.5673 0.46821 0.11327 0.76072 -0.47217 0.52064 0.82261 -0.18815 0.50718 -0.14995 -0.2817 -0.30089 -0.51976 -0.46393 0.78791 -0.023017 -0.059957 -0.27827 0.049114 -0.64217 -0.65806 -0.18655 -0.42251 0.070198 -0.57117 -0.82888 -0.76626 0.10035 0.5405 -0.054826 0.46765 -0.37122 -0.38853 0.36335 0.38018 0.38728 0.78351 -0.262 -0.73744 -0.67453 0.41328 -0.4813
created	0.056525 -0.18148 -0.20936 -0.070561 0.95013 0.17602 -0.070017 -0.15964 0.047953 -0.38843 -0.044277 -0.52962 0.29647 -0.2411 0.39247 -0.13195 0.7705 0.49644 -0.55179 -0.16028 -0.22651 -0.3008 0.51691 -0.31662 -0.060479 -0.81213 -0.13141 0.0066376 -0.29525 -0.23555 0.37093 0.67933 -0.45026 -0.34164 -0.24077 -0.22571 0.13249 -0.11855 -0.33498 -0.38785 -0.12861 0.09697 -0.3969 -0.19937 0.31318 -0.058941 -0.030812 -0.081864 0.099476 -0.24611 -0.43853 0.047988 0.15537 0.69702 0.010567 -2.7869 -0.0037619 -0.10836 0.75486 0.42012 0.1434 1.0492 -0.10554 0.33441 1.3263 -0.32001 0.053685 0.13923 0.62683 -0.1209 0.85711 0.14897 -0.46904 0.11087 0.15238 -0.056619 0.33403 0.27947 -0.86069 0.46684 0.23539 -0.1794 -0.15249 0.46176 -1.062 0.28963 6.8021e-06 -0.65815 0.059446 -0.42393 0.090936 -0.25033 -0.32441 -0.012409 0.26815 0.063334 -0.15215 -0.6276 0.22948 -0.44526
current	-0.28201 0.1194 0.65918 -0.15232 -0.15581 -0.53918 -0.30589 0.15449 -0.67994 0.17944 -0.070267 -0.17729 0.41737 -0.22628 0.41531 -0.63807 -0.11373 -0.21334 0.23988 -0.34977 -0.1816 -0.34074 0.31443 0.43347 -0.15974 -1.0015 0.33502 -0.75286 0.12036 0.17831 0.01727 0.77121 -0.2392 -0.13174 -0.63037 0.50299 0.2738 -0.18802 -0.20469 -0.32738 -0.38559 -0.36181 0.6465 -0.04187 0.56731 0.37491 0.13029 -0.69279 -0.5718 -0.52761 0.59285 -0.31479 0.11822 0.69811 0.35482 -2.6255 0.28873 -0.32228 1.5448 0.29505 0.10756 -0.13923 -0.1813 -0.060357 1.1453 0.10688 -0.063074 -0.059829 0.38205 0.0054257 0.60759 0.16451 -0.15442 -0.20746 0.16032 -0.50936 0.050833 0.15479 -0.91127 -0.27459 0.40953 0.13413 -0.17008 -0.14851 -1.1299 0.093459 -0.27367 -0.30278 0.48209 -0.4791 -0.082828 0.67794 -0.47613 -0.14539 -0.39815 -0.41416 -0.097889 -0.40363 1.0067 -0.068101
default	0.33114 0.014942 0.99187 0.38411 -0.4106 0.58891 -0.93763 -0.84671 0.49364 0.23774 0.37915 0.98874 -0.26934 -0.43905 -0.048258 -0.17078 -0.014696 0.97154 0.79431 0.14196 -0.793 -0.070413 0.50371 0.94574 0.57931 -0.61047 -0.45931 0.12778 -0.3349 -0.28324 0.84074 0.44103 -0.86744 0.17241 0.72092 0.43463 0.17021 -0.76502 0.20404 -0.70325 0.77772 0.024078 -0.29457 0.064888 0.41723 0.41768 0.52571 -0.48805 -0.63502 -0.50895 -0.27942 0.37113 -0.12641 0.19347 -0.093929 -1.3535 0.42614 -0.80912 1.1384 0.74391 -0.22827 -0.062065 -0.42025 -0.11977 0.99295 -0.18427 -0.58024 -0.20119 0.13045 -0.62191 -0.83578 0.25252 -0.48769 -0.10008 -0.071625 0.15183 -0.65145 0.49648 -0.43732 -0.14066 1.0021 -0.69727 -0.51203 -0.69354 -0.2284 0.21031 -0.19693 0.03496 0.37861 -1.0331 -0.39055 0.77292 0.052075 0.040813 0.36301 0.34841 0.75934 -0.25593 0.17751 -0.41197
locale	-0.051522 -0.012802 0.92279 0.26921 -0.066489 0.3942 0.12998 0.22358 0.54948 0.23675 -0.81632 -0.26606 0.12624 -0.93157 0.41182 0.12705 0.5995 0.0522 0.21694 0.17573 0.033074 0.057267 -0.079317 -0.25982 -0.25539 -0.39792 0.30371 0.0086414 -0.67585 -0.33042 -0.39927 -0.20178 0.37157 -0.035501 0.23874 0.34603 -0.15095 -0.39605 0.071099 -0.58753 0.13378 0.070059 -0.076195 0.15756 0.1655 0.14555 0.41208 -0.023144 0.088044 0.33701 -0.091222 0.10359 0.21071 -0.051058 -0.083377 -0.18563 -0.19678 -0.10947 -0.036181 -0.11338 -0.37528 0.63868 0.57084 -0.087862 0.58098 -0.6821 0.030975 -0.66592 0.096025 -0.19877 -0.82227 -0.52047 0.12287 -0.1679 0.12413 -0.20137 0.020114 -0.50148 0.13702 0.27315 -0.83567 -0.29838 -0.33373 -0.15714 -0.1138 0.38328 -0.0031111 0.15894 0.26887 -0.3426 -0.2726 0.42702 0.46353 -0.27899 -0.037411 0.28629 -0.22476 -0.12441 0.17024 0.27914

Locale	-0.051522 -0.012802 0.92279 0.26921 -0.066489 0.3942 0.12998 0.22358 0.54948 0.23675 -0.81632 -0.26606 0.12624 -0.93157 0.41182 0.12705 0.5995 0.0522 0.21694 0.17573 0.033074 0.057267 -0.079317 -0.25982 -0.25539 -0.39792 0.30371 0.0086414 -0.67585 -0.33042 -0.39927 -0.20178 0.37157 -0.035501 0.23874 0.34603 -0.15095 -0.39605 0.071099 -0.58753 0.13378 0.070059 -0.076195 0.15756 0.1655 0.14555 0.41208 -0.023144 0.088044 0.33701 -0.091222 0.10359 0.21071 -0.051058 -0.083377 -0.18563 -0.19678 -0.10947 -0.036181 -0.11338 -0.37528 0.63868 0.57084 -0.087862 0.58098 -0.6821 0.030975 -0.66592 0.096025 -0.19877 -0.82227 -0.52047 0.12287 -0.1679 0.12413 -0.20137 0.020114 -0.50148 0.13702 0.27315 -0.83567 -0.29838 -0.33373 -0.15714 -0.1138 0.38328 -0.0031111 0.15894 0.26887 -0.3426 -0.2726 0.42702 0.46353 -0.27899 -0.037411 0.28629 -0.22476 -0.12441 0.17024 0.27914
changed	0.59014 -0.16524 0.29241 0.21487 -0.17894 -0.096078 0.12266 -0.060071 0.10477 0.10592 0.049439 -0.075033 0.52681 -0.31481 0.15618 -0.68104 -0.039924 0.14993 -0.27383 -0.099363 0.24255 -0.1256 0.21889 0.00096639 -0.19069 -0.32811 0.031624 -0.84373 0.045889 0.071095 0.40193 1.2175 -0.42473 -0.098046 -0.28234 0.34936 -0.13179 -0.35067 -0.39365 -0.68285 -0.14058 -0.81491 0.059576 0.12649 -0.5607 0.090764 0.29091 0.057168 0.10911 -1.4859 0.16127 -0.11542 0.77548 1.205 -0.14691 -1.9732 -0.16329 0.0014997 1.2589 0.50079 0.02999 0.71761 -0.41721 -0.18725 0.55176 -0.11622 -0.30309 -0.13413 0.16841 0.38622 -0.051597 -0.0044127 -0.18865 -0.31188 0.24158 -0.38708 -0.046993 0.32547 -0.48506 -0.23362 -0.5692 -0.50932 -0.19597 -0.097976 -0.95955 -0.1231 -0.31017 -1.0086 -0.37292 0.12004 -0.37904 -0.10555 -0.25156 0.42394 -0.44824 0.1117 -0.50723 -0.031289 -0.06269 0.14181
subsequently	0.22045 -0.6889 -0.59699 0.21361 0.76449 0.11997 0.26221 0.24554 0.35759 0.10452 0.49507 0.068141 0.64903 0.4551 0.11513 -0.6489 0.56859 0.032471 -0.54257 -0.12545 0.094277 -0.57052 0.42134 0.01404 -0.14324 -0.40691 -0.058455 -0.21679 0.49607 0.42732 0.2047 1.0552 -0.77191 0.23926 -0.018628 -0.094835 -0.10591 -0.21116 -0.83621 -0.09898 -0.6889 -0.35814 0.16391 -0.27907 0.86323 0.21909 0.13595 -0.11813 0.82269 -0.4471 -0.044174 0.033678 0.4193 0.60654 -0.083433 -1.5522 -0.55189 -0.29395 0.51348 0.71718 0.22576 0.28013 -0.33973 0.37474 0.95422 -0.70989 -0.38883 0.37097 0.23542 0.52522 -0.034486 0.32429 0.16077 0.19304 -0.50677 -0.10433 -0.092723 0.25454 -0.7651 0.028337 -0.16356 -0.053952 -0.2651 0.1102 -1.2112 -0.49549 0.29382 -0.81758 -0.12021 0.028046 -0.48847 -1.0195 -0.07308 0.55907 -0.12331 0.24194 -0.22978 0.37599 0.017588 -0.4879
wrong	0.29976 0.096764 0.78986 -0.29726 -0.83994 0.12198 -0.22968 0.11562 0.54558 0.08816 0.29916 0.61139 0.065818 0.016323 0.076039 0.11764 -0.4941 0.30019 -0.50541 0.48323 0.75858 0.3074 0.17119 -0.79183 -0.39111 0.36388 -0.28968 -0.3329 0.13149 0.018273 0.54316 0.74766 0.34077 -0.19567 -0.28023 0.25138 -0.97814 0.032817 0.2556 -0.49649 -0.71281 0.42679 0.032038 -0.521 -1.0339 -0.40718 0.13885 0.30654 -1.0586 -0.89805 0.96808 0.1891 0.045624 0.70073 -0.52195 -1.9921 0.35914 0.62048 1.4776 -0.18456 -0.057311 0.68488 -0.15894 -0.0077764 0.56207 -0.40786 0.25042 0.24086 -0.82292 -0.068123 -0.33161 -0.092879 0.21996 -0.30731 0.58824 -0.09236 0.10411 0.27774 -0.43211 0.041362 0.13665 0.25971 -0.97938 -0.4664 -1.5725 -0.59968 0.018044 0.023086 -0.61087 -0.66244 -0.75826 0.04741 0.37288 -0.010702 0.031318 -0.044713 -0.36382 -0.14839 -0.19055 0.14488
locale	-0.051522 -0.012802 0.92279 0.26921 -0.066489 0.3942 0.12998 0.22358 0.54948 0.23675 -0.81632 -0.26606 0.12624 -0.93157 0.41182 0.12705 0.5995 0.0522 0.21694 0.17573 0.033074 0.057267 -0.079317 -0.25982 -0.25539 -0.39792 0.30371 0.0086414 -0.67585 -0.33042 -0.39927 -0.20178 0.37157 -0.035501 0.23874 0.34603 -0.15095 -0.39605 0.071099 -0.58753 0.13378 0.070059 -0.076195 0.15756 0.1655 0.14555 0.41208 -0.023144 0.088044 0.33701 -0.091222 0.10359 0.21071 -0.051058 -0.083377 -0.18563 -0.19678 -0.10947 -0.036181 -0.11338 -0.37528 0.63868 0.57084 -0.087862 0.58098 -0.6821 0.030975 -0.66592 0.096025 -0.19877 -0.82227 -0.52047 0.12287 -0.1679 0.12413 -0.20137 0.020114 -0.50148 0.13702 0.27315 -0.83567 -0.29838 -0.33373 -0.15714 -0.1138 0.38328 -0.0031111 0.15894 0.26887 -0.3426 -0.2726 0.42702 0.46353 -0.27899 -0.037411 0.28629 -0.22476 -0.12441 0.17024 0.27914
applied	0.072467 0.12555 -0.63035 0.71011 0.63196 -0.11725 -0.061977 0.009904 -0.17633 0.41564 -0.26225 -0.40799 0.54241 0.35641 0.19402 -0.23201 0.56552 0.40633 -0.2332 -0.46134 -0.20244 -0.01512 0.51489 0.072217 -0.0079982 -0.32552 0.35442 -0.90193 -0.32574 -0.28878 -0.04108 1.1521 -1.2714 0.22645 -0.23799 0.342 -0.033637 0.26229 -0.3998 -0.35543 -0.82027 -0.58837 -0.46167 -0.44389 -0.64437 0.048287 0.32476 0.42628 -0.23856 -0.65318 0.28947 -0.17576 0.27347 0.92516 -0.29151 -0.68217 0.29483 -0.33157 1.6451 -0.14785 0.3455 0.35429 -0.49698 0.38275 0.98391 -0.24112 -0.2191 0.20217 -0.070844 0.20336 -0.54825 0.16915 0.33583 0.50663 0.2687 -0.18927 -0.1609 -0.12452 -0.20573 -0.17531 0.48316 -0.45277 -0.92664 -0.20243 -1.1471 0.39977 0.58747 -0.53056 0.11202 -0.29133 -0.59529 -0.60629 -0.21607 0.1931 0.35168 0.49738 -0.32769 0.034313 0.46179 -0.24887

Patch	-0.57757 0.33565 0.28524 0.0092054 0.0072356 -0.27777 0.074984 0.1971 0.29803 0.21171 -0.26704 -0.14376 0.78978 -0.022087 0.76906 0.8791 1.0101 -0.62464 0.44398 -0.57665 -0.33091 -0.16856 0.10713 0.19317 -0.096625 0.58324 -0.16293 -0.25622 -0.15029 -0.010646 0.61583 0.09678 0.76229 -0.14211 0.62567 0.72891 -0.74217 0.47201 0.51484 0.17635 0.10017 -0.42564 0.12109 -0.090641 -1.0986 0.49442 -0.45642 0.8412 -0.019915 -0.21694 -0.091926 -0.1899 -0.37842 0.82149 0.20462 -1.7445 0.039351 -0.38714 1.0034 0.46311 0.61021 0.80347 -0.25682 0.41033 0.30954 -0.084178 0.65206 -0.62462 -0.042619 -0.8895 0.26685 0.38509 -0.29664 0.019508 -0.0063043 0.020641 0.092966 0.93288 0.21828 0.97562 -0.27571 -0.44738 -0.31498 0.55237 -0.45193 0.0749 0.38399 0.043901 -0.19354 0.87199 -0.11564 0.29294 -0.34356 -0.25296 0.013028 -0.086004 0.052166 0.36911 -0.26895 -0.19388
test	-0.58342 0.48631 0.7423 0.17875 -1.5873 -0.37499 0.37902 0.70767 -1.5402 0.74851 -0.0069018 -0.44981 -0.11125 0.17395 0.26005 0.27065 0.78731 0.84877 -0.099277 0.017688 0.44389 -0.873 0.4964 -0.1843 0.24894 0.24073 0.08446 0.070786 -0.23216 0.26685 -0.23519 0.45211 -0.39982 0.24936 0.73548 -0.072352 -0.81008 -0.15256 -1.0313 0.23067 -1.1634 0.20387 0.42369 -1.0589 0.29905 0.20036 0.63371 -0.57507 -0.4373 -0.55908 0.50811 0.32673 -0.4371 1.0702 -0.10418 -2.4432 -1.0739 0.10881 1.5446 -0.15633 -0.37779 0.15111 0.58397 0.5498 0.23775 0.8869 -0.1022 -0.041313 -0.19496 -0.1376 -0.00013191 0.6949 0.06623 -0.25647 -0.10539 0.5695 0.17414 -0.59899 -0.86757 -0.31254 0.5456 -0.092359 -0.12294 -0.19419 -1.9168 -0.044395 0.68561 0.2003 -0.37791 0.67436 -0.77218 0.49596 0.005819 0.53833 0.33367 0.97822 0.31984 -0.12619 -0.017724 0.18389
case	0.41052 0.058649 0.28515 -0.099504 0.076813 0.15387 0.36206 -0.10112 0.093865 -0.23309 -0.13663 0.54577 0.0138 0.38415 -0.39695 0.16228 0.099602 0.24988 -0.33659 0.039019 0.33905 -0.66241 0.37472 0.21631 0.16886 0.18165 0.55425 -0.6101 -0.85227 0.36984 0.6891 0.45316 0.082091 0.10839 -0.24239 0.15888 0.11656 -0.060652 0.57618 -0.3042 -0.65261 -0.38063 0.58332 -1.0504 -0.095388 0.014547 0.59942 -0.55361 0.17132 -0.69451 0.99215 -0.39131 0.31876 1.1508 -0.57279 -1.8148 -0.39404 -0.5783 1.9226 0.59717 -0.76435 0.59466 0.28298 -0.25469 1.4569 -0.41196 0.43957 0.74745 -0.67474 0.43792 -0.0045149 -0.03932 -0.03232 0.18805 0.73553 0.14875 -0.066224 -0.56274 -0.92785 0.22184 0.81973 0.0065571 -0.046961 -0.31358 -1.5983 -0.52369 -0.016562 0.094486 -0.15641 -0.66476 -0.14292 -0.47557 -0.44785 0.10048 1.1182 0.54136 -0.030505 -0.37898 0.33021 -0.27462
follow	-0.39956 -0.10511 0.19319 -0.067408 -0.035002 0.13624 -0.44303 0.2688 -0.55872 -0.36818 -0.040084 0.30616 0.64901 0.094585 0.033858 0.087095 -0.063221 0.19874 -0.6954 0.28369 0.15909 -0.63053 -0.23509 0.13931 -0.47856 -0.039147 -0.2357 -0.57869 0.31762 -0.024535 -0.35601 0.3597 -0.22087 -0.17301 -0.10875 0.55163 0.17188 -0.85204 -0.12321 -0.062374 -0.58602 0.059977 -0.035756 -0.17442 -0.58227 -0.084001 -0.02188 -0.037388 0.00089999 -0.96582 0.57815 0.2617 0.083951 0.60015 0.15981 -1.8124 0.037125 0.14618 1.5718 0.00073296 -0.47419 0.57865 0.16877 -0.40855 0.80404 0.32044 -0.56092 0.47234 -0.25252 -0.2642 -0.35243 -0.14831 -0.13795 -0.66132 -0.051743 -0.21054 -0.32286 -0.21279 -0.24459 -0.66257 0.33348 0.060264 -0.59405 -0.084884 -1.4389 -0.037467 -0.25729 -0.16384 -0.11398 0.048901 -0.15954 0.18824 -0.55856 -0.28211 -0.35783 -0.13682 -0.34376 -0.33967 0.21094 0.48328

