DateUtils	
isSameLocalTime	
work	-0.11619 0.45447 -0.69216 0.03458 0.26348 -0.38139 -0.2279 0.37233 -0.20579 0.2902 0.12114 -0.42729 0.55573 -0.094286 -0.49967 -0.29478 0.74109 0.25191 -0.27468 0.23191 0.0038204 0.045252 0.2497 -0.41579 0.31307 -0.58496 -0.32739 -0.66189 0.14909 -0.25771 -0.94858 0.41809 -0.29538 -0.042711 -0.6997 0.57892 -0.069271 -0.039633 -0.0056463 -0.29616 -0.57448 0.1601 -0.10671 0.10096 -0.42956 -0.27785 -0.30017 -0.69537 0.17965 -0.46723 0.12511 -0.029022 -0.15974 1.4217 -0.26224 -2.3719 -0.11917 -0.58262 1.5548 0.42212 0.084633 1.1385 -0.31226 -0.050738 1.0936 -0.001437 0.44641 0.34625 0.43964 -0.38941 0.27082 0.080626 -0.056481 -0.41097 0.5642 -0.15158 -0.14931 0.17199 -0.61495 -0.15822 0.32818 0.49756 -0.32947 0.16222 -2.3063 0.40681 0.27702 -0.37002 -0.80969 -0.76256 0.091109 -0.61473 0.25286 0.05998 -0.21977 0.0072382 -0.33877 -0.54737 0.48822 0.32246
correct	-0.42353 0.015434 0.80792 0.632 -0.67265 -0.1566 0.32585 0.20396 0.090629 0.738 0.24955 0.52341 0.076482 0.059933 0.23876 0.25896 -0.095213 -0.46585 -0.32519 0.16045 -0.11664 -0.83848 0.061479 -0.0013031 -0.38165 -0.51826 -0.11978 -0.13733 0.29849 0.040132 0.29609 0.6677 -0.25964 -0.21514 -0.0012159 -0.13747 -0.81444 -0.25006 -0.10096 -0.15147 -0.29668 0.14655 -0.22017 -0.50157 -0.96013 -0.27073 -0.014319 -0.42051 -0.99362 -1.2697 0.94779 0.12329 0.1766 0.43339 -0.45925 -1.3536 0.60969 0.15825 1.4291 -0.15649 -0.56282 0.12701 -0.64863 0.22807 0.94565 -0.43435 -0.28775 -0.1794 -0.46697 -0.50885 -0.43532 0.65667 0.054082 -0.14311 1.3446 -0.25475 -0.40203 0.16337 -0.37873 -0.59173 -0.39615 -0.34033 -0.79722 -0.23125 -1.1982 -0.055201 0.023574 -0.16263 -0.49377 -0.058384 -0.52387 0.37151 0.16937 -0.53943 -0.12633 -0.28581 -0.023533 -1.04 -0.12783 0.085076
Utils	0.16432 0.16509 0.14917 0.19005 -0.33393 -0.26622 0.25083 -0.064669 0.32483 -0.091335 -0.18256 0.12947 -0.21251 0.19278 -0.51735 0.1958 -0.32887 -0.40537 0.07375 0.016157 0.013923 0.41785 -0.54745 -0.34444 -0.26087 0.64478 0.5064 0.50361 0.043443 0.12742 0.16179 -0.12747 0.15068 -0.07864 0.076287 -0.50347 -0.2807 -0.792 0.20956 0.20326 0.45639 0.062745 -0.094146 0.13879 -0.12598 -0.040411 -0.23096 0.47241 0.28211 0.42516 -0.35783 -0.19741 -0.38557 -0.39353 0.65578 0.78624 -0.27493 -0.024972 0.078031 -0.048246 0.15862 -0.41202 0.14025 -0.3878 -0.26094 0.26625 -0.65836 0.064416 0.020386 0.2148 -0.28505 0.18359 0.20716 0.39623 -0.34651 -0.1913 0.4989 0.205 0.87371 -0.089268 -0.71934 -0.20817 0.083791 -0.1187 0.73715 0.11568 -0.33507 0.16044 0.089473 0.669 0.27227 0.060755 -0.057185 -0.28455 0.2735 0.33837 0.28112 0.78564 -0.12033 -0.27838
Local	-0.25705 -0.056895 -0.38103 -0.1633 -0.19937 0.73123 -0.83978 0.12207 0.064 -0.051298 -0.20529 -0.51608 1.0715 -0.39833 -0.011018 -0.67058 0.61779 -0.46179 -0.6028 0.58382 0.058594 -0.11426 0.30986 -0.45358 -0.64295 -0.56793 0.49637 -0.21814 -0.37259 0.51212 -0.30333 0.49532 -0.01094 -0.20761 -0.29515 -0.091099 -0.19297 0.08766 0.22425 -0.28002 -0.36694 -0.53684 -0.33855 -0.08138 0.34688 -0.36968 -0.48864 -0.32651 0.17115 -0.51082 -0.83976 -0.12183 0.040502 0.85973 -0.027636 -1.8123 -0.46292 -0.089537 2.125 0.21124 -0.3513 0.38008 -0.038145 0.41435 0.95104 -0.36015 -0.39613 -0.081013 1.2736 -0.18993 -0.57729 -0.10705 0.31843 -0.58925 0.59191 0.031524 0.21643 0.033633 -1.4361 -0.10702 1.1811 -0.36954 0.1076 -0.2687 -0.99119 -0.19391 -0.72232 0.47841 -0.052689 -0.20413 0.50409 -0.18552 -0.46622 0.38134 -1.3392 0.0072733 -0.18733 -0.21285 1.1771 0.13427
Time	-0.024221 -0.034855 0.3571 -0.02155 -0.54804 0.31822 0.012929 0.35174 -0.4169 -0.29411 0.63723 -0.14859 -0.015264 -0.35811 0.12395 -0.67468 0.28165 -0.006541 -0.41743 0.0056387 0.26789 0.18282 0.077023 0.23808 0.505 -0.24993 -0.029143 -0.50666 0.42215 -0.097988 -0.45997 0.37969 -0.12402 -0.19568 -0.12479 0.24071 -0.51656 0.44866 -0.040484 -0.41001 -0.55576 -0.26892 0.19317 0.089754 -0.27962 -0.1567 0.39276 -0.97373 0.44148 -0.97508 0.0028868 -0.29774 0.33367 1.5798 -0.047833 -2.9699 -0.41627 0.034471 1.6993 0.8347 -0.28926 0.85307 -0.23608 0.12667 0.99202 -0.18601 0.28053 0.085047 0.27694 -0.030098 -0.30514 -0.29668 -0.027471 -0.2722 0.13718 -0.12591 -0.43509 -0.70461 -0.89953 -0.15115 0.50439 -0.23954 -0.5216 0.12224 -1.467 0.21616 -0.071825 -0.022067 -0.15128 -0.55081 -0.28592 0.32269 0.19877 0.14663 -0.81213 -0.30295 0.19865 -0.087568 0.25961 0.050783

bug	-0.42404 -0.11038 0.94873 -0.71327 -0.19712 0.077077 0.96163 -0.35674 0.8292 -0.3676 0.15004 0.62746 0.091752 0.11142 -0.015791 0.84124 0.24467 0.023366 0.54286 -0.068057 -0.87995 -0.59202 0.18641 0.50787 0.55458 0.48448 -0.42383 0.22249 -0.8823 -0.041186 -0.049256 0.31483 0.25182 0.10876 0.45824 -0.12085 -0.96037 -0.69492 0.93473 -0.31937 -0.31673 0.24099 -0.3822 -0.72243 0.18017 0.62991 0.0030923 -0.36699 -0.21576 -0.1654 -0.55928 0.11278 -0.62944 0.56955 -0.59166 -0.92922 0.044769 0.32981 0.697 -0.13983 0.40377 1.7035 -0.68531 0.49846 0.29719 0.27865 -0.18668 -0.93605 0.66117 0.01478 -0.30582 -0.4491 -0.44983 -0.39544 -0.37577 -0.18869 0.06883 -0.04811 -0.33131 1.0204 0.32457 -0.88047 0.018825 -0.303 -0.88685 0.35682 -0.3993 -0.10512 -0.86557 0.37554 0.48771 -0.28133 0.12722 -0.56959 0.33936 0.40162 0.1109 -0.20506 0.18093 -0.23185
DateUtils	
class	0.44507 1.1348 0.33681 0.033357 -1.0405 0.24413 0.43113 0.041197 -0.81321 1.1462 -0.041166 -0.56681 -0.37751 0.010833 -0.49384 -0.98461 0.2911 0.62519 0.0021157 0.076011 0.57661 -0.42666 0.026943 -0.31422 0.22591 -0.40706 -0.44773 -0.46698 0.071828 0.087351 -0.25286 1.0292 -0.17695 -0.57001 0.69949 0.49922 -0.23905 0.21815 0.067587 0.91464 -0.62297 -0.85661 -0.1409 -0.61247 0.66159 0.090501 0.19563 0.35387 0.18804 0.30706 -0.73807 0.019089 -0.32798 0.51793 -0.003088 -1.7927 0.08279 -0.13564 2.0857 0.16076 -0.41443 0.42641 0.055687 0.03359 0.74283 -0.19547 0.53011 0.19503 0.44296 0.54503 -0.030984 -0.49682 -0.11398 0.085998 -0.046392 0.92739 0.088696 -0.28703 -0.72927 -1.1755 -0.26028 -0.55622 -0.026987 -0.20324 -0.81465 -0.12299 -1.1006 -1.5845 -0.18962 -0.32423 -0.99665 -0.060921 0.43139 0.38787 0.24177 0.29155 -0.080935 -0.70294 0.47778 -0.33316
method	-0.41796 0.53241 -0.33693 0.69262 0.068686 -0.087566 0.27663 -0.071203 -0.3353 0.33365 -0.52407 -0.53341 0.04046 -0.16659 0.45481 -0.34785 0.24926 0.022734 0.4212 0.0062452 -0.13359 -0.51309 0.21382 -0.24943 -0.36553 -0.01069 0.25961 -0.2909 -0.7678 0.037387 -0.46895 0.89278 -0.53101 -0.38841 0.35913 -0.4793 -0.33601 -0.20371 0.39182 -0.95175 -0.62779 0.17753 -0.035282 -0.12463 -0.84179 -0.34632 -0.19631 -0.84428 -0.54253 -0.19322 0.25287 -0.01299 -0.0014 1.4574 -0.76291 -1.5731 -0.23982 0.22269 0.87785 -0.034078 -0.036702 -0.31008 0.80324 0.61032 1.3546 -0.14522 -0.19501 -0.68654 -0.096186 -0.50487 -1.0144 0.37278 0.63403 0.66473 0.33144 -0.62283 -0.11496 -0.60323 -0.46632 -0.17908 0.23923 0.25257 -1.1826 -0.60126 -1.8759 0.92491 0.87735 -0.62709 -0.26522 -0.10025 -0.58459 0.12821 0.3471 0.52632 0.74769 -0.33396 -0.36954 -0.75431 0.34056 0.28563
isSameLocalTime	
Utils	0.16432 0.16509 0.14917 0.19005 -0.33393 -0.26622 0.25083 -0.064669 0.32483 -0.091335 -0.18256 0.12947 -0.21251 0.19278 -0.51735 0.1958 -0.32887 -0.40537 0.07375 0.016157 0.013923 0.41785 -0.54745 -0.34444 -0.26087 0.64478 0.5064 0.50361 0.043443 0.12742 0.16179 -0.12747 0.15068 -0.07864 0.076287 -0.50347 -0.2807 -0.792 0.20956 0.20326 0.45639 0.062745 -0.094146 0.13879 -0.12598 -0.040411 -0.23096 0.47241 0.28211 0.42516 -0.35783 -0.19741 -0.38557 -0.39353 0.65578 0.78624 -0.27493 -0.024972 0.078031 -0.048246 0.15862 -0.41202 0.14025 -0.3878 -0.26094 0.26625 -0.65836 0.064416 0.020386 0.2148 -0.28505 0.18359 0.20716 0.39623 -0.34651 -0.1913 0.4989 0.205 0.87371 -0.089268 -0.71934 -0.20817 0.083791 -0.1187 0.73715 0.11568 -0.33507 0.16044 0.089473 0.669 0.27227 0.060755 -0.057185 -0.28455 0.2735 0.33837 0.28112 0.78564 -0.12033 -0.27838
Local	-0.25705 -0.056895 -0.38103 -0.1633 -0.19937 0.73123 -0.83978 0.12207 0.064 -0.051298 -0.20529 -0.51608 1.0715 -0.39833 -0.011018 -0.67058 0.61779 -0.46179 -0.6028 0.58382 0.058594 -0.11426 0.30986 -0.45358 -0.64295 -0.56793 0.49637 -0.21814 -0.37259 0.51212 -0.30333 0.49532 -0.01094 -0.20761 -0.29515 -0.091099 -0.19297 0.08766 0.22425 -0.28002 -0.36694 -0.53684 -0.33855 -0.08138 0.34688 -0.36968 -0.48864 -0.32651 0.17115 -0.51082 -0.83976 -0.12183 0.040502 0.85973 -0.027636 -1.8123 -0.46292 -0.089537 2.125 0.21124 -0.3513 0.38008 -0.038145 0.41435 0.95104 -0.36015 -0.39613 -0.081013 1.2736 -0.18993 -0.57729 -0.10705 0.31843 -0.58925 0.59191 0.031524 0.21643 0.033633 -1.4361 -0.10702 1.1811 -0.36954 0.1076 -0.2687 -0.99119 -0.19391 -0.72232 0.47841 -0.052689 -0.20413 0.50409 -0.18552 -0.46622 0.38134 -1.3392 0.0072733 -0.18733 -0.21285 1.1771 0.13427
Time	-0.024221 -0.034855 0.3571 -0.02155 -0.54804 0.31822 0.012929 0.35174 -0.4169 -0.29411 0.63723 -0.14859 -0.015264 -0.35811 0.12395 -0.67468 0.28165 -0.006541 -0.41743 0.0056387 0.26789 0.18282 0.077023 0.23808 0.505 -0.24993 -0.029143 -0.50666 0.42215 -0.097988 -0.45997 0.37969 -0.12402 -0.19568 -0.12479 0.24071 -0.51656 0.44866 -0.040484 -0.41001 -0.55576 -0.26892 0.19317 0.089754 -0.27962 -0.1567 0.39276 -0.97373 0.44148 -0.97508 0.0028868 -0.29774 0.33367 1.5798 -0.047833 -2.9699 -0.41627 0.034471 1.6993 0.8347 -0.28926 0.85307 -0.23608 0.12667 0.99202 -0.18601 0.28053 0.085047 0.27694 -0.030098 -0.30514 -0.29668 -0.027471 -0.2722 0.13718 -0.12591 -0.43509 -0.70461 -0.89953 -0.15115 0.50439 -0.23954 -0.5216 0.12224 -1.467 0.21616 -0.071825 -0.022067 -0.15128 -0.55081 -0.28592 0.32269 0.19877 0.14663 -0.81213 -0.30295 0.19865 -0.087568 0.25961 0.050783

Calendar	-0.2324 0.36419 -0.13524 -0.5256 0.1816 0.11781 0.018666 0.41012 -0.20202 0.039496 -0.29253 -0.46106 1.0476 0.17116 0.01021 0.21386 0.08825 0.48328 -0.089135 -0.099934 -0.5126 -0.51443 0.28414 1.2782 0.088989 -1.2295 0.042571 -0.40912 -0.19016 -0.17612 -0.0084306 -0.55576 0.080711 -0.63734 0.0072823 -0.11022 -0.90539 -0.12704 -0.35062 -0.3825 -0.63728 -0.087922 0.6244 0.17729 -1.1681 -0.9138 0.19071 -0.85838 0.36338 -0.33274 0.3245 -0.56527 0.25945 0.40489 -0.79129 -1.759 -0.691 1.1229 1.4818 0.54207 -0.28928 0.39992 -0.24375 -0.17161 0.27067 0.51405 -1.0383 -0.99637 0.71384 -0.44937 -0.13205 0.050326 -0.34263 0.18871 -0.57255 -0.14741 0.14981 0.043371 -0.46978 -0.61663 -0.90904 -0.69604 -0.17999 0.025148 -0.28791 0.19221 -0.41475 -1.1996 0.52815 -0.16563 -0.14417 0.95168 0.38624 -0.43537 0.12259 -0.96486 0.25688 -0.049209 0.21662 0.63847
Calendar	-0.2324 0.36419 -0.13524 -0.5256 0.1816 0.11781 0.018666 0.41012 -0.20202 0.039496 -0.29253 -0.46106 1.0476 0.17116 0.01021 0.21386 0.08825 0.48328 -0.089135 -0.099934 -0.5126 -0.51443 0.28414 1.2782 0.088989 -1.2295 0.042571 -0.40912 -0.19016 -0.17612 -0.0084306 -0.55576 0.080711 -0.63734 0.0072823 -0.11022 -0.90539 -0.12704 -0.35062 -0.3825 -0.63728 -0.087922 0.6244 0.17729 -1.1681 -0.9138 0.19071 -0.85838 0.36338 -0.33274 0.3245 -0.56527 0.25945 0.40489 -0.79129 -1.759 -0.691 1.1229 1.4818 0.54207 -0.28928 0.39992 -0.24375 -0.17161 0.27067 0.51405 -1.0383 -0.99637 0.71384 -0.44937 -0.13205 0.050326 -0.34263 0.18871 -0.57255 -0.14741 0.14981 0.043371 -0.46978 -0.61663 -0.90904 -0.69604 -0.17999 0.025148 -0.28791 0.19221 -0.41475 -1.1996 0.52815 -0.16563 -0.14417 0.95168 0.38624 -0.43537 0.12259 -0.96486 0.25688 -0.049209 0.21662 0.63847
getInstance	
Instance	0.010899 0.39406 0.29634 0.36196 0.17799 0.17844 -0.075818 -0.11781 0.14571 -0.32329 -0.13999 -0.53306 0.042798 0.060121 0.011715 -0.053521 -0.027406 0.16515 -0.18966 0.38056 -0.068888 -0.32456 0.0047983 0.0028581 -0.086792 -0.12493 -0.0851 -0.38793 -0.33017 -0.27078 0.30466 0.64281 -0.10773 -0.33889 0.24451 0.22412 0.18467 -0.073845 0.43074 -0.33632 0.018725 -0.10932 -0.23746 -0.082098 -0.36712 -0.022573 0.46992 -0.29503 -0.22163 -0.57501 0.64988 -0.072025 0.11586 0.53095 -0.30042 -1.3944 -0.18381 -0.081316 1.1893 0.28351 -0.31151 0.35893 0.26718 -0.27926 1.049 -0.15551 0.17589 0.010665 0.30881 0.075101 -0.2255 0.11474 0.12657 0.29895 0.15033 0.032254 0.14809 -0.24944 -0.56316 0.038885 0.28959 -0.47264 -0.42758 -0.36073 -1.387 -0.0091781 0.014228 -0.39159 -0.043444 -0.10748 -0.030113 -0.24122 0.21177 -0.10005 -0.20015 0.16969 -0.26354 -0.4874 0.44446 -0.053874

setTimeInMillis	
set	-0.026979 0.0054342 0.22934 0.1992 0.53153 0.46441 -0.16962 0.79351 -0.49407 0.27806 0.40256 0.028784 -0.21689 0.26313 -0.013339 0.24328 0.37118 0.83444 -0.78186 -0.49739 0.69664 -0.51034 0.89815 0.16294 0.81555 -0.64644 -0.1909 -0.24281 -0.27935 -0.30685 -0.60586 0.16049 -0.058313 0.11473 0.16565 -0.14386 -0.066771 -0.041341 -0.17164 -0.40261 -0.21321 -0.44287 0.2134 -0.088432 0.16284 -0.38352 -0.42738 -0.18242 0.16961 -0.70388 -0.13625 -0.28808 0.17642 1.4061 0.11511 -2.6623 -0.10834 0.32273 1.7832 1.0727 -0.11656 0.31391 -0.31614 0.2553 0.83315 -0.083177 -0.22755 0.76016 -0.071007 -0.64414 0.021925 -0.040112 -0.29247 -0.19531 -0.069206 -0.12067 -0.18983 -0.29643 -0.4019 -0.015466 0.87412 -0.047512 -0.72765 0.061269 -1.2187 0.24303 0.16417 0.075568 -0.15996 0.049251 -0.13424 0.27638 -0.35704 -0.22446 -0.57734 -0.048605 0.024131 -0.50613 0.29535 0.10395
Time	-0.024221 -0.034855 0.3571 -0.02155 -0.54804 0.31822 0.012929 0.35174 -0.4169 -0.29411 0.63723 -0.14859 -0.015264 -0.35811 0.12395 -0.67468 0.28165 -0.006541 -0.41743 0.0056387 0.26789 0.18282 0.077023 0.23808 0.505 -0.24993 -0.029143 -0.50666 0.42215 -0.097988 -0.45997 0.37969 -0.12402 -0.19568 -0.12479 0.24071 -0.51656 0.44866 -0.040484 -0.41001 -0.55576 -0.26892 0.19317 0.089754 -0.27962 -0.1567 0.39276 -0.97373 0.44148 -0.97508 0.0028868 -0.29774 0.33367 1.5798 -0.047833 -2.9699 -0.41627 0.034471 1.6993 0.8347 -0.28926 0.85307 -0.23608 0.12667 0.99202 -0.18601 0.28053 0.085047 0.27694 -0.030098 -0.30514 -0.29668 -0.027471 -0.2722 0.13718 -0.12591 -0.43509 -0.70461 -0.89953 -0.15115 0.50439 -0.23954 -0.5216 0.12224 -1.467 0.21616 -0.071825 -0.022067 -0.15128 -0.55081 -0.28592 0.32269 0.19877 0.14663 -0.81213 -0.30295 0.19865 -0.087568 0.25961 0.050783
Millis	0.1474 -0.32192 -0.30507 -0.54393 -0.24738 -0.50699 -0.0050488 -0.15943 0.1523 0.047772 -0.46442 -0.35964 -0.033722 -0.1576 0.10192 -0.31478 0.11817 0.75509 0.38659 -0.13455 -0.37196 0.10558 0.49065 -0.069149 -0.32579 0.098734 0.043799 0.22515 -0.3196 0.30874 0.14912 -0.48807 0.0070698 0.13739 0.11805 -0.51144 -0.02174 0.25769 0.35959 0.049294 0.11746 0.52657 -0.066477 0.036761 -0.48633 0.25053 0.71832 -0.055254 0.26718 0.77169 -0.0026253 -0.57366 0.33337 -0.5516 -0.1625 0.37141 0.40604 -0.27272 -0.529 0.19959 0.31408 0.032576 0.31184 -0.23533 -1.0744 0.059135 0.24665 0.24324 -0.28542 -0.3269 -0.46584 0.23081 0.18041 -0.12117 0.20189 0.16862 0.3021 -0.44812 -0.066146 -0.16074 0.04873 0.083397 0.17485 -0.4293 0.15581 -0.17178 -0.012324 -0.075897 -0.48561 0.68314 0.21197 -0.29428 -0.20535 0.33031 0.1075 0.10517 0.84529 0.40859 -0.52887 0.32922

Calendar	-0.2324 0.36419 -0.13524 -0.5256 0.1816 0.11781 0.018666 0.41012 -0.20202 0.039496 -0.29253 -0.46106 1.0476 0.17116 0.01021 0.21386 0.08825 0.48328 -0.089135 -0.099934 -0.5126 -0.51443 0.28414 1.2782 0.088989 -1.2295 0.042571 -0.40912 -0.19016 -0.17612 -0.0084306 -0.55576 0.080711 -0.63734 0.0072823 -0.11022 -0.90539 -0.12704 -0.35062 -0.3825 -0.63728 -0.087922 0.6244 0.17729 -1.1681 -0.9138 0.19071 -0.85838 0.36338 -0.33274 0.3245 -0.56527 0.25945 0.40489 -0.79129 -1.759 -0.691 1.1229 1.4818 0.54207 -0.28928 0.39992 -0.24375 -0.17161 0.27067 0.51405 -1.0383 -0.99637 0.71384 -0.44937 -0.13205 0.050326 -0.34263 0.18871 -0.57255 -0.14741 0.14981 0.043371 -0.46978 -0.61663 -0.90904 -0.69604 -0.17999 0.025148 -0.28791 0.19221 -0.41475 -1.1996 0.52815 -0.16563 -0.14417 0.95168 0.38624 -0.43537 0.12259 -0.96486 0.25688 -0.049209 0.21662 0.63847
Calendar	-0.2324 0.36419 -0.13524 -0.5256 0.1816 0.11781 0.018666 0.41012 -0.20202 0.039496 -0.29253 -0.46106 1.0476 0.17116 0.01021 0.21386 0.08825 0.48328 -0.089135 -0.099934 -0.5126 -0.51443 0.28414 1.2782 0.088989 -1.2295 0.042571 -0.40912 -0.19016 -0.17612 -0.0084306 -0.55576 0.080711 -0.63734 0.0072823 -0.11022 -0.90539 -0.12704 -0.35062 -0.3825 -0.63728 -0.087922 0.6244 0.17729 -1.1681 -0.9138 0.19071 -0.85838 0.36338 -0.33274 0.3245 -0.56527 0.25945 0.40489 -0.79129 -1.759 -0.691 1.1229 1.4818 0.54207 -0.28928 0.39992 -0.24375 -0.17161 0.27067 0.51405 -1.0383 -0.99637 0.71384 -0.44937 -0.13205 0.050326 -0.34263 0.18871 -0.57255 -0.14741 0.14981 0.043371 -0.46978 -0.61663 -0.90904 -0.69604 -0.17999 0.025148 -0.28791 0.19221 -0.41475 -1.1996 0.52815 -0.16563 -0.14417 0.95168 0.38624 -0.43537 0.12259 -0.96486 0.25688 -0.049209 0.21662 0.63847
getInstance	
Instance	0.010899 0.39406 0.29634 0.36196 0.17799 0.17844 -0.075818 -0.11781 0.14571 -0.32329 -0.13999 -0.53306 0.042798 0.060121 0.011715 -0.053521 -0.027406 0.16515 -0.18966 0.38056 -0.068888 -0.32456 0.0047983 0.0028581 -0.086792 -0.12493 -0.0851 -0.38793 -0.33017 -0.27078 0.30466 0.64281 -0.10773 -0.33889 0.24451 0.22412 0.18467 -0.073845 0.43074 -0.33632 0.018725 -0.10932 -0.23746 -0.082098 -0.36712 -0.022573 0.46992 -0.29503 -0.22163 -0.57501 0.64988 -0.072025 0.11586 0.53095 -0.30042 -1.3944 -0.18381 -0.081316 1.1893 0.28351 -0.31151 0.35893 0.26718 -0.27926 1.049 -0.15551 0.17589 0.010665 0.30881 0.075101 -0.2255 0.11474 0.12657 0.29895 0.15033 0.032254 0.14809 -0.24944 -0.56316 0.038885 0.28959 -0.47264 -0.42758 -0.36073 -1.387 -0.0091781 0.014228 -0.39159 -0.043444 -0.10748 -0.030113 -0.24122 0.21177 -0.10005 -0.20015 0.16969 -0.26354 -0.4874 0.44446 -0.053874

setTimeInMillis	
set	-0.026979 0.0054342 0.22934 0.1992 0.53153 0.46441 -0.16962 0.79351 -0.49407 0.27806 0.40256 0.028784 -0.21689 0.26313 -0.013339 0.24328 0.37118 0.83444 -0.78186 -0.49739 0.69664 -0.51034 0.89815 0.16294 0.81555 -0.64644 -0.1909 -0.24281 -0.27935 -0.30685 -0.60586 0.16049 -0.058313 0.11473 0.16565 -0.14386 -0.066771 -0.041341 -0.17164 -0.40261 -0.21321 -0.44287 0.2134 -0.088432 0.16284 -0.38352 -0.42738 -0.18242 0.16961 -0.70388 -0.13625 -0.28808 0.17642 1.4061 0.11511 -2.6623 -0.10834 0.32273 1.7832 1.0727 -0.11656 0.31391 -0.31614 0.2553 0.83315 -0.083177 -0.22755 0.76016 -0.071007 -0.64414 0.021925 -0.040112 -0.29247 -0.19531 -0.069206 -0.12067 -0.18983 -0.29643 -0.4019 -0.015466 0.87412 -0.047512 -0.72765 0.061269 -1.2187 0.24303 0.16417 0.075568 -0.15996 0.049251 -0.13424 0.27638 -0.35704 -0.22446 -0.57734 -0.048605 0.024131 -0.50613 0.29535 0.10395
Time	-0.024221 -0.034855 0.3571 -0.02155 -0.54804 0.31822 0.012929 0.35174 -0.4169 -0.29411 0.63723 -0.14859 -0.015264 -0.35811 0.12395 -0.67468 0.28165 -0.006541 -0.41743 0.0056387 0.26789 0.18282 0.077023 0.23808 0.505 -0.24993 -0.029143 -0.50666 0.42215 -0.097988 -0.45997 0.37969 -0.12402 -0.19568 -0.12479 0.24071 -0.51656 0.44866 -0.040484 -0.41001 -0.55576 -0.26892 0.19317 0.089754 -0.27962 -0.1567 0.39276 -0.97373 0.44148 -0.97508 0.0028868 -0.29774 0.33367 1.5798 -0.047833 -2.9699 -0.41627 0.034471 1.6993 0.8347 -0.28926 0.85307 -0.23608 0.12667 0.99202 -0.18601 0.28053 0.085047 0.27694 -0.030098 -0.30514 -0.29668 -0.027471 -0.2722 0.13718 -0.12591 -0.43509 -0.70461 -0.89953 -0.15115 0.50439 -0.23954 -0.5216 0.12224 -1.467 0.21616 -0.071825 -0.022067 -0.15128 -0.55081 -0.28592 0.32269 0.19877 0.14663 -0.81213 -0.30295 0.19865 -0.087568 0.25961 0.050783
Millis	0.1474 -0.32192 -0.30507 -0.54393 -0.24738 -0.50699 -0.0050488 -0.15943 0.1523 0.047772 -0.46442 -0.35964 -0.033722 -0.1576 0.10192 -0.31478 0.11817 0.75509 0.38659 -0.13455 -0.37196 0.10558 0.49065 -0.069149 -0.32579 0.098734 0.043799 0.22515 -0.3196 0.30874 0.14912 -0.48807 0.0070698 0.13739 0.11805 -0.51144 -0.02174 0.25769 0.35959 0.049294 0.11746 0.52657 -0.066477 0.036761 -0.48633 0.25053 0.71832 -0.055254 0.26718 0.77169 -0.0026253 -0.57366 0.33337 -0.5516 -0.1625 0.37141 0.40604 -0.27272 -0.529 0.19959 0.31408 0.032576 0.31184 -0.23533 -1.0744 0.059135 0.24665 0.24324 -0.28542 -0.3269 -0.46584 0.23081 0.18041 -0.12117 0.20189 0.16862 0.3021 -0.44812 -0.066146 -0.16074 0.04873 0.083397 0.17485 -0.4293 0.15581 -0.17178 -0.012324 -0.075897 -0.48561 0.68314 0.21197 -0.29428 -0.20535 0.33031 0.1075 0.10517 0.84529 0.40859 -0.52887 0.32922

Assert	-0.19059 -0.44578 0.15766 0.7015 -0.1341 0.2891 -1.0561 -0.69427 0.31795 0.21459 -0.46638 0.40445 0.094866 -0.36593 -0.71545 -0.14749 0.41403 0.17088 -0.84226 -7.0514e-07 0.4136 -0.31711 0.21547 -0.15201 -0.4753 -0.53525 -0.20696 -0.34228 0.11678 -0.25005 0.366 0.18316 -0.48592 -0.0014746 -0.23675 -0.046102 0.0017353 0.26814 -0.037108 -0.016397 -0.52234 0.32181 -0.13531 -0.26124 -0.69445 -0.70291 0.67474 -0.037809 -0.051181 -0.49642 -0.14028 0.74239 0.15842 1.0788 0.56887 -0.55635 0.50459 -0.92062 0.095294 -0.11771 -0.03434 0.020342 0.27589 -0.04289 0.50265 0.17807 0.27571 0.16102 -0.69721 -0.16515 0.50198 0.25841 -0.30055 -0.40496 -0.032764 -0.88898 -0.56175 -0.36018 -0.77595 -0.053518 -0.24391 -0.35764 -0.31659 0.41928 -0.48078 -0.38196 0.29501 0.76383 -0.003329 -0.028754 -0.054077 -0.40097 -0.20808 -0.52206 0.14523 -0.35767 -0.45376 -0.10878 0.18716 0.46686
assertFalse	
DateUtils	
isSameLocalTime	
assert	-0.19059 -0.44578 0.15766 0.7015 -0.1341 0.2891 -1.0561 -0.69427 0.31795 0.21459 -0.46638 0.40445 0.094866 -0.36593 -0.71545 -0.14749 0.41403 0.17088 -0.84226 -7.0514e-07 0.4136 -0.31711 0.21547 -0.15201 -0.4753 -0.53525 -0.20696 -0.34228 0.11678 -0.25005 0.366 0.18316 -0.48592 -0.0014746 -0.23675 -0.046102 0.0017353 0.26814 -0.037108 -0.016397 -0.52234 0.32181 -0.13531 -0.26124 -0.69445 -0.70291 0.67474 -0.037809 -0.051181 -0.49642 -0.14028 0.74239 0.15842 1.0788 0.56887 -0.55635 0.50459 -0.92062 0.095294 -0.11771 -0.03434 0.020342 0.27589 -0.04289 0.50265 0.17807 0.27571 0.16102 -0.69721 -0.16515 0.50198 0.25841 -0.30055 -0.40496 -0.032764 -0.88898 -0.56175 -0.36018 -0.77595 -0.053518 -0.24391 -0.35764 -0.31659 0.41928 -0.48078 -0.38196 0.29501 0.76383 -0.003329 -0.028754 -0.054077 -0.40097 -0.20808 -0.52206 0.14523 -0.35767 -0.45376 -0.10878 0.18716 0.46686
False	0.53588 -0.64758 0.37271 -0.39776 0.33143 0.47949 -0.45324 -0.18371 0.56104 0.33974 0.22421 1.1222 -0.067077 1.0364 0.78375 0.087422 0.17579 0.43862 -0.043684 0.31519 0.12502 -0.22142 0.30314 -0.037768 -0.40332 -0.041101 0.44794 0.041266 -0.76652 -0.18916 1.0987 0.16179 -0.71974 -0.37831 -0.040388 -0.27561 -0.57556 -0.56103 0.25741 0.18853 -0.63024 0.37074 0.16515 -0.61251 0.028825 -1.0683 0.54949 -0.28479 -0.65523 -0.86132 0.60991 0.66066 0.50234 0.53776 -0.1306 -1.4271 0.76583 0.20818 1.3225 -0.47777 -0.40323 0.37521 -0.41479 -0.22484 0.57157 -0.97954 0.43635 -0.33094 -0.073387 -0.64384 -0.55661 0.24342 0.061796 -0.77522 0.45624 1.2528 0.69484 -0.074979 -1.4924 0.024531 0.96001 0.68988 -0.43509 0.0083318 -0.80888 -0.74959 0.026009 0.3727 0.21849 -0.094573 -0.59881 -0.22057 0.18454 -0.39479 0.87915 -0.18896 -1.055 -0.50723 -0.070242 -0.14288
Utils	0.16432 0.16509 0.14917 0.19005 -0.33393 -0.26622 0.25083 -0.064669 0.32483 -0.091335 -0.18256 0.12947 -0.21251 0.19278 -0.51735 0.1958 -0.32887 -0.40537 0.07375 0.016157 0.013923 0.41785 -0.54745 -0.34444 -0.26087 0.64478 0.5064 0.50361 0.043443 0.12742 0.16179 -0.12747 0.15068 -0.07864 0.076287 -0.50347 -0.2807 -0.792 0.20956 0.20326 0.45639 0.062745 -0.094146 0.13879 -0.12598 -0.040411 -0.23096 0.47241 0.28211 0.42516 -0.35783 -0.19741 -0.38557 -0.39353 0.65578 0.78624 -0.27493 -0.024972 0.078031 -0.048246 0.15862 -0.41202 0.14025 -0.3878 -0.26094 0.26625 -0.65836 0.064416 0.020386 0.2148 -0.28505 0.18359 0.20716 0.39623 -0.34651 -0.1913 0.4989 0.205 0.87371 -0.089268 -0.71934 -0.20817 0.083791 -0.1187 0.73715 0.11568 -0.33507 0.16044 0.089473 0.669 0.27227 0.060755 -0.057185 -0.28455 0.2735 0.33837 0.28112 0.78564 -0.12033 -0.27838
Local	-0.25705 -0.056895 -0.38103 -0.1633 -0.19937 0.73123 -0.83978 0.12207 0.064 -0.051298 -0.20529 -0.51608 1.0715 -0.39833 -0.011018 -0.67058 0.61779 -0.46179 -0.6028 0.58382 0.058594 -0.11426 0.30986 -0.45358 -0.64295 -0.56793 0.49637 -0.21814 -0.37259 0.51212 -0.30333 0.49532 -0.01094 -0.20761 -0.29515 -0.091099 -0.19297 0.08766 0.22425 -0.28002 -0.36694 -0.53684 -0.33855 -0.08138 0.34688 -0.36968 -0.48864 -0.32651 0.17115 -0.51082 -0.83976 -0.12183 0.040502 0.85973 -0.027636 -1.8123 -0.46292 -0.089537 2.125 0.21124 -0.3513 0.38008 -0.038145 0.41435 0.95104 -0.36015 -0.39613 -0.081013 1.2736 -0.18993 -0.57729 -0.10705 0.31843 -0.58925 0.59191 0.031524 0.21643 0.033633 -1.4361 -0.10702 1.1811 -0.36954 0.1076 -0.2687 -0.99119 -0.19391 -0.72232 0.47841 -0.052689 -0.20413 0.50409 -0.18552 -0.46622 0.38134 -1.3392 0.0072733 -0.18733 -0.21285 1.1771 0.13427
Time	-0.024221 -0.034855 0.3571 -0.02155 -0.54804 0.31822 0.012929 0.35174 -0.4169 -0.29411 0.63723 -0.14859 -0.015264 -0.35811 0.12395 -0.67468 0.28165 -0.006541 -0.41743 0.0056387 0.26789 0.18282 0.077023 0.23808 0.505 -0.24993 -0.029143 -0.50666 0.42215 -0.097988 -0.45997 0.37969 -0.12402 -0.19568 -0.12479 0.24071 -0.51656 0.44866 -0.040484 -0.41001 -0.55576 -0.26892 0.19317 0.089754 -0.27962 -0.1567 0.39276 -0.97373 0.44148 -0.97508 0.0028868 -0.29774 0.33367 1.5798 -0.047833 -2.9699 -0.41627 0.034471 1.6993 0.8347 -0.28926 0.85307 -0.23608 0.12667 0.99202 -0.18601 0.28053 0.085047 0.27694 -0.030098 -0.30514 -0.29668 -0.027471 -0.2722 0.13718 -0.12591 -0.43509 -0.70461 -0.89953 -0.15115 0.50439 -0.23954 -0.5216 0.12224 -1.467 0.21616 -0.071825 -0.022067 -0.15128 -0.55081 -0.28592 0.32269 0.19877 0.14663 -0.81213 -0.30295 0.19865 -0.087568 0.25961 0.050783

method	-0.41796 0.53241 -0.33693 0.69262 0.068686 -0.087566 0.27663 -0.071203 -0.3353 0.33365 -0.52407 -0.53341 0.04046 -0.16659 0.45481 -0.34785 0.24926 0.022734 0.4212 0.0062452 -0.13359 -0.51309 0.21382 -0.24943 -0.36553 -0.01069 0.25961 -0.2909 -0.7678 0.037387 -0.46895 0.89278 -0.53101 -0.38841 0.35913 -0.4793 -0.33601 -0.20371 0.39182 -0.95175 -0.62779 0.17753 -0.035282 -0.12463 -0.84179 -0.34632 -0.19631 -0.84428 -0.54253 -0.19322 0.25287 -0.01299 -0.0014 1.4574 -0.76291 -1.5731 -0.23982 0.22269 0.87785 -0.034078 -0.036702 -0.31008 0.80324 0.61032 1.3546 -0.14522 -0.19501 -0.68654 -0.096186 -0.50487 -1.0144 0.37278 0.63403 0.66473 0.33144 -0.62283 -0.11496 -0.60323 -0.46632 -0.17908 0.23923 0.25257 -1.1826 -0.60126 -1.8759 0.92491 0.87735 -0.62709 -0.26522 -0.10025 -0.58459 0.12821 0.3471 0.52632 0.74769 -0.33396 -0.36954 -0.75431 0.34056 0.28563
compares	-0.3035 0.63884 0.29913 0.46528 0.14648 -0.32566 0.17764 -0.17842 -0.11027 0.29336 0.096427 -0.001267 -0.26235 -0.53565 0.76729 0.74463 -0.24084 0.10711 0.26256 0.74191 -0.10136 -0.6455 -0.25791 0.76047 -0.26029 -0.67566 -0.31993 -0.37518 -0.15745 -0.45977 0.3673 0.68659 -0.17106 -0.090337 0.018838 0.49406 -0.041385 0.17234 -0.34556 -0.37087 0.089383 -0.027897 -0.088775 0.27681 -0.61919 0.072072 -0.25576 -0.78946 -0.36847 -0.54562 0.51026 -0.11939 0.72506 0.39537 -0.47589 -0.80147 0.28486 -0.42253 -0.015979 0.076433 0.069498 -0.16285 -0.31741 -0.68843 -0.3905 0.44983 0.27787 -0.0016775 0.42819 0.68061 -0.04301 0.21656 -0.028506 0.70121 0.30717 -0.12699 0.13234 -0.40397 -0.63521 0.024408 0.024472 0.48695 -0.36265 0.097295 -0.33687 -0.77627 -0.21052 -0.96354 -0.051458 0.2011 0.37515 0.41368 -0.27421 -0.40158 -0.059582 -0.22657 -0.069795 0.12338 0.12099 -0.25655
cal	0.52202 0.031485 0.33435 -0.7293 -0.74526 0.21182 0.40118 0.075985 -0.45166 -0.013035 0.29434 -0.18039 0.21859 0.5244 -0.54719 -0.73351 0.15458 0.80013 0.16635 0.63341 -0.04102 0.22609 -0.99589 0.9967 0.46946 0.57819 -0.70354 -0.48329 0.0038154 0.28186 -0.65147 1.503 0.92351 0.51075 -0.31263 -0.26767 -0.24777 0.36533 0.0067724 0.2104 0.46092 -0.58146 -0.47789 -0.19 -0.38565 0.21391 0.1735 -0.35126 -0.53827 0.11822 0.10157 -0.28545 0.063877 -0.79003 0.3157 -0.4702 0.85372 0.1886 0.85296 0.17665 -0.70573 0.11053 0.54381 0.15645 -0.6747 -0.1189 0.39895 0.74814 -0.12734 1.3433 0.048717 -0.20556 0.19525 -0.10119 -0.17147 0.090873 -0.0041069 0.0068574 -0.46157 0.20033 0.22547 -0.66098 -0.73633 -0.36976 -0.65742 -0.10117 0.030043 -0.22507 0.025133 -0.10776 0.085522 0.75328 -0.87329 0.32244 -0.83701 -0.030035 -0.022781 0.03478 0.12703 -0.93748
Calendar	-0.2324 0.36419 -0.13524 -0.5256 0.1816 0.11781 0.018666 0.41012 -0.20202 0.039496 -0.29253 -0.46106 1.0476 0.17116 0.01021 0.21386 0.08825 0.48328 -0.089135 -0.099934 -0.5126 -0.51443 0.28414 1.2782 0.088989 -1.2295 0.042571 -0.40912 -0.19016 -0.17612 -0.0084306 -0.55576 0.080711 -0.63734 0.0072823 -0.11022 -0.90539 -0.12704 -0.35062 -0.3825 -0.63728 -0.087922 0.6244 0.17729 -1.1681 -0.9138 0.19071 -0.85838 0.36338 -0.33274 0.3245 -0.56527 0.25945 0.40489 -0.79129 -1.759 -0.691 1.1229 1.4818 0.54207 -0.28928 0.39992 -0.24375 -0.17161 0.27067 0.51405 -1.0383 -0.99637 0.71384 -0.44937 -0.13205 0.050326 -0.34263 0.18871 -0.57255 -0.14741 0.14981 0.043371 -0.46978 -0.61663 -0.90904 -0.69604 -0.17999 0.025148 -0.28791 0.19221 -0.41475 -1.1996 0.52815 -0.16563 -0.14417 0.95168 0.38624 -0.43537 0.12259 -0.96486 0.25688 -0.049209 0.21662 0.63847
HOUR	-0.35715 -0.2348 0.022136 0.39099 -0.31578 0.83067 0.79695 1.6134 -0.89262 -0.040199 0.76374 0.045555 -0.60411 -0.10542 0.49529 -0.63701 -0.33093 -0.15816 -0.35829 0.038902 1.1063 0.3738 -0.16147 -0.23577 0.92047 0.25003 -0.12723 0.4937 0.031544 -0.06529 -0.81267 0.039906 -0.21525 -0.11889 -0.25044 0.4593 0.062867 -0.14988 0.62052 0.72644 -0.31632 -0.51349 0.15626 0.37738 0.20882 -0.14914 -0.31495 -1.0833 0.41879 -0.35466 0.063398 -0.8215 0.31741 1.2822 0.14035 -2.1908 -0.5124 0.28639 1.7832 0.46548 -0.013363 0.78429 -0.24496 -0.74584 -0.021004 0.0028319 0.031983 -0.43403 -0.10679 -0.17256 -0.41929 -0.20024 0.64037 0.073799 0.16994 0.47975 -0.069292 -0.67209 -0.17955 -0.39696 0.096227 -0.36841 -0.04844 -0.25303 -1.6752 0.38849 -0.047765 0.59264 0.26652 0.025291 0.76087 0.33055 -0.38495 -0.2106 -1.0493 -0.090055 0.99309 0.15571 0.67113 0.22753
cal	0.52202 0.031485 0.33435 -0.7293 -0.74526 0.21182 0.40118 0.075985 -0.45166 -0.013035 0.29434 -0.18039 0.21859 0.5244 -0.54719 -0.73351 0.15458 0.80013 0.16635 0.63341 -0.04102 0.22609 -0.99589 0.9967 0.46946 0.57819 -0.70354 -0.48329 0.0038154 0.28186 -0.65147 1.503 0.92351 0.51075 -0.31263 -0.26767 -0.24777 0.36533 0.0067724 0.2104 0.46092 -0.58146 -0.47789 -0.19 -0.38565 0.21391 0.1735 -0.35126 -0.53827 0.11822 0.10157 -0.28545 0.063877 -0.79003 0.3157 -0.4702 0.85372 0.1886 0.85296 0.17665 -0.70573 0.11053 0.54381 0.15645 -0.6747 -0.1189 0.39895 0.74814 -0.12734 1.3433 0.048717 -0.20556 0.19525 -0.10119 -0.17147 0.090873 -0.0041069 0.0068574 -0.46157 0.20033 0.22547 -0.66098 -0.73633 -0.36976 -0.65742 -0.10117 0.030043 -0.22507 0.025133 -0.10776 0.085522 0.75328 -0.87329 0.32244 -0.83701 -0.030035 -0.022781 0.03478 0.12703 -0.93748
Calendar	-0.2324 0.36419 -0.13524 -0.5256 0.1816 0.11781 0.018666 0.41012 -0.20202 0.039496 -0.29253 -0.46106 1.0476 0.17116 0.01021 0.21386 0.08825 0.48328 -0.089135 -0.099934 -0.5126 -0.51443 0.28414 1.2782 0.088989 -1.2295 0.042571 -0.40912 -0.19016 -0.17612 -0.0084306 -0.55576 0.080711 -0.63734 0.0072823 -0.11022 -0.90539 -0.12704 -0.35062 -0.3825 -0.63728 -0.087922 0.6244 0.17729 -1.1681 -0.9138 0.19071 -0.85838 0.36338 -0.33274 0.3245 -0.56527 0.25945 0.40489 -0.79129 -1.759 -0.691 1.1229 1.4818 0.54207 -0.28928 0.39992 -0.24375 -0.17161 0.27067 0.51405 -1.0383 -0.99637 0.71384 -0.44937 -0.13205 0.050326 -0.34263 0.18871 -0.57255 -0.14741 0.14981 0.043371 -0.46978 -0.61663 -0.90904 -0.69604 -0.17999 0.025148 -0.28791 0.19221 -0.41475 -1.1996 0.52815 -0.16563 -0.14417 0.95168 0.38624 -0.43537 0.12259 -0.96486 0.25688 -0.049209 0.21662 0.63847
HOUR	-0.35715 -0.2348 0.022136 0.39099 -0.31578 0.83067 0.79695 1.6134 -0.89262 -0.040199 0.76374 0.045555 -0.60411 -0.10542 0.49529 -0.63701 -0.33093 -0.15816 -0.35829 0.038902 1.1063 0.3738 -0.16147 -0.23577 0.92047 0.25003 -0.12723 0.4937 0.031544 -0.06529 -0.81267 0.039906 -0.21525 -0.11889 -0.25044 0.4593 0.062867 -0.14988 0.62052 0.72644 -0.31632 -0.51349 0.15626 0.37738 0.20882 -0.14914 -0.31495 -1.0833 0.41879 -0.35466 0.063398 -0.8215 0.31741 1.2822 0.14035 -2.1908 -0.5124 0.28639 1.7832 0.46548 -0.013363 0.78429 -0.24496 -0.74584 -0.021004 0.0028319 0.031983 -0.43403 -0.10679 -0.17256 -0.41929 -0.20024 0.64037 0.073799 0.16994 0.47975 -0.069292 -0.67209 -0.17955 -0.39696 0.096227 -0.36841 -0.04844 -0.25303 -1.6752 0.38849 -0.047765 0.59264 0.26652 0.025291 0.76087 0.33055 -0.38495 -0.2106 -1.0493 -0.090055 0.99309 0.15571 0.67113 0.22753
cal	0.52202 0.031485 0.33435 -0.7293 -0.74526 0.21182 0.40118 0.075985 -0.45166 -0.013035 0.29434 -0.18039 0.21859 0.5244 -0.54719 -0.73351 0.15458 0.80013 0.16635 0.63341 -0.04102 0.22609 -0.99589 0.9967 0.46946 0.57819 -0.70354 -0.48329 0.0038154 0.28186 -0.65147 1.503 0.92351 0.51075 -0.31263 -0.26767 -0.24777 0.36533 0.0067724 0.2104 0.46092 -0.58146 -0.47789 -0.19 -0.38565 0.21391 0.1735 -0.35126 -0.53827 0.11822 0.10157 -0.28545 0.063877 -0.79003 0.3157 -0.4702 0.85372 0.1886 0.85296 0.17665 -0.70573 0.11053 0.54381 0.15645 -0.6747 -0.1189 0.39895 0.74814 -0.12734 1.3433 0.048717 -0.20556 0.19525 -0.10119 -0.17147 0.090873 -0.0041069 0.0068574 -0.46157 0.20033 0.22547 -0.66098 -0.73633 -0.36976 -0.65742 -0.10117 0.030043 -0.22507 0.025133 -0.10776 0.085522 0.75328 -0.87329 0.32244 -0.83701 -0.030035 -0.022781 0.03478 0.12703 -0.93748
Calendar	-0.2324 0.36419 -0.13524 -0.5256 0.1816 0.11781 0.018666 0.41012 -0.20202 0.039496 -0.29253 -0.46106 1.0476 0.17116 0.01021 0.21386 0.08825 0.48328 -0.089135 -0.099934 -0.5126 -0.51443 0.28414 1.2782 0.088989 -1.2295 0.042571 -0.40912 -0.19016 -0.17612 -0.0084306 -0.55576 0.080711 -0.63734 0.0072823 -0.11022 -0.90539 -0.12704 -0.35062 -0.3825 -0.63728 -0.087922 0.6244 0.17729 -1.1681 -0.9138 0.19071 -0.85838 0.36338 -0.33274 0.3245 -0.56527 0.25945 0.40489 -0.79129 -1.759 -0.691 1.1229 1.4818 0.54207 -0.28928 0.39992 -0.24375 -0.17161 0.27067 0.51405 -1.0383 -0.99637 0.71384 -0.44937 -0.13205 0.050326 -0.34263 0.18871 -0.57255 -0.14741 0.14981 0.043371 -0.46978 -0.61663 -0.90904 -0.69604 -0.17999 0.025148 -0.28791 0.19221 -0.41475 -1.1996 0.52815 -0.16563 -0.14417 0.95168 0.38624 -0.43537 0.12259 -0.96486 0.25688 -0.049209 0.21662 0.63847
HOUR	-0.35715 -0.2348 0.022136 0.39099 -0.31578 0.83067 0.79695 1.6134 -0.89262 -0.040199 0.76374 0.045555 -0.60411 -0.10542 0.49529 -0.63701 -0.33093 -0.15816 -0.35829 0.038902 1.1063 0.3738 -0.16147 -0.23577 0.92047 0.25003 -0.12723 0.4937 0.031544 -0.06529 -0.81267 0.039906 -0.21525 -0.11889 -0.25044 0.4593 0.062867 -0.14988 0.62052 0.72644 -0.31632 -0.51349 0.15626 0.37738 0.20882 -0.14914 -0.31495 -1.0833 0.41879 -0.35466 0.063398 -0.8215 0.31741 1.2822 0.14035 -2.1908 -0.5124 0.28639 1.7832 0.46548 -0.013363 0.78429 -0.24496 -0.74584 -0.021004 0.0028319 0.031983 -0.43403 -0.10679 -0.17256 -0.41929 -0.20024 0.64037 0.073799 0.16994 0.47975 -0.069292 -0.67209 -0.17955 -0.39696 0.096227 -0.36841 -0.04844 -0.25303 -1.6752 0.38849 -0.047765 0.59264 0.26652 0.025291 0.76087 0.33055 -0.38495 -0.2106 -1.0493 -0.090055 0.99309 0.15571 0.67113 0.22753
DAY	-0.36689 0.4154 0.13478 -0.17841 -0.4005 0.20647 0.42742 1.129 -0.83981 -0.47955 0.021115 -0.18319 0.24588 -0.029048 0.29683 -0.44613 0.17493 -0.16619 -0.49573 -0.026547 0.76369 -0.2081 0.26494 0.33085 0.57039 0.12832 -0.28324 0.078652 0.3833 -0.074012 -0.56725 -0.25826 0.14013 0.11077 -0.21629 0.40637 -0.4574 0.27936 0.16717 -0.16388 -0.69184 -0.31493 0.65592 -0.0022426 -0.016975 0.10777 -0.18928 -0.77079 0.24333 -1.1467 0.12931 -0.59668 0.5235 1.0476 -0.83517 -2.6268 -0.32837 0.24767 2.1535 0.60561 -0.54019 0.99737 -0.18484 -0.47044 -0.019265 0.34195 0.31006 -0.31499 0.2999 -0.37647 -0.10041 -0.48373 -0.38982 -0.34424 -0.12195 0.58945 -0.15675 -0.33774 -1.0446 -0.037927 0.38237 -0.063733 -0.1299 0.12899 -1.4625 -0.22875 -0.3641 -0.10337 0.23737 -0.23498 0.15801 0.038339 0.013424 0.32535 -1.1755 0.049695 0.57227 0.02438 0.22106 0.43169
cal	0.52202 0.031485 0.33435 -0.7293 -0.74526 0.21182 0.40118 0.075985 -0.45166 -0.013035 0.29434 -0.18039 0.21859 0.5244 -0.54719 -0.73351 0.15458 0.80013 0.16635 0.63341 -0.04102 0.22609 -0.99589 0.9967 0.46946 0.57819 -0.70354 -0.48329 0.0038154 0.28186 -0.65147 1.503 0.92351 0.51075 -0.31263 -0.26767 -0.24777 0.36533 0.0067724 0.2104 0.46092 -0.58146 -0.47789 -0.19 -0.38565 0.21391 0.1735 -0.35126 -0.53827 0.11822 0.10157 -0.28545 0.063877 -0.79003 0.3157 -0.4702 0.85372 0.1886 0.85296 0.17665 -0.70573 0.11053 0.54381 0.15645 -0.6747 -0.1189 0.39895 0.74814 -0.12734 1.3433 0.048717 -0.20556 0.19525 -0.10119 -0.17147 0.090873 -0.0041069 0.0068574 -0.46157 0.20033 0.22547 -0.66098 -0.73633 -0.36976 -0.65742 -0.10117 0.030043 -0.22507 0.025133 -0.10776 0.085522 0.75328 -0.87329 0.32244 -0.83701 -0.030035 -0.022781 0.03478 0.12703 -0.93748
Calendar	-0.2324 0.36419 -0.13524 -0.5256 0.1816 0.11781 0.018666 0.41012 -0.20202 0.039496 -0.29253 -0.46106 1.0476 0.17116 0.01021 0.21386 0.08825 0.48328 -0.089135 -0.099934 -0.5126 -0.51443 0.28414 1.2782 0.088989 -1.2295 0.042571 -0.40912 -0.19016 -0.17612 -0.0084306 -0.55576 0.080711 -0.63734 0.0072823 -0.11022 -0.90539 -0.12704 -0.35062 -0.3825 -0.63728 -0.087922 0.6244 0.17729 -1.1681 -0.9138 0.19071 -0.85838 0.36338 -0.33274 0.3245 -0.56527 0.25945 0.40489 -0.79129 -1.759 -0.691 1.1229 1.4818 0.54207 -0.28928 0.39992 -0.24375 -0.17161 0.27067 0.51405 -1.0383 -0.99637 0.71384 -0.44937 -0.13205 0.050326 -0.34263 0.18871 -0.57255 -0.14741 0.14981 0.043371 -0.46978 -0.61663 -0.90904 -0.69604 -0.17999 0.025148 -0.28791 0.19221 -0.41475 -1.1996 0.52815 -0.16563 -0.14417 0.95168 0.38624 -0.43537 0.12259 -0.96486 0.25688 -0.049209 0.21662 0.63847
HOUR	-0.35715 -0.2348 0.022136 0.39099 -0.31578 0.83067 0.79695 1.6134 -0.89262 -0.040199 0.76374 0.045555 -0.60411 -0.10542 0.49529 -0.63701 -0.33093 -0.15816 -0.35829 0.038902 1.1063 0.3738 -0.16147 -0.23577 0.92047 0.25003 -0.12723 0.4937 0.031544 -0.06529 -0.81267 0.039906 -0.21525 -0.11889 -0.25044 0.4593 0.062867 -0.14988 0.62052 0.72644 -0.31632 -0.51349 0.15626 0.37738 0.20882 -0.14914 -0.31495 -1.0833 0.41879 -0.35466 0.063398 -0.8215 0.31741 1.2822 0.14035 -2.1908 -0.5124 0.28639 1.7832 0.46548 -0.013363 0.78429 -0.24496 -0.74584 -0.021004 0.0028319 0.031983 -0.43403 -0.10679 -0.17256 -0.41929 -0.20024 0.64037 0.073799 0.16994 0.47975 -0.069292 -0.67209 -0.17955 -0.39696 0.096227 -0.36841 -0.04844 -0.25303 -1.6752 0.38849 -0.047765 0.59264 0.26652 0.025291 0.76087 0.33055 -0.38495 -0.2106 -1.0493 -0.090055 0.99309 0.15571 0.67113 0.22753
DAY	-0.36689 0.4154 0.13478 -0.17841 -0.4005 0.20647 0.42742 1.129 -0.83981 -0.47955 0.021115 -0.18319 0.24588 -0.029048 0.29683 -0.44613 0.17493 -0.16619 -0.49573 -0.026547 0.76369 -0.2081 0.26494 0.33085 0.57039 0.12832 -0.28324 0.078652 0.3833 -0.074012 -0.56725 -0.25826 0.14013 0.11077 -0.21629 0.40637 -0.4574 0.27936 0.16717 -0.16388 -0.69184 -0.31493 0.65592 -0.0022426 -0.016975 0.10777 -0.18928 -0.77079 0.24333 -1.1467 0.12931 -0.59668 0.5235 1.0476 -0.83517 -2.6268 -0.32837 0.24767 2.1535 0.60561 -0.54019 0.99737 -0.18484 -0.47044 -0.019265 0.34195 0.31006 -0.31499 0.2999 -0.37647 -0.10041 -0.48373 -0.38982 -0.34424 -0.12195 0.58945 -0.15675 -0.33774 -1.0446 -0.037927 0.38237 -0.063733 -0.1299 0.12899 -1.4625 -0.22875 -0.3641 -0.10337 0.23737 -0.23498 0.15801 0.038339 0.013424 0.32535 -1.1755 0.049695 0.57227 0.02438 0.22106 0.43169

