NumberUtils	
handle	-0.47422 0.19725 -0.19055 -0.10651 -0.441 -0.039294 -0.76556 0.0376 0.50893 0.043533 0.24509 -0.149 0.60324 0.23234 -0.16092 -0.5175 -0.043791 0.58859 -0.15779 -0.4135 -0.097193 -0.28593 0.10204 -0.80818 -0.11255 -0.33566 -0.3259 -0.095823 0.21637 0.068409 -0.19144 0.54663 0.22971 0.095255 0.26711 0.093249 -0.047601 -0.17225 0.43808 0.052996 0.10351 -0.6921 -0.017864 -0.91947 -0.47246 0.61687 0.038059 -0.7117 0.075603 -0.61783 0.25808 0.1338 0.16201 0.85263 0.37208 -1.2243 0.50421 -0.12029 1.7033 0.16511 -0.20754 0.51839 -0.27295 -0.097981 0.34696 -0.34162 0.47405 0.53289 0.20428 0.30626 0.35061 -0.30196 0.1209 0.14498 1.0501 -0.046025 -0.78583 0.20823 0.13124 0.10774 1.1869 -0.055845 -0.49904 0.39575 -1.2235 -0.13159 0.25856 0.11442 -0.52661 -0.14896 -0.023413 0.90592 -0.094114 -1.0711 0.58785 0.11419 -0.14405 0.017651 0.90622 -0.14031
upper	-0.24042 -0.11595 0.74688 0.82379 -0.26551 0.029352 -0.45806 0.78535 -0.59157 0.10349 -0.41493 -0.2187 0.50607 0.37258 0.15637 -0.4439 -0.65703 -0.50672 0.24075 -0.51023 0.11459 0.3722 0.19256 -0.43375 0.31883 -0.49198 -0.14654 -0.83808 0.073616 -0.12842 1.1205 0.35597 0.50747 -0.40079 0.2747 0.27955 0.15025 0.13449 0.26474 0.37791 -0.38435 -0.83421 -0.46129 -0.31332 0.3 0.37249 0.40937 0.351 0.42166 1.0553 -0.46424 0.27272 0.1112 0.096318 -0.45713 -1.933 -0.060247 -1.0084 1.6152 0.59302 0.02666 0.9007 0.18974 1.0339 0.70697 0.37803 0.55118 0.013524 -0.05169 -0.74058 0.49647 -0.3636 0.43614 0.051203 0.008385 -0.28091 -0.8416 0.30243 0.11592 -0.6193 -0.44369 0.89856 -0.54547 -0.84553 -0.56625 -0.22415 0.079214 -0.37321 0.82901 0.57609 0.17013 -0.54596 -0.10901 1.2763 -0.70867 0.45423 0.1169 -0.48513 1.0024 -0.80312
case	0.41052 0.058649 0.28515 -0.099504 0.076813 0.15387 0.36206 -0.10112 0.093865 -0.23309 -0.13663 0.54577 0.0138 0.38415 -0.39695 0.16228 0.099602 0.24988 -0.33659 0.039019 0.33905 -0.66241 0.37472 0.21631 0.16886 0.18165 0.55425 -0.6101 -0.85227 0.36984 0.6891 0.45316 0.082091 0.10839 -0.24239 0.15888 0.11656 -0.060652 0.57618 -0.3042 -0.65261 -0.38063 0.58332 -1.0504 -0.095388 0.014547 0.59942 -0.55361 0.17132 -0.69451 0.99215 -0.39131 0.31876 1.1508 -0.57279 -1.8148 -0.39404 -0.5783 1.9226 0.59717 -0.76435 0.59466 0.28298 -0.25469 1.4569 -0.41196 0.43957 0.74745 -0.67474 0.43792 -0.0045149 -0.03932 -0.03232 0.18805 0.73553 0.14875 -0.066224 -0.56274 -0.92785 0.22184 0.81973 0.0065571 -0.046961 -0.31358 -1.5983 -0.52369 -0.016562 0.094486 -0.15641 -0.66476 -0.14292 -0.47557 -0.44785 0.10048 1.1182 0.54136 -0.030505 -0.37898 0.33021 -0.27462
hex	-0.17527 0.18288 -0.10667 -1.0489 -0.050475 -0.13275 -0.082909 0.37827 -0.024984 -0.018477 -0.2954 0.06601 0.31395 -0.32039 -0.022923 0.77337 0.54194 0.3715 0.093973 0.14296 -0.050782 -0.75919 -0.13607 0.63596 0.77778 -0.65292 -0.19408 0.071652 0.37442 0.19661 0.19058 -0.392 -0.49249 0.12965 -0.51388 -0.29445 0.075776 0.091552 1.0171 -0.61957 -0.17671 0.32671 0.28639 -0.31707 -0.3774 0.33833 -0.31124 0.33459 -0.19742 0.92857 -0.4648 -0.013176 -0.0001344 0.61971 -0.75548 -0.31462 0.21871 0.39354 -0.39135 -0.14861 0.32327 -0.058204 -0.94236 0.22752 0.14348 0.3505 0.28219 -0.29157 0.51358 0.33919 -0.049622 0.45173 0.89028 -0.33243 -0.46869 0.24753 0.24048 -0.28917 0.090402 0.43087 -0.23659 -0.51475 -0.54799 -0.022544 0.34246 0.20506 0.12251 -0.13595 0.28417 0.69976 -1.1266 0.95365 -1.0525 -0.10203 -0.13858 -0.32516 0.53446 -0.39592 0.16654 0.57202
Number	-0.45491 0.70878 0.052253 0.43452 0.49128 0.26042 -0.09712 0.0068731 0.039583 0.020627 0.39695 -0.12315 0.45283 0.070128 0.3735 -0.1067 -0.018949 0.41535 -0.084856 0.50866 0.87814 -0.3561 0.17487 0.11043 -0.013347 -0.93837 1.134 -0.48278 0.25784 -0.21401 0.07738 0.16889 0.18686 0.095164 0.00041873 0.18117 -0.47591 0.23026 -0.42482 -0.073454 -0.36366 -0.20183 0.21305 0.19168 0.6503 -0.25375 -0.083304 -0.47567 -0.26261 0.029469 0.048801 -0.27775 -0.21443 1.0527 -0.12616 -2.0923 0.23163 -0.22628 1.6792 1.1899 -0.29056 0.39359 -0.038179 0.42282 1.1047 -0.010826 0.091952 0.35868 1.1337 0.15289 -0.24242 -0.10993 -0.20155 0.14546 0.66681 0.32207 0.18396 -0.36868 -0.86877 -0.22897 1.3476 -0.56402 -0.13284 -0.18372 -1.8314 -0.65542 0.21221 -1.0741 -0.32264 0.43934 -0.53892 0.61369 -0.13816 -0.14751 -1.1355 -0.2183 -0.74298 -0.42292 0.58595 -0.42407
Utils	0.16432 0.16509 0.14917 0.19005 -0.33393 -0.26622 0.25083 -0.064669 0.32483 -0.091335 -0.18256 0.12947 -0.21251 0.19278 -0.51735 0.1958 -0.32887 -0.40537 0.07375 0.016157 0.013923 0.41785 -0.54745 -0.34444 -0.26087 0.64478 0.5064 0.50361 0.043443 0.12742 0.16179 -0.12747 0.15068 -0.07864 0.076287 -0.50347 -0.2807 -0.792 0.20956 0.20326 0.45639 0.062745 -0.094146 0.13879 -0.12598 -0.040411 -0.23096 0.47241 0.28211 0.42516 -0.35783 -0.19741 -0.38557 -0.39353 0.65578 0.78624 -0.27493 -0.024972 0.078031 -0.048246 0.15862 -0.41202 0.14025 -0.3878 -0.26094 0.26625 -0.65836 0.064416 0.020386 0.2148 -0.28505 0.18359 0.20716 0.39623 -0.34651 -0.1913 0.4989 0.205 0.87371 -0.089268 -0.71934 -0.20817 0.083791 -0.1187 0.73715 0.11568 -0.33507 0.16044 0.089473 0.669 0.27227 0.060755 -0.057185 -0.28455 0.2735 0.33837 0.28112 0.78564 -0.12033 -0.27838

NumberUtils	
createNumber	
work	-0.11619 0.45447 -0.69216 0.03458 0.26348 -0.38139 -0.2279 0.37233 -0.20579 0.2902 0.12114 -0.42729 0.55573 -0.094286 -0.49967 -0.29478 0.74109 0.25191 -0.27468 0.23191 0.0038204 0.045252 0.2497 -0.41579 0.31307 -0.58496 -0.32739 -0.66189 0.14909 -0.25771 -0.94858 0.41809 -0.29538 -0.042711 -0.6997 0.57892 -0.069271 -0.039633 -0.0056463 -0.29616 -0.57448 0.1601 -0.10671 0.10096 -0.42956 -0.27785 -0.30017 -0.69537 0.17965 -0.46723 0.12511 -0.029022 -0.15974 1.4217 -0.26224 -2.3719 -0.11917 -0.58262 1.5548 0.42212 0.084633 1.1385 -0.31226 -0.050738 1.0936 -0.001437 0.44641 0.34625 0.43964 -0.38941 0.27082 0.080626 -0.056481 -0.41097 0.5642 -0.15158 -0.14931 0.17199 -0.61495 -0.15822 0.32818 0.49756 -0.32947 0.16222 -2.3063 0.40681 0.27702 -0.37002 -0.80969 -0.76256 0.091109 -0.61473 0.25286 0.05998 -0.21977 0.0072382 -0.33877 -0.54737 0.48822 0.32246
equally	-0.56143 0.44402 0.069488 0.06432 0.27382 0.44764 0.029325 0.03996 -0.19172 -0.4002 -0.26784 -0.057128 0.14408 -0.45187 -0.44811 -0.72834 -0.42696 -0.095556 -0.25124 0.31801 0.58639 0.12994 0.30061 -0.52709 0.3018 -0.35053 -0.10567 0.15102 -0.29187 -0.014593 0.26506 0.44741 -0.03139 -0.68749 0.85797 0.068619 0.14007 0.14704 -0.5342 -0.0047708 0.35212 0.34648 0.2588 -0.35587 -0.026003 -0.57737 0.65895 0.97863 -0.44328 -0.6004 0.35061 -0.54844 0.37976 0.54573 -0.18826 -1.4134 0.73297 -0.054552 0.5797 -0.15064 0.32616 0.70207 -0.12873 -0.31687 0.39925 -0.38616 0.38408 0.49981 0.066068 -0.22782 -0.14324 -0.13604 0.0015223 0.33582 0.71926 -0.16093 -0.51786 -0.38667 -0.39281 -0.33064 0.37422 0.49517 -0.5182 -0.059025 -1.4803 -0.69103 -0.23084 -0.015632 -0.65982 -0.68384 -0.2164 -0.029484 -0.42893 -0.17069 -0.25901 0.22071 -0.73949 -0.60098 0.29191 0.092917
Number	-0.45491 0.70878 0.052253 0.43452 0.49128 0.26042 -0.09712 0.0068731 0.039583 0.020627 0.39695 -0.12315 0.45283 0.070128 0.3735 -0.1067 -0.018949 0.41535 -0.084856 0.50866 0.87814 -0.3561 0.17487 0.11043 -0.013347 -0.93837 1.134 -0.48278 0.25784 -0.21401 0.07738 0.16889 0.18686 0.095164 0.00041873 0.18117 -0.47591 0.23026 -0.42482 -0.073454 -0.36366 -0.20183 0.21305 0.19168 0.6503 -0.25375 -0.083304 -0.47567 -0.26261 0.029469 0.048801 -0.27775 -0.21443 1.0527 -0.12616 -2.0923 0.23163 -0.22628 1.6792 1.1899 -0.29056 0.39359 -0.038179 0.42282 1.1047 -0.010826 0.091952 0.35868 1.1337 0.15289 -0.24242 -0.10993 -0.20155 0.14546 0.66681 0.32207 0.18396 -0.36868 -0.86877 -0.22897 1.3476 -0.56402 -0.13284 -0.18372 -1.8314 -0.65542 0.21221 -1.0741 -0.32264 0.43934 -0.53892 0.61369 -0.13816 -0.14751 -1.1355 -0.2183 -0.74298 -0.42292 0.58595 -0.42407
Utils	0.16432 0.16509 0.14917 0.19005 -0.33393 -0.26622 0.25083 -0.064669 0.32483 -0.091335 -0.18256 0.12947 -0.21251 0.19278 -0.51735 0.1958 -0.32887 -0.40537 0.07375 0.016157 0.013923 0.41785 -0.54745 -0.34444 -0.26087 0.64478 0.5064 0.50361 0.043443 0.12742 0.16179 -0.12747 0.15068 -0.07864 0.076287 -0.50347 -0.2807 -0.792 0.20956 0.20326 0.45639 0.062745 -0.094146 0.13879 -0.12598 -0.040411 -0.23096 0.47241 0.28211 0.42516 -0.35783 -0.19741 -0.38557 -0.39353 0.65578 0.78624 -0.27493 -0.024972 0.078031 -0.048246 0.15862 -0.41202 0.14025 -0.3878 -0.26094 0.26625 -0.65836 0.064416 0.020386 0.2148 -0.28505 0.18359 0.20716 0.39623 -0.34651 -0.1913 0.4989 0.205 0.87371 -0.089268 -0.71934 -0.20817 0.083791 -0.1187 0.73715 0.11568 -0.33507 0.16044 0.089473 0.669 0.27227 0.060755 -0.057185 -0.28455 0.2735 0.33837 0.28112 0.78564 -0.12033 -0.27838
create	-0.26383 0.26373 -0.34955 0.083314 0.90819 -0.048935 -0.45747 -0.22535 0.30465 0.33276 -0.4685 -0.21108 -0.18969 -0.61031 -0.048294 -0.11973 0.42292 0.5067 -0.32303 0.1661 -0.015954 -0.48184 0.46411 -0.56109 -0.27748 -0.65359 -0.17535 -0.28018 -0.15452 -0.43765 -0.18374 0.76467 -0.52114 -0.58212 0.2433 -0.29428 0.49694 -0.34083 -0.26909 -0.090634 -0.10362 -0.016322 -0.79197 -0.6805 -0.25711 0.22994 0.074819 0.18185 -0.39566 -0.64057 -0.55135 -0.10861 -0.25924 0.77428 0.4059 -2.8124 0.54481 -0.11613 1.5227 0.19011 0.03108 0.89708 -0.22949 -0.073137 0.96343 0.00042938 0.33437 0.20522 0.35985 -0.93257 0.73966 -0.17801 -0.38467 -0.43444 0.43006 0.048868 -0.078963 -0.073633 -0.65398 0.40146 0.62592 -0.029576 -0.33386 0.34614 -1.1142 0.68437 0.56213 0.17745 -0.0098425 0.11455 0.35228 0.080023 -0.2583 -0.99062 0.16343 -0.47097 -0.062209 -0.66947 0.59345 0.15684
Number	-0.45491 0.70878 0.052253 0.43452 0.49128 0.26042 -0.09712 0.0068731 0.039583 0.020627 0.39695 -0.12315 0.45283 0.070128 0.3735 -0.1067 -0.018949 0.41535 -0.084856 0.50866 0.87814 -0.3561 0.17487 0.11043 -0.013347 -0.93837 1.134 -0.48278 0.25784 -0.21401 0.07738 0.16889 0.18686 0.095164 0.00041873 0.18117 -0.47591 0.23026 -0.42482 -0.073454 -0.36366 -0.20183 0.21305 0.19168 0.6503 -0.25375 -0.083304 -0.47567 -0.26261 0.029469 0.048801 -0.27775 -0.21443 1.0527 -0.12616 -2.0923 0.23163 -0.22628 1.6792 1.1899 -0.29056 0.39359 -0.038179 0.42282 1.1047 -0.010826 0.091952 0.35868 1.1337 0.15289 -0.24242 -0.10993 -0.20155 0.14546 0.66681 0.32207 0.18396 -0.36868 -0.86877 -0.22897 1.3476 -0.56402 -0.13284 -0.18372 -1.8314 -0.65542 0.21221 -1.0741 -0.32264 0.43934 -0.53892 0.61369 -0.13816 -0.14751 -1.1355 -0.2183 -0.74298 -0.42292 0.58595 -0.42407

generates	-0.45028 0.81736 0.40399 -0.34108 0.7579 0.050972 -0.26217 0.58912 0.34571 -0.20503 -0.070834 -0.32456 -0.21041 -0.50901 0.2308 -0.45288 -0.51878 0.48592 1.2671 0.60264 0.095579 -0.064081 -0.19177 -0.043203 -0.11891 -0.7031 0.22527 0.70799 -0.2652 -0.88794 -0.050353 1.1282 -0.65807 -0.21058 -0.34913 -0.0069349 0.063732 -0.54781 -0.33667 0.075269 0.26687 0.16987 -0.54101 -0.32069 -0.28783 -0.33166 0.30309 -0.26457 -0.060239 -0.26063 -0.14285 -0.36528 -0.035574 0.3757 0.093733 -0.79302 0.0064613 -0.46085 0.773 -0.18286 0.83578 -0.2501 -0.01752 -0.26532 0.20687 0.3201 0.40981 -0.91875 0.7793 0.030755 0.67264 -0.24096 0.29497 0.50718 0.7265 0.038633 0.54279 -1.071 -0.64489 0.72817 0.60962 0.16708 -1.1863 0.013116 -0.094893 0.24887 0.46275 -0.68788 0.22979 0.12449 0.10981 0.65982 -0.11172 -0.48935 0.62986 -0.036486 0.2144 -0.77661 0.62619 0.25465
NumberFormatException	
Integer	-0.70304 1.1551 -0.82597 0.80244 -0.1544 0.57949 -0.59958 -0.13816 0.20076 0.7598 0.11517 -0.51886 -0.0048979 0.26955 0.36924 0.8576 -0.94379 1.4129 0.86419 0.31124 0.18086 -0.77403 0.20806 -0.25154 0.034796 0.17688 1.4762 1.1659 -0.21113 0.30036 0.22823 0.80581 0.47468 -0.076756 0.69561 -0.51302 0.37499 0.37388 -0.068775 -1.0938 0.93828 -0.1988 0.15837 -0.41197 -0.1835 0.32009 0.49577 -0.46046 -0.20326 0.97771 0.4894 -0.65754 0.65469 0.12753 0.19114 -0.28326 -0.0755 0.18287 0.81389 0.70295 -0.54558 -0.7949 -1.01 0.35813 0.91667 0.044389 0.35713 0.22794 0.25637 0.38169 -1.8087 -0.27927 -0.10885 -0.34289 0.55816 0.36369 -0.92598 -0.51939 -0.71715 -0.6642 0.15924 -0.73644 -1.0238 -0.90902 0.66494 0.75204 0.49799 -0.90445 0.11537 -1.0012 -2.0251 1.1827 -1.0992 -0.38243 -0.212 -0.90378 0.015037 -0.27281 -0.54588 0.89177
decode	0.47473 -0.19157 0.33886 0.35383 0.0098097 0.087258 0.0043423 -0.59398 0.32007 -0.29961 0.55486 0.55233 -0.37443 0.25106 0.013402 0.54896 0.59954 0.37292 0.19831 0.37349 -0.82581 -0.44523 0.94137 -0.22599 0.074047 -0.56868 -0.2724 1.0203 0.25728 -0.0074098 0.084064 0.25483 -0.52626 0.55066 -0.085866 0.090326 -0.99427 0.83139 -0.089665 -0.5982 0.35068 0.28003 -1.3012 0.029447 -1.0777 1.0413 0.42102 0.23665 -0.58656 0.52479 0.2941 0.54259 0.36278 0.19347 -0.018924 0.31191 0.071434 0.108 -0.12161 -0.33192 0.4071 0.30124 0.50243 -0.80785 0.10198 0.24636 -0.33298 0.75845 0.098482 -0.05041 -0.16823 -0.23656 0.1958 -0.23391 0.030203 0.41237 -0.84234 -0.8574 -0.092764 0.16923 0.33728 -0.66407 -0.80863 0.4311 -0.69146 0.3716 1.277 0.0074381 -0.53697 0.14816 0.15195 0.69315 -0.42895 -0.32458 -0.0020379 -0.78185 0.13155 -0.53987 -0.26318 0.31308
handles	-0.43609 0.36159 0.076613 -0.12115 0.5172 0.21488 -1.0752 0.52155 0.58936 0.0768 0.30425 -0.36775 0.61882 1.0133 -0.031819 0.072689 0.039316 0.04731 0.46836 -0.26994 -0.01014 -0.021615 0.028176 -0.57054 0.14894 -0.19052 -0.40979 0.067222 -0.37324 -0.65822 -0.21823 0.88193 -0.16897 0.49701 -0.082229 0.26201 0.24615 -0.15072 0.27628 0.22932 0.24112 -0.87392 0.20258 -0.51272 -0.90055 0.5285 -0.12428 -0.65926 0.17567 -0.13047 0.41034 -0.050895 -0.012491 0.31174 -0.078718 -0.40835 0.13766 -0.10221 1.3343 0.23261 0.18745 -0.054016 0.37521 -0.16932 -0.43877 -0.56394 0.5936 0.476 0.31803 0.73874 0.26847 -0.31691 0.52232 0.40322 1.0189 -0.38568 -0.68002 -0.07511 -0.20469 0.22243 0.69354 0.15541 0.13651 0.60311 -0.44609 -0.056065 -0.13779 -0.16712 -0.021823 0.0084335 0.049734 0.51489 0.026685 -0.75749 0.94616 0.32485 -0.21367 -0.010123 1.0617 0.17374
upper	-0.24042 -0.11595 0.74688 0.82379 -0.26551 0.029352 -0.45806 0.78535 -0.59157 0.10349 -0.41493 -0.2187 0.50607 0.37258 0.15637 -0.4439 -0.65703 -0.50672 0.24075 -0.51023 0.11459 0.3722 0.19256 -0.43375 0.31883 -0.49198 -0.14654 -0.83808 0.073616 -0.12842 1.1205 0.35597 0.50747 -0.40079 0.2747 0.27955 0.15025 0.13449 0.26474 0.37791 -0.38435 -0.83421 -0.46129 -0.31332 0.3 0.37249 0.40937 0.351 0.42166 1.0553 -0.46424 0.27272 0.1112 0.096318 -0.45713 -1.933 -0.060247 -1.0084 1.6152 0.59302 0.02666 0.9007 0.18974 1.0339 0.70697 0.37803 0.55118 0.013524 -0.05169 -0.74058 0.49647 -0.3636 0.43614 0.051203 0.008385 -0.28091 -0.8416 0.30243 0.11592 -0.6193 -0.44369 0.89856 -0.54547 -0.84553 -0.56625 -0.22415 0.079214 -0.37321 0.82901 0.57609 0.17013 -0.54596 -0.10901 1.2763 -0.70867 0.45423 0.1169 -0.48513 1.0024 -0.80312
case	0.41052 0.058649 0.28515 -0.099504 0.076813 0.15387 0.36206 -0.10112 0.093865 -0.23309 -0.13663 0.54577 0.0138 0.38415 -0.39695 0.16228 0.099602 0.24988 -0.33659 0.039019 0.33905 -0.66241 0.37472 0.21631 0.16886 0.18165 0.55425 -0.6101 -0.85227 0.36984 0.6891 0.45316 0.082091 0.10839 -0.24239 0.15888 0.11656 -0.060652 0.57618 -0.3042 -0.65261 -0.38063 0.58332 -1.0504 -0.095388 0.014547 0.59942 -0.55361 0.17132 -0.69451 0.99215 -0.39131 0.31876 1.1508 -0.57279 -1.8148 -0.39404 -0.5783 1.9226 0.59717 -0.76435 0.59466 0.28298 -0.25469 1.4569 -0.41196 0.43957 0.74745 -0.67474 0.43792 -0.0045149 -0.03932 -0.03232 0.18805 0.73553 0.14875 -0.066224 -0.56274 -0.92785 0.22184 0.81973 0.0065571 -0.046961 -0.31358 -1.5983 -0.52369 -0.016562 0.094486 -0.15641 -0.66476 -0.14292 -0.47557 -0.44785 0.10048 1.1182 0.54136 -0.030505 -0.37898 0.33021 -0.27462
hex	-0.17527 0.18288 -0.10667 -1.0489 -0.050475 -0.13275 -0.082909 0.37827 -0.024984 -0.018477 -0.2954 0.06601 0.31395 -0.32039 -0.022923 0.77337 0.54194 0.3715 0.093973 0.14296 -0.050782 -0.75919 -0.13607 0.63596 0.77778 -0.65292 -0.19408 0.071652 0.37442 0.19661 0.19058 -0.392 -0.49249 0.12965 -0.51388 -0.29445 0.075776 0.091552 1.0171 -0.61957 -0.17671 0.32671 0.28639 -0.31707 -0.3774 0.33833 -0.31124 0.33459 -0.19742 0.92857 -0.4648 -0.013176 -0.0001344 0.61971 -0.75548 -0.31462 0.21871 0.39354 -0.39135 -0.14861 0.32327 -0.058204 -0.94236 0.22752 0.14348 0.3505 0.28219 -0.29157 0.51358 0.33919 -0.049622 0.45173 0.89028 -0.33243 -0.46869 0.24753 0.24048 -0.28917 0.090402 0.43087 -0.23659 -0.51475 -0.54799 -0.022544 0.34246 0.20506 0.12251 -0.13595 0.28417 0.69976 -1.1266 0.95365 -1.0525 -0.10203 -0.13858 -0.32516 0.53446 -0.39592 0.16654 0.57202
Number	-0.45491 0.70878 0.052253 0.43452 0.49128 0.26042 -0.09712 0.0068731 0.039583 0.020627 0.39695 -0.12315 0.45283 0.070128 0.3735 -0.1067 -0.018949 0.41535 -0.084856 0.50866 0.87814 -0.3561 0.17487 0.11043 -0.013347 -0.93837 1.134 -0.48278 0.25784 -0.21401 0.07738 0.16889 0.18686 0.095164 0.00041873 0.18117 -0.47591 0.23026 -0.42482 -0.073454 -0.36366 -0.20183 0.21305 0.19168 0.6503 -0.25375 -0.083304 -0.47567 -0.26261 0.029469 0.048801 -0.27775 -0.21443 1.0527 -0.12616 -2.0923 0.23163 -0.22628 1.6792 1.1899 -0.29056 0.39359 -0.038179 0.42282 1.1047 -0.010826 0.091952 0.35868 1.1337 0.15289 -0.24242 -0.10993 -0.20155 0.14546 0.66681 0.32207 0.18396 -0.36868 -0.86877 -0.22897 1.3476 -0.56402 -0.13284 -0.18372 -1.8314 -0.65542 0.21221 -1.0741 -0.32264 0.43934 -0.53892 0.61369 -0.13816 -0.14751 -1.1355 -0.2183 -0.74298 -0.42292 0.58595 -0.42407
Format	-0.59103 -0.0012078 0.37935 -0.1451 0.56042 0.51616 0.87251 0.40328 0.11994 0.22068 0.52461 -0.65821 0.070258 -0.53878 0.82136 0.13865 0.25721 -0.092576 0.57766 0.054505 -0.61693 0.065714 0.38451 -0.046477 0.78157 -0.84954 1.0183 -0.33692 -0.11083 0.89616 0.051554 0.99687 -0.78067 0.46183 0.93662 0.004253 -0.10713 -0.85733 -0.24957 -1.3744 0.045211 -0.62367 -0.71313 0.55946 -0.88097 -0.59443 0.42415 -0.62953 0.030008 -0.27456 -0.23726 0.227 0.34931 0.66141 0.88024 -2.0356 -0.62774 -0.10856 1.4519 0.40681 0.032444 0.077106 -0.32639 -0.33249 0.77144 -0.32109 -0.29246 0.25994 -0.48132 -0.3172 -0.0082141 0.10878 0.49308 0.33096 -0.20104 0.62897 -0.11363 -0.16668 -0.18728 -0.24847 -0.61811 -1.2221 0.10372 0.020424 -0.60837 0.46781 -0.57902 -0.68822 -0.097844 0.70902 -0.56089 1.2875 -0.31719 0.41216 0.13174 -0.53202 -0.43119 0.060917 1.2574 0.6112
Exception	0.018977 0.20343 0.51521 -0.10723 0.18065 0.12331 -0.15804 0.11424 0.03167 -0.64671 -0.010638 -0.43316 0.19038 0.17583 0.035071 -0.027728 0.2262 0.14682 -0.18915 0.47476 0.33566 0.27888 -0.21996 0.10146 0.28032 -0.3842 0.18258 -0.50839 -0.35652 -0.33523 0.17786 0.11341 -0.036747 -0.23953 -0.088431 0.46591 0.19665 -0.0027544 -0.013453 -0.25648 0.087086 0.1118 0.4933 0.1239 0.25282 -0.10723 0.81902 -0.10497 -0.69268 -0.5915 0.43756 0.19418 0.22259 0.37208 -0.037613 -1.2992 0.020897 -0.40147 1.2586 0.15621 -0.49972 -0.085182 0.065586 0.27406 1.0264 -0.54902 0.13317 -0.34417 -0.12317 0.1398 -0.46829 -0.19733 -0.034079 0.45159 0.39558 0.18438 -0.432 -0.22367 -0.1309 -0.32784 -0.039537 -0.58863 0.26447 -0.28228 -0.93648 0.31135 0.06557 -0.17484 0.37004 0.031478 -0.15041 -0.23924 -0.09215 -0.031035 -0.42726 0.45871 -0.35031 -0.21297 0.22867 -0.2934

