NumberUtils	
handle	-0.47422 0.19725 -0.19055 -0.10651 -0.441 -0.039294 -0.76556 0.0376 0.50893 0.043533 0.24509 -0.149 0.60324 0.23234 -0.16092 -0.5175 -0.043791 0.58859 -0.15779 -0.4135 -0.097193 -0.28593 0.10204 -0.80818 -0.11255 -0.33566 -0.3259 -0.095823 0.21637 0.068409 -0.19144 0.54663 0.22971 0.095255 0.26711 0.093249 -0.047601 -0.17225 0.43808 0.052996 0.10351 -0.6921 -0.017864 -0.91947 -0.47246 0.61687 0.038059 -0.7117 0.075603 -0.61783 0.25808 0.1338 0.16201 0.85263 0.37208 -1.2243 0.50421 -0.12029 1.7033 0.16511 -0.20754 0.51839 -0.27295 -0.097981 0.34696 -0.34162 0.47405 0.53289 0.20428 0.30626 0.35061 -0.30196 0.1209 0.14498 1.0501 -0.046025 -0.78583 0.20823 0.13124 0.10774 1.1869 -0.055845 -0.49904 0.39575 -1.2235 -0.13159 0.25856 0.11442 -0.52661 -0.14896 -0.023413 0.90592 -0.094114 -1.0711 0.58785 0.11419 -0.14405 0.017651 0.90622 -0.14031
Long	-0.24149 0.43733 -0.32623 -0.18897 -0.29305 -0.28223 -0.37429 0.47172 -0.61045 -0.17059 -0.05528 0.74618 0.61522 0.29321 0.23069 -0.40869 0.24888 -0.48797 0.00048047 -0.54519 0.52164 0.73132 -0.0010567 0.10601 0.84546 0.49301 -0.92694 -0.56454 -0.073725 0.087184 -0.17091 0.29569 0.41866 -0.35302 0.33314 0.23985 0.51223 0.31759 0.36975 0.52439 -0.15201 -0.5523 0.41703 -0.13236 0.095632 -0.4792 0.82726 -0.41113 0.24488 -0.11884 0.25559 -0.55004 0.48753 1.2109 0.41641 -2.8652 0.26831 -0.094585 1.8959 0.43377 -0.17049 0.82421 0.10373 -0.18124 0.63302 -0.02878 0.66535 0.12374 -0.08893 -0.18875 0.26731 0.13841 -0.1126 -0.3464 -0.044674 -0.45838 -0.66339 -0.018257 -0.89461 -0.27158 0.70234 -0.077111 -0.35251 0.1509 -1.7293 0.20593 -0.23115 0.079508 -0.092586 -0.11143 -0.18736 0.32542 -0.38972 -0.37078 -0.65679 -0.082912 -0.51918 -0.34876 0.23791 0.21206
Hex	-0.17527 0.18288 -0.10667 -1.0489 -0.050475 -0.13275 -0.082909 0.37827 -0.024984 -0.018477 -0.2954 0.06601 0.31395 -0.32039 -0.022923 0.77337 0.54194 0.3715 0.093973 0.14296 -0.050782 -0.75919 -0.13607 0.63596 0.77778 -0.65292 -0.19408 0.071652 0.37442 0.19661 0.19058 -0.392 -0.49249 0.12965 -0.51388 -0.29445 0.075776 0.091552 1.0171 -0.61957 -0.17671 0.32671 0.28639 -0.31707 -0.3774 0.33833 -0.31124 0.33459 -0.19742 0.92857 -0.4648 -0.013176 -0.0001344 0.61971 -0.75548 -0.31462 0.21871 0.39354 -0.39135 -0.14861 0.32327 -0.058204 -0.94236 0.22752 0.14348 0.3505 0.28219 -0.29157 0.51358 0.33919 -0.049622 0.45173 0.89028 -0.33243 -0.46869 0.24753 0.24048 -0.28917 0.090402 0.43087 -0.23659 -0.51475 -0.54799 -0.022544 0.34246 0.20506 0.12251 -0.13595 0.28417 0.69976 -1.1266 0.95365 -1.0525 -0.10203 -0.13858 -0.32516 0.53446 -0.39592 0.16654 0.57202
numbers	-0.45266 0.95258 0.44245 -0.224 -0.26489 0.090851 -0.1801 -0.28282 0.35324 -0.21554 -0.22758 -0.22046 0.45199 0.062667 0.61764 0.0042392 -0.16903 0.69396 0.42238 0.22457 0.7197 -0.41702 0.27429 -0.21711 -0.43622 -1.0251 0.28464 -0.083264 0.22553 -0.60309 0.64405 -0.16023 0.089458 0.034143 0.2547 -0.12399 -0.1996 0.38633 -0.036775 -0.37095 0.0015733 -0.53816 -0.5158 0.16721 0.2189 -0.56895 0.30676 -0.44642 -0.18952 -0.66109 0.55532 -0.097764 0.064051 1.0764 0.013703 -1.6903 0.12543 -0.17052 1.574 0.68453 -0.51691 0.2496 0.010548 -0.21826 0.89174 0.1838 -0.19046 -0.058352 1.0834 0.46932 -0.18469 -0.18679 -0.46 -0.33647 0.75767 0.4634 -0.0035157 0.20985 -0.46118 -0.23362 0.76224 -0.23423 -0.71983 -0.93151 -1.393 -0.84675 0.49541 -1.3668 -0.60744 0.6973 -0.54466 0.38583 0.12845 -0.36263 -0.86108 -0.68242 -0.59689 0.018912 0.020207 0.071245
Number	-0.45491 0.70878 0.052253 0.43452 0.49128 0.26042 -0.09712 0.0068731 0.039583 0.020627 0.39695 -0.12315 0.45283 0.070128 0.3735 -0.1067 -0.018949 0.41535 -0.084856 0.50866 0.87814 -0.3561 0.17487 0.11043 -0.013347 -0.93837 1.134 -0.48278 0.25784 -0.21401 0.07738 0.16889 0.18686 0.095164 0.00041873 0.18117 -0.47591 0.23026 -0.42482 -0.073454 -0.36366 -0.20183 0.21305 0.19168 0.6503 -0.25375 -0.083304 -0.47567 -0.26261 0.029469 0.048801 -0.27775 -0.21443 1.0527 -0.12616 -2.0923 0.23163 -0.22628 1.6792 1.1899 -0.29056 0.39359 -0.038179 0.42282 1.1047 -0.010826 0.091952 0.35868 1.1337 0.15289 -0.24242 -0.10993 -0.20155 0.14546 0.66681 0.32207 0.18396 -0.36868 -0.86877 -0.22897 1.3476 -0.56402 -0.13284 -0.18372 -1.8314 -0.65542 0.21221 -1.0741 -0.32264 0.43934 -0.53892 0.61369 -0.13816 -0.14751 -1.1355 -0.2183 -0.74298 -0.42292 0.58595 -0.42407
Utils	0.16432 0.16509 0.14917 0.19005 -0.33393 -0.26622 0.25083 -0.064669 0.32483 -0.091335 -0.18256 0.12947 -0.21251 0.19278 -0.51735 0.1958 -0.32887 -0.40537 0.07375 0.016157 0.013923 0.41785 -0.54745 -0.34444 -0.26087 0.64478 0.5064 0.50361 0.043443 0.12742 0.16179 -0.12747 0.15068 -0.07864 0.076287 -0.50347 -0.2807 -0.792 0.20956 0.20326 0.45639 0.062745 -0.094146 0.13879 -0.12598 -0.040411 -0.23096 0.47241 0.28211 0.42516 -0.35783 -0.19741 -0.38557 -0.39353 0.65578 0.78624 -0.27493 -0.024972 0.078031 -0.048246 0.15862 -0.41202 0.14025 -0.3878 -0.26094 0.26625 -0.65836 0.064416 0.020386 0.2148 -0.28505 0.18359 0.20716 0.39623 -0.34651 -0.1913 0.4989 0.205 0.87371 -0.089268 -0.71934 -0.20817 0.083791 -0.1187 0.73715 0.11568 -0.33507 0.16044 0.089473 0.669 0.27227 0.060755 -0.057185 -0.28455 0.2735 0.33837 0.28112 0.78564 -0.12033 -0.27838

NumberUtils	
createLong	
handle	-0.47422 0.19725 -0.19055 -0.10651 -0.441 -0.039294 -0.76556 0.0376 0.50893 0.043533 0.24509 -0.149 0.60324 0.23234 -0.16092 -0.5175 -0.043791 0.58859 -0.15779 -0.4135 -0.097193 -0.28593 0.10204 -0.80818 -0.11255 -0.33566 -0.3259 -0.095823 0.21637 0.068409 -0.19144 0.54663 0.22971 0.095255 0.26711 0.093249 -0.047601 -0.17225 0.43808 0.052996 0.10351 -0.6921 -0.017864 -0.91947 -0.47246 0.61687 0.038059 -0.7117 0.075603 -0.61783 0.25808 0.1338 0.16201 0.85263 0.37208 -1.2243 0.50421 -0.12029 1.7033 0.16511 -0.20754 0.51839 -0.27295 -0.097981 0.34696 -0.34162 0.47405 0.53289 0.20428 0.30626 0.35061 -0.30196 0.1209 0.14498 1.0501 -0.046025 -0.78583 0.20823 0.13124 0.10774 1.1869 -0.055845 -0.49904 0.39575 -1.2235 -0.13159 0.25856 0.11442 -0.52661 -0.14896 -0.023413 0.90592 -0.094114 -1.0711 0.58785 0.11419 -0.14405 0.017651 0.90622 -0.14031
hex	-0.17527 0.18288 -0.10667 -1.0489 -0.050475 -0.13275 -0.082909 0.37827 -0.024984 -0.018477 -0.2954 0.06601 0.31395 -0.32039 -0.022923 0.77337 0.54194 0.3715 0.093973 0.14296 -0.050782 -0.75919 -0.13607 0.63596 0.77778 -0.65292 -0.19408 0.071652 0.37442 0.19661 0.19058 -0.392 -0.49249 0.12965 -0.51388 -0.29445 0.075776 0.091552 1.0171 -0.61957 -0.17671 0.32671 0.28639 -0.31707 -0.3774 0.33833 -0.31124 0.33459 -0.19742 0.92857 -0.4648 -0.013176 -0.0001344 0.61971 -0.75548 -0.31462 0.21871 0.39354 -0.39135 -0.14861 0.32327 -0.058204 -0.94236 0.22752 0.14348 0.3505 0.28219 -0.29157 0.51358 0.33919 -0.049622 0.45173 0.89028 -0.33243 -0.46869 0.24753 0.24048 -0.28917 0.090402 0.43087 -0.23659 -0.51475 -0.54799 -0.022544 0.34246 0.20506 0.12251 -0.13595 0.28417 0.69976 -1.1266 0.95365 -1.0525 -0.10203 -0.13858 -0.32516 0.53446 -0.39592 0.16654 0.57202
numbers	-0.45266 0.95258 0.44245 -0.224 -0.26489 0.090851 -0.1801 -0.28282 0.35324 -0.21554 -0.22758 -0.22046 0.45199 0.062667 0.61764 0.0042392 -0.16903 0.69396 0.42238 0.22457 0.7197 -0.41702 0.27429 -0.21711 -0.43622 -1.0251 0.28464 -0.083264 0.22553 -0.60309 0.64405 -0.16023 0.089458 0.034143 0.2547 -0.12399 -0.1996 0.38633 -0.036775 -0.37095 0.0015733 -0.53816 -0.5158 0.16721 0.2189 -0.56895 0.30676 -0.44642 -0.18952 -0.66109 0.55532 -0.097764 0.064051 1.0764 0.013703 -1.6903 0.12543 -0.17052 1.574 0.68453 -0.51691 0.2496 0.010548 -0.21826 0.89174 0.1838 -0.19046 -0.058352 1.0834 0.46932 -0.18469 -0.18679 -0.46 -0.33647 0.75767 0.4634 -0.0035157 0.20985 -0.46118 -0.23362 0.76224 -0.23423 -0.71983 -0.93151 -1.393 -0.84675 0.49541 -1.3668 -0.60744 0.6973 -0.54466 0.38583 0.12845 -0.36263 -0.86108 -0.68242 -0.59689 0.018912 0.020207 0.071245
createInteger	
handles	-0.43609 0.36159 0.076613 -0.12115 0.5172 0.21488 -1.0752 0.52155 0.58936 0.0768 0.30425 -0.36775 0.61882 1.0133 -0.031819 0.072689 0.039316 0.04731 0.46836 -0.26994 -0.01014 -0.021615 0.028176 -0.57054 0.14894 -0.19052 -0.40979 0.067222 -0.37324 -0.65822 -0.21823 0.88193 -0.16897 0.49701 -0.082229 0.26201 0.24615 -0.15072 0.27628 0.22932 0.24112 -0.87392 0.20258 -0.51272 -0.90055 0.5285 -0.12428 -0.65926 0.17567 -0.13047 0.41034 -0.050895 -0.012491 0.31174 -0.078718 -0.40835 0.13766 -0.10221 1.3343 0.23261 0.18745 -0.054016 0.37521 -0.16932 -0.43877 -0.56394 0.5936 0.476 0.31803 0.73874 0.26847 -0.31691 0.52232 0.40322 1.0189 -0.38568 -0.68002 -0.07511 -0.20469 0.22243 0.69354 0.15541 0.13651 0.60311 -0.44609 -0.056065 -0.13779 -0.16712 -0.021823 0.0084335 0.049734 0.51489 0.026685 -0.75749 0.94616 0.32485 -0.21367 -0.010123 1.0617 0.17374
hex	-0.17527 0.18288 -0.10667 -1.0489 -0.050475 -0.13275 -0.082909 0.37827 -0.024984 -0.018477 -0.2954 0.06601 0.31395 -0.32039 -0.022923 0.77337 0.54194 0.3715 0.093973 0.14296 -0.050782 -0.75919 -0.13607 0.63596 0.77778 -0.65292 -0.19408 0.071652 0.37442 0.19661 0.19058 -0.392 -0.49249 0.12965 -0.51388 -0.29445 0.075776 0.091552 1.0171 -0.61957 -0.17671 0.32671 0.28639 -0.31707 -0.3774 0.33833 -0.31124 0.33459 -0.19742 0.92857 -0.4648 -0.013176 -0.0001344 0.61971 -0.75548 -0.31462 0.21871 0.39354 -0.39135 -0.14861 0.32327 -0.058204 -0.94236 0.22752 0.14348 0.3505 0.28219 -0.29157 0.51358 0.33919 -0.049622 0.45173 0.89028 -0.33243 -0.46869 0.24753 0.24048 -0.28917 0.090402 0.43087 -0.23659 -0.51475 -0.54799 -0.022544 0.34246 0.20506 0.12251 -0.13595 0.28417 0.69976 -1.1266 0.95365 -1.0525 -0.10203 -0.13858 -0.32516 0.53446 -0.39592 0.16654 0.57202
octal	-0.33752 1.2821 -0.1466 -0.22644 -0.51284 0.37431 -0.39871 0.17788 0.35556 0.26428 -0.62047 -0.77668 -0.55836 0.31592 0.33085 0.42709 0.36804 0.84734 0.4734 -0.1747 0.10431 0.18173 -0.32181 0.56169 0.20912 -0.39889 0.59909 0.21125 0.1669 0.26958 0.40994 0.031185 -0.13788 -0.4783 0.63134 -0.38261 -0.048884 -0.066997 0.01937 -0.32043 0.026394 -0.13607 0.13039 0.43707 -0.030397 -0.23223 0.51718 -0.42159 -0.31116 0.20959 -0.24377 0.30887 0.51268 0.17207 0.054344 0.31192 0.97302 -0.65897 -0.20295 0.64653 -0.53838 -0.98813 -0.079473 0.66868 -0.46405 -0.12132 -0.26101 -0.97045 -0.26893 0.50514 -0.355 0.17863 0.19806 0.027121 0.019556 0.076787 0.43725 -0.35843 0.38456 0.11477 -0.68159 0.33033 -0.11775 -0.62062 -0.021918 0.15258 0.96514 0.20718 0.10356 0.93545 -0.19263 1.1266 -0.12287 -0.18848 -0.16462 -0.77879 0.07761 -0.10844 -0.95361 -0.40312
Number	-0.45491 0.70878 0.052253 0.43452 0.49128 0.26042 -0.09712 0.0068731 0.039583 0.020627 0.39695 -0.12315 0.45283 0.070128 0.3735 -0.1067 -0.018949 0.41535 -0.084856 0.50866 0.87814 -0.3561 0.17487 0.11043 -0.013347 -0.93837 1.134 -0.48278 0.25784 -0.21401 0.07738 0.16889 0.18686 0.095164 0.00041873 0.18117 -0.47591 0.23026 -0.42482 -0.073454 -0.36366 -0.20183 0.21305 0.19168 0.6503 -0.25375 -0.083304 -0.47567 -0.26261 0.029469 0.048801 -0.27775 -0.21443 1.0527 -0.12616 -2.0923 0.23163 -0.22628 1.6792 1.1899 -0.29056 0.39359 -0.038179 0.42282 1.1047 -0.010826 0.091952 0.35868 1.1337 0.15289 -0.24242 -0.10993 -0.20155 0.14546 0.66681 0.32207 0.18396 -0.36868 -0.86877 -0.22897 1.3476 -0.56402 -0.13284 -0.18372 -1.8314 -0.65542 0.21221 -1.0741 -0.32264 0.43934 -0.53892 0.61369 -0.13816 -0.14751 -1.1355 -0.2183 -0.74298 -0.42292 0.58595 -0.42407
Utils	0.16432 0.16509 0.14917 0.19005 -0.33393 -0.26622 0.25083 -0.064669 0.32483 -0.091335 -0.18256 0.12947 -0.21251 0.19278 -0.51735 0.1958 -0.32887 -0.40537 0.07375 0.016157 0.013923 0.41785 -0.54745 -0.34444 -0.26087 0.64478 0.5064 0.50361 0.043443 0.12742 0.16179 -0.12747 0.15068 -0.07864 0.076287 -0.50347 -0.2807 -0.792 0.20956 0.20326 0.45639 0.062745 -0.094146 0.13879 -0.12598 -0.040411 -0.23096 0.47241 0.28211 0.42516 -0.35783 -0.19741 -0.38557 -0.39353 0.65578 0.78624 -0.27493 -0.024972 0.078031 -0.048246 0.15862 -0.41202 0.14025 -0.3878 -0.26094 0.26625 -0.65836 0.064416 0.020386 0.2148 -0.28505 0.18359 0.20716 0.39623 -0.34651 -0.1913 0.4989 0.205 0.87371 -0.089268 -0.71934 -0.20817 0.083791 -0.1187 0.73715 0.11568 -0.33507 0.16044 0.089473 0.669 0.27227 0.060755 -0.057185 -0.28455 0.2735 0.33837 0.28112 0.78564 -0.12033 -0.27838
create	-0.26383 0.26373 -0.34955 0.083314 0.90819 -0.048935 -0.45747 -0.22535 0.30465 0.33276 -0.4685 -0.21108 -0.18969 -0.61031 -0.048294 -0.11973 0.42292 0.5067 -0.32303 0.1661 -0.015954 -0.48184 0.46411 -0.56109 -0.27748 -0.65359 -0.17535 -0.28018 -0.15452 -0.43765 -0.18374 0.76467 -0.52114 -0.58212 0.2433 -0.29428 0.49694 -0.34083 -0.26909 -0.090634 -0.10362 -0.016322 -0.79197 -0.6805 -0.25711 0.22994 0.074819 0.18185 -0.39566 -0.64057 -0.55135 -0.10861 -0.25924 0.77428 0.4059 -2.8124 0.54481 -0.11613 1.5227 0.19011 0.03108 0.89708 -0.22949 -0.073137 0.96343 0.00042938 0.33437 0.20522 0.35985 -0.93257 0.73966 -0.17801 -0.38467 -0.43444 0.43006 0.048868 -0.078963 -0.073633 -0.65398 0.40146 0.62592 -0.029576 -0.33386 0.34614 -1.1142 0.68437 0.56213 0.17745 -0.0098425 0.11455 0.35228 0.080023 -0.2583 -0.99062 0.16343 -0.47097 -0.062209 -0.66947 0.59345 0.15684
Long	-0.24149 0.43733 -0.32623 -0.18897 -0.29305 -0.28223 -0.37429 0.47172 -0.61045 -0.17059 -0.05528 0.74618 0.61522 0.29321 0.23069 -0.40869 0.24888 -0.48797 0.00048047 -0.54519 0.52164 0.73132 -0.0010567 0.10601 0.84546 0.49301 -0.92694 -0.56454 -0.073725 0.087184 -0.17091 0.29569 0.41866 -0.35302 0.33314 0.23985 0.51223 0.31759 0.36975 0.52439 -0.15201 -0.5523 0.41703 -0.13236 0.095632 -0.4792 0.82726 -0.41113 0.24488 -0.11884 0.25559 -0.55004 0.48753 1.2109 0.41641 -2.8652 0.26831 -0.094585 1.8959 0.43377 -0.17049 0.82421 0.10373 -0.18124 0.63302 -0.02878 0.66535 0.12374 -0.08893 -0.18875 0.26731 0.13841 -0.1126 -0.3464 -0.044674 -0.45838 -0.66339 -0.018257 -0.89461 -0.27158 0.70234 -0.077111 -0.35251 0.1509 -1.7293 0.20593 -0.23115 0.079508 -0.092586 -0.11143 -0.18736 0.32542 -0.38972 -0.37078 -0.65679 -0.082912 -0.51918 -0.34876 0.23791 0.21206
create	-0.26383 0.26373 -0.34955 0.083314 0.90819 -0.048935 -0.45747 -0.22535 0.30465 0.33276 -0.4685 -0.21108 -0.18969 -0.61031 -0.048294 -0.11973 0.42292 0.5067 -0.32303 0.1661 -0.015954 -0.48184 0.46411 -0.56109 -0.27748 -0.65359 -0.17535 -0.28018 -0.15452 -0.43765 -0.18374 0.76467 -0.52114 -0.58212 0.2433 -0.29428 0.49694 -0.34083 -0.26909 -0.090634 -0.10362 -0.016322 -0.79197 -0.6805 -0.25711 0.22994 0.074819 0.18185 -0.39566 -0.64057 -0.55135 -0.10861 -0.25924 0.77428 0.4059 -2.8124 0.54481 -0.11613 1.5227 0.19011 0.03108 0.89708 -0.22949 -0.073137 0.96343 0.00042938 0.33437 0.20522 0.35985 -0.93257 0.73966 -0.17801 -0.38467 -0.43444 0.43006 0.048868 -0.078963 -0.073633 -0.65398 0.40146 0.62592 -0.029576 -0.33386 0.34614 -1.1142 0.68437 0.56213 0.17745 -0.0098425 0.11455 0.35228 0.080023 -0.2583 -0.99062 0.16343 -0.47097 -0.062209 -0.66947 0.59345 0.15684
Integer	-0.70304 1.1551 -0.82597 0.80244 -0.1544 0.57949 -0.59958 -0.13816 0.20076 0.7598 0.11517 -0.51886 -0.0048979 0.26955 0.36924 0.8576 -0.94379 1.4129 0.86419 0.31124 0.18086 -0.77403 0.20806 -0.25154 0.034796 0.17688 1.4762 1.1659 -0.21113 0.30036 0.22823 0.80581 0.47468 -0.076756 0.69561 -0.51302 0.37499 0.37388 -0.068775 -1.0938 0.93828 -0.1988 0.15837 -0.41197 -0.1835 0.32009 0.49577 -0.46046 -0.20326 0.97771 0.4894 -0.65754 0.65469 0.12753 0.19114 -0.28326 -0.0755 0.18287 0.81389 0.70295 -0.54558 -0.7949 -1.01 0.35813 0.91667 0.044389 0.35713 0.22794 0.25637 0.38169 -1.8087 -0.27927 -0.10885 -0.34289 0.55816 0.36369 -0.92598 -0.51939 -0.71715 -0.6642 0.15924 -0.73644 -1.0238 -0.90902 0.66494 0.75204 0.49799 -0.90445 0.11537 -1.0012 -2.0251 1.1827 -1.0992 -0.38243 -0.212 -0.90378 0.015037 -0.27281 -0.54588 0.89177

odd	0.0048804 0.31469 0.19325 -0.047789 -0.22479 0.43022 -0.058098 0.55989 0.15602 -0.2351 -0.019022 -0.33303 0.33849 -0.037939 0.38062 0.41314 -0.47685 0.11811 0.3795 0.41485 0.83867 0.52113 0.18878 -1.0175 0.35267 -0.27902 0.16301 0.25699 0.050566 -0.39142 -0.38295 0.30774 -0.20742 -0.94649 -0.53036 -0.083107 -0.47535 -0.049267 0.52523 -0.71562 0.45568 0.25534 0.1766 -0.32326 -0.59447 -0.1981 0.11952 0.59059 -0.18767 -0.1462 0.51313 -0.64755 0.50379 0.42786 -0.01228 -1.7156 0.4071 0.36306 0.4309 0.26986 -0.1769 0.68684 -0.09761 0.13779 0.89632 -0.36623 0.48564 -0.14347 0.14562 -0.18208 -0.55907 -0.30611 -0.20316 -0.26548 0.36645 0.43384 -0.0043283 -0.90248 0.014436 0.076662 -0.24769 -0.21782 0.072502 -0.47112 -0.81004 -0.08936 0.27808 -0.49214 -0.56781 -0.66936 -0.40282 0.48057 -0.0081945 -0.35603 -0.35955 -0.27118 -0.96406 -0.3155 -0.19397 -0.16294

NumberUtils	
createNumber	
assumes	-0.28124 0.37628 1.134 0.29871 0.078864 -0.30084 -0.57532 0.46369 0.55309 0.17764 -0.22106 0.33456 0.34129 0.26279 0.62319 -0.25214 -0.12182 0.30516 0.54467 0.13397 -0.45722 -1.0072 -0.27352 -0.18113 -0.35971 -0.63413 -0.080641 -0.49778 -0.0077177 -0.56398 0.023152 0.94369 -0.4244 -0.48843 -0.19466 0.11949 0.0040682 0.079137 -0.12231 -0.44158 -0.16325 0.22992 0.83316 0.28858 -0.67763 0.10665 -0.056846 -0.36569 -0.3718 -0.014502 0.16755 -0.65234 0.097013 0.72908 0.019919 -1.049 0.49942 -0.41191 0.10938 0.35297 0.67932 -0.3338 -0.049398 -0.055123 0.25673 0.49962 -0.39353 -0.13553 0.1579 0.44335 0.46996 -0.43246 -0.13693 0.42088 0.4603 -0.54306 -0.5129 -0.57469 -0.68297 -0.18717 -0.34501 -0.066237 -1.0588 -0.4506 -0.11878 -0.44881 0.2325 -0.4259 0.44883 -0.58722 -0.19487 0.38443 0.63564 -0.19429 0.20633 0.024855 0.14184 -0.40034 -0.25591 0.15801
hex	-0.17527 0.18288 -0.10667 -1.0489 -0.050475 -0.13275 -0.082909 0.37827 -0.024984 -0.018477 -0.2954 0.06601 0.31395 -0.32039 -0.022923 0.77337 0.54194 0.3715 0.093973 0.14296 -0.050782 -0.75919 -0.13607 0.63596 0.77778 -0.65292 -0.19408 0.071652 0.37442 0.19661 0.19058 -0.392 -0.49249 0.12965 -0.51388 -0.29445 0.075776 0.091552 1.0171 -0.61957 -0.17671 0.32671 0.28639 -0.31707 -0.3774 0.33833 -0.31124 0.33459 -0.19742 0.92857 -0.4648 -0.013176 -0.0001344 0.61971 -0.75548 -0.31462 0.21871 0.39354 -0.39135 -0.14861 0.32327 -0.058204 -0.94236 0.22752 0.14348 0.3505 0.28219 -0.29157 0.51358 0.33919 -0.049622 0.45173 0.89028 -0.33243 -0.46869 0.24753 0.24048 -0.28917 0.090402 0.43087 -0.23659 -0.51475 -0.54799 -0.022544 0.34246 0.20506 0.12251 -0.13595 0.28417 0.69976 -1.1266 0.95365 -1.0525 -0.10203 -0.13858 -0.32516 0.53446 -0.39592 0.16654 0.57202
numbers	-0.45266 0.95258 0.44245 -0.224 -0.26489 0.090851 -0.1801 -0.28282 0.35324 -0.21554 -0.22758 -0.22046 0.45199 0.062667 0.61764 0.0042392 -0.16903 0.69396 0.42238 0.22457 0.7197 -0.41702 0.27429 -0.21711 -0.43622 -1.0251 0.28464 -0.083264 0.22553 -0.60309 0.64405 -0.16023 0.089458 0.034143 0.2547 -0.12399 -0.1996 0.38633 -0.036775 -0.37095 0.0015733 -0.53816 -0.5158 0.16721 0.2189 -0.56895 0.30676 -0.44642 -0.18952 -0.66109 0.55532 -0.097764 0.064051 1.0764 0.013703 -1.6903 0.12543 -0.17052 1.574 0.68453 -0.51691 0.2496 0.010548 -0.21826 0.89174 0.1838 -0.19046 -0.058352 1.0834 0.46932 -0.18469 -0.18679 -0.46 -0.33647 0.75767 0.4634 -0.0035157 0.20985 -0.46118 -0.23362 0.76224 -0.23423 -0.71983 -0.93151 -1.393 -0.84675 0.49541 -1.3668 -0.60744 0.6973 -0.54466 0.38583 0.12845 -0.36263 -0.86108 -0.68242 -0.59689 0.018912 0.020207 0.071245
Integer	-0.70304 1.1551 -0.82597 0.80244 -0.1544 0.57949 -0.59958 -0.13816 0.20076 0.7598 0.11517 -0.51886 -0.0048979 0.26955 0.36924 0.8576 -0.94379 1.4129 0.86419 0.31124 0.18086 -0.77403 0.20806 -0.25154 0.034796 0.17688 1.4762 1.1659 -0.21113 0.30036 0.22823 0.80581 0.47468 -0.076756 0.69561 -0.51302 0.37499 0.37388 -0.068775 -1.0938 0.93828 -0.1988 0.15837 -0.41197 -0.1835 0.32009 0.49577 -0.46046 -0.20326 0.97771 0.4894 -0.65754 0.65469 0.12753 0.19114 -0.28326 -0.0755 0.18287 0.81389 0.70295 -0.54558 -0.7949 -1.01 0.35813 0.91667 0.044389 0.35713 0.22794 0.25637 0.38169 -1.8087 -0.27927 -0.10885 -0.34289 0.55816 0.36369 -0.92598 -0.51939 -0.71715 -0.6642 0.15924 -0.73644 -1.0238 -0.90902 0.66494 0.75204 0.49799 -0.90445 0.11537 -1.0012 -2.0251 1.1827 -1.0992 -0.38243 -0.212 -0.90378 0.015037 -0.27281 -0.54588 0.89177
Number	-0.45491 0.70878 0.052253 0.43452 0.49128 0.26042 -0.09712 0.0068731 0.039583 0.020627 0.39695 -0.12315 0.45283 0.070128 0.3735 -0.1067 -0.018949 0.41535 -0.084856 0.50866 0.87814 -0.3561 0.17487 0.11043 -0.013347 -0.93837 1.134 -0.48278 0.25784 -0.21401 0.07738 0.16889 0.18686 0.095164 0.00041873 0.18117 -0.47591 0.23026 -0.42482 -0.073454 -0.36366 -0.20183 0.21305 0.19168 0.6503 -0.25375 -0.083304 -0.47567 -0.26261 0.029469 0.048801 -0.27775 -0.21443 1.0527 -0.12616 -2.0923 0.23163 -0.22628 1.6792 1.1899 -0.29056 0.39359 -0.038179 0.42282 1.1047 -0.010826 0.091952 0.35868 1.1337 0.15289 -0.24242 -0.10993 -0.20155 0.14546 0.66681 0.32207 0.18396 -0.36868 -0.86877 -0.22897 1.3476 -0.56402 -0.13284 -0.18372 -1.8314 -0.65542 0.21221 -1.0741 -0.32264 0.43934 -0.53892 0.61369 -0.13816 -0.14751 -1.1355 -0.2183 -0.74298 -0.42292 0.58595 -0.42407
Utils	0.16432 0.16509 0.14917 0.19005 -0.33393 -0.26622 0.25083 -0.064669 0.32483 -0.091335 -0.18256 0.12947 -0.21251 0.19278 -0.51735 0.1958 -0.32887 -0.40537 0.07375 0.016157 0.013923 0.41785 -0.54745 -0.34444 -0.26087 0.64478 0.5064 0.50361 0.043443 0.12742 0.16179 -0.12747 0.15068 -0.07864 0.076287 -0.50347 -0.2807 -0.792 0.20956 0.20326 0.45639 0.062745 -0.094146 0.13879 -0.12598 -0.040411 -0.23096 0.47241 0.28211 0.42516 -0.35783 -0.19741 -0.38557 -0.39353 0.65578 0.78624 -0.27493 -0.024972 0.078031 -0.048246 0.15862 -0.41202 0.14025 -0.3878 -0.26094 0.26625 -0.65836 0.064416 0.020386 0.2148 -0.28505 0.18359 0.20716 0.39623 -0.34651 -0.1913 0.4989 0.205 0.87371 -0.089268 -0.71934 -0.20817 0.083791 -0.1187 0.73715 0.11568 -0.33507 0.16044 0.089473 0.669 0.27227 0.060755 -0.057185 -0.28455 0.2735 0.33837 0.28112 0.78564 -0.12033 -0.27838
create	-0.26383 0.26373 -0.34955 0.083314 0.90819 -0.048935 -0.45747 -0.22535 0.30465 0.33276 -0.4685 -0.21108 -0.18969 -0.61031 -0.048294 -0.11973 0.42292 0.5067 -0.32303 0.1661 -0.015954 -0.48184 0.46411 -0.56109 -0.27748 -0.65359 -0.17535 -0.28018 -0.15452 -0.43765 -0.18374 0.76467 -0.52114 -0.58212 0.2433 -0.29428 0.49694 -0.34083 -0.26909 -0.090634 -0.10362 -0.016322 -0.79197 -0.6805 -0.25711 0.22994 0.074819 0.18185 -0.39566 -0.64057 -0.55135 -0.10861 -0.25924 0.77428 0.4059 -2.8124 0.54481 -0.11613 1.5227 0.19011 0.03108 0.89708 -0.22949 -0.073137 0.96343 0.00042938 0.33437 0.20522 0.35985 -0.93257 0.73966 -0.17801 -0.38467 -0.43444 0.43006 0.048868 -0.078963 -0.073633 -0.65398 0.40146 0.62592 -0.029576 -0.33386 0.34614 -1.1142 0.68437 0.56213 0.17745 -0.0098425 0.11455 0.35228 0.080023 -0.2583 -0.99062 0.16343 -0.47097 -0.062209 -0.66947 0.59345 0.15684
Number	-0.45491 0.70878 0.052253 0.43452 0.49128 0.26042 -0.09712 0.0068731 0.039583 0.020627 0.39695 -0.12315 0.45283 0.070128 0.3735 -0.1067 -0.018949 0.41535 -0.084856 0.50866 0.87814 -0.3561 0.17487 0.11043 -0.013347 -0.93837 1.134 -0.48278 0.25784 -0.21401 0.07738 0.16889 0.18686 0.095164 0.00041873 0.18117 -0.47591 0.23026 -0.42482 -0.073454 -0.36366 -0.20183 0.21305 0.19168 0.6503 -0.25375 -0.083304 -0.47567 -0.26261 0.029469 0.048801 -0.27775 -0.21443 1.0527 -0.12616 -2.0923 0.23163 -0.22628 1.6792 1.1899 -0.29056 0.39359 -0.038179 0.42282 1.1047 -0.010826 0.091952 0.35868 1.1337 0.15289 -0.24242 -0.10993 -0.20155 0.14546 0.66681 0.32207 0.18396 -0.36868 -0.86877 -0.22897 1.3476 -0.56402 -0.13284 -0.18372 -1.8314 -0.65542 0.21221 -1.0741 -0.32264 0.43934 -0.53892 0.61369 -0.13816 -0.14751 -1.1355 -0.2183 -0.74298 -0.42292 0.58595 -0.42407

handle	-0.47422 0.19725 -0.19055 -0.10651 -0.441 -0.039294 -0.76556 0.0376 0.50893 0.043533 0.24509 -0.149 0.60324 0.23234 -0.16092 -0.5175 -0.043791 0.58859 -0.15779 -0.4135 -0.097193 -0.28593 0.10204 -0.80818 -0.11255 -0.33566 -0.3259 -0.095823 0.21637 0.068409 -0.19144 0.54663 0.22971 0.095255 0.26711 0.093249 -0.047601 -0.17225 0.43808 0.052996 0.10351 -0.6921 -0.017864 -0.91947 -0.47246 0.61687 0.038059 -0.7117 0.075603 -0.61783 0.25808 0.1338 0.16201 0.85263 0.37208 -1.2243 0.50421 -0.12029 1.7033 0.16511 -0.20754 0.51839 -0.27295 -0.097981 0.34696 -0.34162 0.47405 0.53289 0.20428 0.30626 0.35061 -0.30196 0.1209 0.14498 1.0501 -0.046025 -0.78583 0.20823 0.13124 0.10774 1.1869 -0.055845 -0.49904 0.39575 -1.2235 -0.13159 0.25856 0.11442 -0.52661 -0.14896 -0.023413 0.90592 -0.094114 -1.0711 0.58785 0.11419 -0.14405 0.017651 0.90622 -0.14031
bigger	-0.032968 0.87406 0.32536 -0.33895 -0.36403 -0.79603 -0.49862 -0.30223 0.63854 -0.06977 0.01122 0.028495 -0.51894 -0.042995 0.019063 -0.17361 -0.69646 0.60017 0.31044 0.58148 0.26999 0.26831 -0.79648 -0.13538 0.29524 -0.13669 -0.49037 -0.29336 0.085409 0.16684 0.29311 -0.23674 0.44974 -0.43934 0.84525 0.10761 0.13418 0.099533 -0.32718 -0.049664 0.22558 -0.33594 -0.0044942 -0.49558 -0.12796 0.26875 0.34608 0.28151 -0.21463 -0.71424 -0.2569 -0.19236 -0.21356 0.56762 0.45531 -2.2624 0.16752 -0.041662 1.2276 -0.074268 -0.078261 0.87157 -0.64042 0.63789 0.34785 -0.0029684 -0.3058 0.22636 0.31312 0.24998 0.49424 -0.44111 -0.29654 0.045461 0.077346 -0.12965 -0.13157 -0.5381 -0.2193 0.68142 0.3978 -0.34036 -0.3032 -0.17042 -1.1876 -0.60762 0.067508 -0.50594 -0.14061 -0.20008 0.36539 0.25508 -0.10564 -1.1287 -0.47396 -0.37126 -0.078831 0.46666 1.2007 0.36191
Hex	-0.17527 0.18288 -0.10667 -1.0489 -0.050475 -0.13275 -0.082909 0.37827 -0.024984 -0.018477 -0.2954 0.06601 0.31395 -0.32039 -0.022923 0.77337 0.54194 0.3715 0.093973 0.14296 -0.050782 -0.75919 -0.13607 0.63596 0.77778 -0.65292 -0.19408 0.071652 0.37442 0.19661 0.19058 -0.392 -0.49249 0.12965 -0.51388 -0.29445 0.075776 0.091552 1.0171 -0.61957 -0.17671 0.32671 0.28639 -0.31707 -0.3774 0.33833 -0.31124 0.33459 -0.19742 0.92857 -0.4648 -0.013176 -0.0001344 0.61971 -0.75548 -0.31462 0.21871 0.39354 -0.39135 -0.14861 0.32327 -0.058204 -0.94236 0.22752 0.14348 0.3505 0.28219 -0.29157 0.51358 0.33919 -0.049622 0.45173 0.89028 -0.33243 -0.46869 0.24753 0.24048 -0.28917 0.090402 0.43087 -0.23659 -0.51475 -0.54799 -0.022544 0.34246 0.20506 0.12251 -0.13595 0.28417 0.69976 -1.1266 0.95365 -1.0525 -0.10203 -0.13858 -0.32516 0.53446 -0.39592 0.16654 0.57202
numbers	-0.45266 0.95258 0.44245 -0.224 -0.26489 0.090851 -0.1801 -0.28282 0.35324 -0.21554 -0.22758 -0.22046 0.45199 0.062667 0.61764 0.0042392 -0.16903 0.69396 0.42238 0.22457 0.7197 -0.41702 0.27429 -0.21711 -0.43622 -1.0251 0.28464 -0.083264 0.22553 -0.60309 0.64405 -0.16023 0.089458 0.034143 0.2547 -0.12399 -0.1996 0.38633 -0.036775 -0.37095 0.0015733 -0.53816 -0.5158 0.16721 0.2189 -0.56895 0.30676 -0.44642 -0.18952 -0.66109 0.55532 -0.097764 0.064051 1.0764 0.013703 -1.6903 0.12543 -0.17052 1.574 0.68453 -0.51691 0.2496 0.010548 -0.21826 0.89174 0.1838 -0.19046 -0.058352 1.0834 0.46932 -0.18469 -0.18679 -0.46 -0.33647 0.75767 0.4634 -0.0035157 0.20985 -0.46118 -0.23362 0.76224 -0.23423 -0.71983 -0.93151 -1.393 -0.84675 0.49541 -1.3668 -0.60744 0.6973 -0.54466 0.38583 0.12845 -0.36263 -0.86108 -0.68242 -0.59689 0.018912 0.020207 0.071245
trivial	-0.63563 0.22862 0.23419 0.37549 -0.3057 0.67576 0.31516 -0.22525 0.84375 0.1186 0.38278 0.051377 -0.2856 -0.59405 -0.32124 -0.042829 -0.71444 0.81426 0.78728 0.081405 0.58825 -0.15778 0.30105 -0.25269 0.19816 0.31347 0.039652 0.42176 -0.66128 -0.44956 -0.076211 -0.078664 -0.32984 -0.62684 -0.10937 0.31929 -0.33411 0.32871 -0.070006 -0.24985 0.73338 0.21681 0.015229 -0.6561 -0.96893 -0.086305 0.77178 0.76221 -0.39694 0.14096 1.2095 -0.11777 0.59248 -0.12852 -0.41166 -0.021528 0.63865 -0.24687 0.47984 0.26489 -0.53642 -0.16992 -1.0239 -0.11094 1.2423 -0.24988 0.78506 -0.17692 0.30663 0.057555 -1.0076 -0.72705 0.085407 0.16044 0.083962 -0.076948 -0.082724 -0.68586 -0.071269 -0.033669 -0.35719 -0.0080495 0.36709 0.048423 -1.2415 0.3286 -0.39645 -0.001514 -0.042685 -0.32719 -0.61245 0.45837 -0.16625 -0.34346 0.24375 -0.052373 -0.44524 -0.39921 -0.1603 0.076269
createLong	
Long	-0.24149 0.43733 -0.32623 -0.18897 -0.29305 -0.28223 -0.37429 0.47172 -0.61045 -0.17059 -0.05528 0.74618 0.61522 0.29321 0.23069 -0.40869 0.24888 -0.48797 0.00048047 -0.54519 0.52164 0.73132 -0.0010567 0.10601 0.84546 0.49301 -0.92694 -0.56454 -0.073725 0.087184 -0.17091 0.29569 0.41866 -0.35302 0.33314 0.23985 0.51223 0.31759 0.36975 0.52439 -0.15201 -0.5523 0.41703 -0.13236 0.095632 -0.4792 0.82726 -0.41113 0.24488 -0.11884 0.25559 -0.55004 0.48753 1.2109 0.41641 -2.8652 0.26831 -0.094585 1.8959 0.43377 -0.17049 0.82421 0.10373 -0.18124 0.63302 -0.02878 0.66535 0.12374 -0.08893 -0.18875 0.26731 0.13841 -0.1126 -0.3464 -0.044674 -0.45838 -0.66339 -0.018257 -0.89461 -0.27158 0.70234 -0.077111 -0.35251 0.1509 -1.7293 0.20593 -0.23115 0.079508 -0.092586 -0.11143 -0.18736 0.32542 -0.38972 -0.37078 -0.65679 -0.082912 -0.51918 -0.34876 0.23791 0.21206
decode	0.47473 -0.19157 0.33886 0.35383 0.0098097 0.087258 0.0043423 -0.59398 0.32007 -0.29961 0.55486 0.55233 -0.37443 0.25106 0.013402 0.54896 0.59954 0.37292 0.19831 0.37349 -0.82581 -0.44523 0.94137 -0.22599 0.074047 -0.56868 -0.2724 1.0203 0.25728 -0.0074098 0.084064 0.25483 -0.52626 0.55066 -0.085866 0.090326 -0.99427 0.83139 -0.089665 -0.5982 0.35068 0.28003 -1.3012 0.029447 -1.0777 1.0413 0.42102 0.23665 -0.58656 0.52479 0.2941 0.54259 0.36278 0.19347 -0.018924 0.31191 0.071434 0.108 -0.12161 -0.33192 0.4071 0.30124 0.50243 -0.80785 0.10198 0.24636 -0.33298 0.75845 0.098482 -0.05041 -0.16823 -0.23656 0.1958 -0.23391 0.030203 0.41237 -0.84234 -0.8574 -0.092764 0.16923 0.33728 -0.66407 -0.80863 0.4311 -0.69146 0.3716 1.277 0.0074381 -0.53697 0.14816 0.15195 0.69315 -0.42895 -0.32458 -0.0020379 -0.78185 0.13155 -0.53987 -0.26318 0.31308
valueOf	
create	-0.26383 0.26373 -0.34955 0.083314 0.90819 -0.048935 -0.45747 -0.22535 0.30465 0.33276 -0.4685 -0.21108 -0.18969 -0.61031 -0.048294 -0.11973 0.42292 0.5067 -0.32303 0.1661 -0.015954 -0.48184 0.46411 -0.56109 -0.27748 -0.65359 -0.17535 -0.28018 -0.15452 -0.43765 -0.18374 0.76467 -0.52114 -0.58212 0.2433 -0.29428 0.49694 -0.34083 -0.26909 -0.090634 -0.10362 -0.016322 -0.79197 -0.6805 -0.25711 0.22994 0.074819 0.18185 -0.39566 -0.64057 -0.55135 -0.10861 -0.25924 0.77428 0.4059 -2.8124 0.54481 -0.11613 1.5227 0.19011 0.03108 0.89708 -0.22949 -0.073137 0.96343 0.00042938 0.33437 0.20522 0.35985 -0.93257 0.73966 -0.17801 -0.38467 -0.43444 0.43006 0.048868 -0.078963 -0.073633 -0.65398 0.40146 0.62592 -0.029576 -0.33386 0.34614 -1.1142 0.68437 0.56213 0.17745 -0.0098425 0.11455 0.35228 0.080023 -0.2583 -0.99062 0.16343 -0.47097 -0.062209 -0.66947 0.59345 0.15684
Long	-0.24149 0.43733 -0.32623 -0.18897 -0.29305 -0.28223 -0.37429 0.47172 -0.61045 -0.17059 -0.05528 0.74618 0.61522 0.29321 0.23069 -0.40869 0.24888 -0.48797 0.00048047 -0.54519 0.52164 0.73132 -0.0010567 0.10601 0.84546 0.49301 -0.92694 -0.56454 -0.073725 0.087184 -0.17091 0.29569 0.41866 -0.35302 0.33314 0.23985 0.51223 0.31759 0.36975 0.52439 -0.15201 -0.5523 0.41703 -0.13236 0.095632 -0.4792 0.82726 -0.41113 0.24488 -0.11884 0.25559 -0.55004 0.48753 1.2109 0.41641 -2.8652 0.26831 -0.094585 1.8959 0.43377 -0.17049 0.82421 0.10373 -0.18124 0.63302 -0.02878 0.66535 0.12374 -0.08893 -0.18875 0.26731 0.13841 -0.1126 -0.3464 -0.044674 -0.45838 -0.66339 -0.018257 -0.89461 -0.27158 0.70234 -0.077111 -0.35251 0.1509 -1.7293 0.20593 -0.23115 0.079508 -0.092586 -0.11143 -0.18736 0.32542 -0.38972 -0.37078 -0.65679 -0.082912 -0.51918 -0.34876 0.23791 0.21206

clear	-0.29682 -0.28611 0.30843 -0.010996 0.10189 -0.053817 -0.026918 0.016212 -0.035676 -0.079535 0.37351 0.42568 0.10256 -0.41418 0.19915 -0.072781 -0.043382 -0.038665 -0.44304 -0.13263 0.0092525 0.37691 -0.056952 -0.51144 -0.28683 0.085628 0.049745 -0.050572 -0.23947 -0.60375 0.22877 0.27407 -0.1469 -0.058488 0.28175 0.15109 0.362 -0.095073 -0.22085 0.45794 -0.75414 -0.28363 0.63043 -0.29018 -0.10805 -0.35174 0.32304 0.14597 -0.47128 -0.73814 0.71986 -0.23286 0.2036 1.1365 0.16713 -2.6527 0.25 -0.048865 1.6531 -0.016639 -0.16072 0.43363 -0.42383 0.03944 0.72242 -0.15014 0.16213 0.27591 -0.77843 -0.73645 -0.15067 -0.2588 0.45379 -0.74117 0.80074 -0.085694 0.013904 -0.15134 -0.69063 -0.23974 0.54569 -0.16126 -0.67772 0.087671 -1.1767 -0.5381 0.30642 0.63609 -0.24768 -0.049492 -0.19792 -0.20592 -0.682 0.36991 -0.43142 0.067581 -0.55694 -0.28979 -0.30112 0.53712
originally	-0.1101 -0.013057 -0.23632 0.18231 0.77373 -0.088261 0.33146 0.51994 -0.18529 0.02774 0.27924 0.039533 0.71807 0.20478 0.50893 -0.51645 1.0012 0.25388 -0.5433 -0.098165 0.26569 -0.1507 0.2175 -0.18701 0.25011 -0.74231 -0.073154 -0.035812 -0.22389 0.54074 0.035707 0.73753 -0.11109 0.20999 0.31542 0.16113 0.25076 0.069852 0.19918 -0.20886 -0.0070152 -0.15586 0.091991 0.41182 0.43185 -0.45598 0.020552 -0.49307 0.65566 -0.065606 -0.24672 -0.0078795 0.7806 0.34259 -0.38335 -2.0975 -1.0005 -0.45185 0.73556 0.53072 0.2648 0.59174 -0.16416 0.053863 0.99298 -0.62681 -0.29022 0.40599 -0.18327 -0.16615 0.12767 0.10486 -0.48505 0.58101 -0.24743 -0.075181 0.43624 0.60294 -0.86679 -0.051289 -0.6014 -0.60076 -0.59485 0.026182 -1.0969 0.015964 -0.0090505 -0.90765 0.37397 0.30185 -0.60187 -0.5964 -0.14408 0.21435 -0.25142 0.09272 -0.63443 -0.31428 0.74474 -0.56691
decode	0.47473 -0.19157 0.33886 0.35383 0.0098097 0.087258 0.0043423 -0.59398 0.32007 -0.29961 0.55486 0.55233 -0.37443 0.25106 0.013402 0.54896 0.59954 0.37292 0.19831 0.37349 -0.82581 -0.44523 0.94137 -0.22599 0.074047 -0.56868 -0.2724 1.0203 0.25728 -0.0074098 0.084064 0.25483 -0.52626 0.55066 -0.085866 0.090326 -0.99427 0.83139 -0.089665 -0.5982 0.35068 0.28003 -1.3012 0.029447 -1.0777 1.0413 0.42102 0.23665 -0.58656 0.52479 0.2941 0.54259 0.36278 0.19347 -0.018924 0.31191 0.071434 0.108 -0.12161 -0.33192 0.4071 0.30124 0.50243 -0.80785 0.10198 0.24636 -0.33298 0.75845 0.098482 -0.05041 -0.16823 -0.23656 0.1958 -0.23391 0.030203 0.41237 -0.84234 -0.8574 -0.092764 0.16923 0.33728 -0.66407 -0.80863 0.4311 -0.69146 0.3716 1.277 0.0074381 -0.53697 0.14816 0.15195 0.69315 -0.42895 -0.32458 -0.0020379 -0.78185 0.13155 -0.53987 -0.26318 0.31308
method	-0.41796 0.53241 -0.33693 0.69262 0.068686 -0.087566 0.27663 -0.071203 -0.3353 0.33365 -0.52407 -0.53341 0.04046 -0.16659 0.45481 -0.34785 0.24926 0.022734 0.4212 0.0062452 -0.13359 -0.51309 0.21382 -0.24943 -0.36553 -0.01069 0.25961 -0.2909 -0.7678 0.037387 -0.46895 0.89278 -0.53101 -0.38841 0.35913 -0.4793 -0.33601 -0.20371 0.39182 -0.95175 -0.62779 0.17753 -0.035282 -0.12463 -0.84179 -0.34632 -0.19631 -0.84428 -0.54253 -0.19322 0.25287 -0.01299 -0.0014 1.4574 -0.76291 -1.5731 -0.23982 0.22269 0.87785 -0.034078 -0.036702 -0.31008 0.80324 0.61032 1.3546 -0.14522 -0.19501 -0.68654 -0.096186 -0.50487 -1.0144 0.37278 0.63403 0.66473 0.33144 -0.62283 -0.11496 -0.60323 -0.46632 -0.17908 0.23923 0.25257 -1.1826 -0.60126 -1.8759 0.92491 0.87735 -0.62709 -0.26522 -0.10025 -0.58459 0.12821 0.3471 0.52632 0.74769 -0.33396 -0.36954 -0.75431 0.34056 0.28563
Integer	-0.70304 1.1551 -0.82597 0.80244 -0.1544 0.57949 -0.59958 -0.13816 0.20076 0.7598 0.11517 -0.51886 -0.0048979 0.26955 0.36924 0.8576 -0.94379 1.4129 0.86419 0.31124 0.18086 -0.77403 0.20806 -0.25154 0.034796 0.17688 1.4762 1.1659 -0.21113 0.30036 0.22823 0.80581 0.47468 -0.076756 0.69561 -0.51302 0.37499 0.37388 -0.068775 -1.0938 0.93828 -0.1988 0.15837 -0.41197 -0.1835 0.32009 0.49577 -0.46046 -0.20326 0.97771 0.4894 -0.65754 0.65469 0.12753 0.19114 -0.28326 -0.0755 0.18287 0.81389 0.70295 -0.54558 -0.7949 -1.01 0.35813 0.91667 0.044389 0.35713 0.22794 0.25637 0.38169 -1.8087 -0.27927 -0.10885 -0.34289 0.55816 0.36369 -0.92598 -0.51939 -0.71715 -0.6642 0.15924 -0.73644 -1.0238 -0.90902 0.66494 0.75204 0.49799 -0.90445 0.11537 -1.0012 -2.0251 1.1827 -1.0992 -0.38243 -0.212 -0.90378 0.015037 -0.27281 -0.54588 0.89177
Long	-0.24149 0.43733 -0.32623 -0.18897 -0.29305 -0.28223 -0.37429 0.47172 -0.61045 -0.17059 -0.05528 0.74618 0.61522 0.29321 0.23069 -0.40869 0.24888 -0.48797 0.00048047 -0.54519 0.52164 0.73132 -0.0010567 0.10601 0.84546 0.49301 -0.92694 -0.56454 -0.073725 0.087184 -0.17091 0.29569 0.41866 -0.35302 0.33314 0.23985 0.51223 0.31759 0.36975 0.52439 -0.15201 -0.5523 0.41703 -0.13236 0.095632 -0.4792 0.82726 -0.41113 0.24488 -0.11884 0.25559 -0.55004 0.48753 1.2109 0.41641 -2.8652 0.26831 -0.094585 1.8959 0.43377 -0.17049 0.82421 0.10373 -0.18124 0.63302 -0.02878 0.66535 0.12374 -0.08893 -0.18875 0.26731 0.13841 -0.1126 -0.3464 -0.044674 -0.45838 -0.66339 -0.018257 -0.89461 -0.27158 0.70234 -0.077111 -0.35251 0.1509 -1.7293 0.20593 -0.23115 0.079508 -0.092586 -0.11143 -0.18736 0.32542 -0.38972 -0.37078 -0.65679 -0.082912 -0.51918 -0.34876 0.23791 0.21206
Java	-0.84714 0.020302 0.25959 -0.36874 0.44068 0.67536 -0.30071 -0.1679 0.54697 1.0976 0.51706 0.10964 0.19969 -0.31916 0.039724 -0.7028 0.084263 -0.10588 -0.072092 0.41502 0.44481 -0.68525 1.3962 0.61555 -0.4752 0.61334 0.045766 0.60384 -1.2541 0.041386 -0.19581 0.53461 -0.23929 0.59037 0.68815 -0.099991 0.06518 -0.63082 0.7608 -1.2582 -0.85974 0.47335 0.41507 -0.27783 -0.056308 0.55999 0.825 -0.47537 0.5768 0.60929 -0.95241 0.91425 -0.13165 -0.42898 -0.59134 -0.56076 -0.95617 -0.8252 1.6745 0.054822 -0.59881 0.77632 -0.92323 -0.73269 0.12317 0.27333 -0.28778 -0.10222 0.40905 -0.11932 -0.49878 0.60036 0.7207 -0.51854 -0.31778 0.19507 -0.18214 0.59462 -0.065178 0.0072862 0.28388 -0.59001 -0.97728 -0.59743 0.0014984 1.6339 0.034357 -0.33376 0.28589 0.31225 1.3427 0.55273 -0.022257 0.64239 0.29907 0.36066 -0.63254 -0.45407 0.75004 -0.03187

Fixing	0.34512 0.39062 0.58107 0.30498 -0.29173 -0.24529 -0.18426 0.66788 0.023475 0.78706 0.41799 0.46375 -0.53589 0.56942 -0.41779 -0.075553 -0.24392 -0.32009 0.060245 -0.049977 -0.45602 -0.27872 0.42393 -0.34249 0.2382 -0.48239 -0.11829 -0.15322 -0.84375 0.21826 0.35065 -0.13328 -0.15983 -0.7935 0.046859 -0.29855 -0.73827 -0.52743 0.12168 0.28786 -0.059063 -0.041827 0.30621 -0.89984 -0.43654 0.99281 -0.50283 -0.83452 0.11555 -1.4977 0.76916 0.15547 -0.28825 0.91426 -1.2815 -0.55972 -0.33358 0.48294 0.70404 0.68488 -0.98039 0.00048619 -0.64536 0.391 0.26127 0.21074 0.023129 -0.46802 0.29213 -0.42303 -0.21715 0.22722 -0.21857 -0.072829 -0.10798 -0.42826 0.45299 -0.027445 -0.90608 0.67002 0.77158 -0.40276 0.24863 -0.12838 -0.69369 -0.11132 -1.4224 0.66379 -1.121 -0.0056115 -0.76485 0.48839 -0.53826 -0.2568 1.0616 -0.50911 0.24544 0.11257 0.92264 0.010588
createNumber	
easy	-0.58672 0.20714 0.64483 0.10251 0.11673 0.2395 -0.035676 0.0044773 0.30814 -0.15759 0.37119 0.027367 -0.45433 -0.21589 0.47978 0.22122 -0.0021001 0.15191 -0.20388 0.66474 0.1969 0.51996 0.30874 -0.72703 0.035236 0.37447 -0.51249 -0.5727 0.050029 -0.6155 -0.70485 0.53403 -0.14686 -0.28848 1.0274 0.32969 -0.59544 -0.18822 0.30927 -0.50072 0.1945 -0.31115 -0.13091 -0.81049 -0.32159 -0.39982 0.54259 -0.3007 0.14922 -0.6273 0.023121 0.024106 -0.0011638 0.81257 0.53335 -2.2063 0.46679 0.44958 1.5249 -0.27112 -0.61425 0.11719 -0.23773 0.092794 0.79415 -0.17122 0.69299 0.20147 -0.2473 -0.78445 -0.55732 0.11268 0.1724 -0.38758 0.30756 0.17795 -0.74881 -0.21788 0.22219 -0.43575 0.67976 0.032483 -0.65006 -0.18603 -1.4812 -0.11661 0.24598 0.15171 -0.8728 0.043952 0.24417 0.39086 0.1849 -0.31811 -0.50327 -0.35087 -0.53995 -0.36897 -0.078079 0.62316
hex	-0.17527 0.18288 -0.10667 -1.0489 -0.050475 -0.13275 -0.082909 0.37827 -0.024984 -0.018477 -0.2954 0.06601 0.31395 -0.32039 -0.022923 0.77337 0.54194 0.3715 0.093973 0.14296 -0.050782 -0.75919 -0.13607 0.63596 0.77778 -0.65292 -0.19408 0.071652 0.37442 0.19661 0.19058 -0.392 -0.49249 0.12965 -0.51388 -0.29445 0.075776 0.091552 1.0171 -0.61957 -0.17671 0.32671 0.28639 -0.31707 -0.3774 0.33833 -0.31124 0.33459 -0.19742 0.92857 -0.4648 -0.013176 -0.0001344 0.61971 -0.75548 -0.31462 0.21871 0.39354 -0.39135 -0.14861 0.32327 -0.058204 -0.94236 0.22752 0.14348 0.3505 0.28219 -0.29157 0.51358 0.33919 -0.049622 0.45173 0.89028 -0.33243 -0.46869 0.24753 0.24048 -0.28917 0.090402 0.43087 -0.23659 -0.51475 -0.54799 -0.022544 0.34246 0.20506 0.12251 -0.13595 0.28417 0.69976 -1.1266 0.95365 -1.0525 -0.10203 -0.13858 -0.32516 0.53446 -0.39592 0.16654 0.57202
string	-0.58612 0.68468 -0.3048 -0.30143 0.63022 0.54069 0.01149 -0.079599 -1.2801 0.52436 -0.085146 0.011723 -0.068233 1.3369 -0.53491 1.1505 -1.0879 -0.014131 0.84327 0.35177 0.1791 -0.17666 0.069901 -0.10659 0.21653 -0.39874 -0.53911 0.15529 0.43732 -0.12114 0.024777 -0.37661 0.016911 0.1536 -0.6331 -0.44423 0.17383 -0.60363 0.47226 -0.35641 0.19885 0.18405 0.62407 0.36511 0.082608 -0.041067 0.51466 0.2014 0.35829 -0.35822 -0.5558 0.13119 -0.15079 0.43218 -0.0049345 -2.1244 0.065888 0.2303 1.1107 0.89659 -0.73445 0.28847 0.07422 0.1921 0.29703 0.0082317 0.43467 0.29806 0.19613 0.17296 -0.76403 0.30902 0.012527 0.31087 0.087482 0.12754 0.02412 0.0055587 -0.35831 0.45593 0.96553 -0.10852 -0.18546 -0.19566 -1.1958 -0.21444 0.046392 -0.64232 -0.51301 0.15291 -0.8148 0.94186 -0.88127 -0.16941 0.061199 0.19866 -0.67404 -0.31921 0.56022 -0.10541
digits	-0.69218 0.26138 0.2382 0.18129 0.41176 0.27619 0.2303 -0.50536 0.24574 0.12697 -0.32059 -0.391 0.17584 0.89623 0.6503 -0.21474 -0.58557 0.98758 0.42259 -0.41676 0.53962 0.38886 -0.31389 0.77152 0.34018 -0.88985 0.47096 0.10974 0.27442 -0.66365 1.5344 -0.093447 0.39345 -0.13366 0.24269 0.17226 -0.48273 -0.34003 0.23519 0.10863 0.17364 0.034858 -0.23154 0.50263 -0.89709 -0.18331 0.67205 -0.55834 -0.39104 -0.35919 -0.0014387 -0.27952 0.23833 0.5327 0.10308 -0.6253 0.23348 0.10943 0.95882 1.2662 -0.87734 0.21457 -0.19523 0.50786 0.029749 0.63397 -0.39659 -0.08338 0.83542 0.027527 -0.26132 0.85912 -0.043064 -0.062366 0.36425 0.2065 -0.40177 -0.65123 0.049907 -0.69931 -0.0072403 -0.38161 -1.1988 -0.64362 -0.55568 0.091716 0.58368 -0.43082 0.053713 0.77762 -1.0944 1.839 -0.46161 0.034516 -0.96337 -0.83773 0.38488 -0.46252 -0.65069 -0.57476
Long	-0.24149 0.43733 -0.32623 -0.18897 -0.29305 -0.28223 -0.37429 0.47172 -0.61045 -0.17059 -0.05528 0.74618 0.61522 0.29321 0.23069 -0.40869 0.24888 -0.48797 0.00048047 -0.54519 0.52164 0.73132 -0.0010567 0.10601 0.84546 0.49301 -0.92694 -0.56454 -0.073725 0.087184 -0.17091 0.29569 0.41866 -0.35302 0.33314 0.23985 0.51223 0.31759 0.36975 0.52439 -0.15201 -0.5523 0.41703 -0.13236 0.095632 -0.4792 0.82726 -0.41113 0.24488 -0.11884 0.25559 -0.55004 0.48753 1.2109 0.41641 -2.8652 0.26831 -0.094585 1.8959 0.43377 -0.17049 0.82421 0.10373 -0.18124 0.63302 -0.02878 0.66535 0.12374 -0.08893 -0.18875 0.26731 0.13841 -0.1126 -0.3464 -0.044674 -0.45838 -0.66339 -0.018257 -0.89461 -0.27158 0.70234 -0.077111 -0.35251 0.1509 -1.7293 0.20593 -0.23115 0.079508 -0.092586 -0.11143 -0.18736 0.32542 -0.38972 -0.37078 -0.65679 -0.082912 -0.51918 -0.34876 0.23791 0.21206
create	-0.26383 0.26373 -0.34955 0.083314 0.90819 -0.048935 -0.45747 -0.22535 0.30465 0.33276 -0.4685 -0.21108 -0.18969 -0.61031 -0.048294 -0.11973 0.42292 0.5067 -0.32303 0.1661 -0.015954 -0.48184 0.46411 -0.56109 -0.27748 -0.65359 -0.17535 -0.28018 -0.15452 -0.43765 -0.18374 0.76467 -0.52114 -0.58212 0.2433 -0.29428 0.49694 -0.34083 -0.26909 -0.090634 -0.10362 -0.016322 -0.79197 -0.6805 -0.25711 0.22994 0.074819 0.18185 -0.39566 -0.64057 -0.55135 -0.10861 -0.25924 0.77428 0.4059 -2.8124 0.54481 -0.11613 1.5227 0.19011 0.03108 0.89708 -0.22949 -0.073137 0.96343 0.00042938 0.33437 0.20522 0.35985 -0.93257 0.73966 -0.17801 -0.38467 -0.43444 0.43006 0.048868 -0.078963 -0.073633 -0.65398 0.40146 0.62592 -0.029576 -0.33386 0.34614 -1.1142 0.68437 0.56213 0.17745 -0.0098425 0.11455 0.35228 0.080023 -0.2583 -0.99062 0.16343 -0.47097 -0.062209 -0.66947 0.59345 0.15684
Number	-0.45491 0.70878 0.052253 0.43452 0.49128 0.26042 -0.09712 0.0068731 0.039583 0.020627 0.39695 -0.12315 0.45283 0.070128 0.3735 -0.1067 -0.018949 0.41535 -0.084856 0.50866 0.87814 -0.3561 0.17487 0.11043 -0.013347 -0.93837 1.134 -0.48278 0.25784 -0.21401 0.07738 0.16889 0.18686 0.095164 0.00041873 0.18117 -0.47591 0.23026 -0.42482 -0.073454 -0.36366 -0.20183 0.21305 0.19168 0.6503 -0.25375 -0.083304 -0.47567 -0.26261 0.029469 0.048801 -0.27775 -0.21443 1.0527 -0.12616 -2.0923 0.23163 -0.22628 1.6792 1.1899 -0.29056 0.39359 -0.038179 0.42282 1.1047 -0.010826 0.091952 0.35868 1.1337 0.15289 -0.24242 -0.10993 -0.20155 0.14546 0.66681 0.32207 0.18396 -0.36868 -0.86877 -0.22897 1.3476 -0.56402 -0.13284 -0.18372 -1.8314 -0.65542 0.21221 -1.0741 -0.32264 0.43934 -0.53892 0.61369 -0.13816 -0.14751 -1.1355 -0.2183 -0.74298 -0.42292 0.58595 -0.42407

leading	0.1901 -0.046972 0.16635 -0.10549 0.94987 -0.09608 0.16305 -0.93964 -0.69193 -0.21568 0.18239 -0.57952 -0.072929 0.036008 -0.2467 0.16332 -0.21887 -0.5639 -0.1105 0.11121 0.44473 0.01616 0.0005419 0.19632 0.4588 -0.54342 0.01414 -0.12822 0.38786 0.016523 -0.38702 0.040078 0.073346 0.19691 0.026801 0.17074 -0.041453 0.29093 -0.43015 0.50688 -0.46545 0.073087 0.34009 -0.24848 0.4998 0.17286 0.26815 0.0014684 -0.27421 -0.54354 -0.16921 -0.12492 -0.17664 0.78905 -0.16732 -2.0077 -0.60025 0.31387 1.7638 0.73121 -0.75728 -0.17788 0.26856 0.44829 0.75758 0.16119 0.3363 0.41059 0.68484 0.24717 -0.2104 0.28229 -0.37662 -0.13939 -0.017039 -0.53876 -0.20432 -0.0073004 -0.59489 -0.4316 0.89194 0.68791 -0.5352 -0.01288 -1.2662 -0.70483 0.0047301 0.35829 0.074237 -0.31994 0.15563 -0.38175 -0.29805 0.4422 -0.8751 0.19556 0.10774 -0.56778 1.1457 0.3663
zeros	-0.58887 0.47712 -0.45592 -0.47541 -0.082976 0.26819 -0.89566 -0.95276 -0.52448 -0.10227 0.55763 0.58918 -0.3552 1.5533 0.29593 -0.34294 -0.58449 1.1595 1.1447 0.23718 0.98908 -0.12639 0.018636 0.32739 0.89913 -0.24337 0.56385 0.61707 0.22743 -0.2777 0.81928 -0.22671 0.12949 0.37903 -0.11825 -0.69166 0.030006 -0.17855 -0.13918 -0.4211 0.34098 -0.038155 0.11792 0.61989 -0.85766 0.40771 0.30026 0.38706 -0.62521 0.23646 -0.47341 -0.13626 -0.09707 0.44717 0.0177 0.52123 -0.27784 0.27291 0.81692 0.67602 -0.18931 0.0038442 -0.74427 0.99387 0.49574 0.33425 -0.55069 0.41526 -0.013602 0.047255 -0.4367 -0.072292 0.23486 0.24604 -0.10194 -0.035787 0.33565 -0.043617 0.095876 -0.16382 -0.16522 -0.15352 -0.72875 -0.023149 -0.25212 0.17621 0.22666 0.10832 -0.13831 -0.28787 -0.49475 0.63269 0.23411 -0.29121 -0.48025 -0.35681 -0.014399 -0.28014 -0.74899 0.21467
Integer	-0.70304 1.1551 -0.82597 0.80244 -0.1544 0.57949 -0.59958 -0.13816 0.20076 0.7598 0.11517 -0.51886 -0.0048979 0.26955 0.36924 0.8576 -0.94379 1.4129 0.86419 0.31124 0.18086 -0.77403 0.20806 -0.25154 0.034796 0.17688 1.4762 1.1659 -0.21113 0.30036 0.22823 0.80581 0.47468 -0.076756 0.69561 -0.51302 0.37499 0.37388 -0.068775 -1.0938 0.93828 -0.1988 0.15837 -0.41197 -0.1835 0.32009 0.49577 -0.46046 -0.20326 0.97771 0.4894 -0.65754 0.65469 0.12753 0.19114 -0.28326 -0.0755 0.18287 0.81389 0.70295 -0.54558 -0.7949 -1.01 0.35813 0.91667 0.044389 0.35713 0.22794 0.25637 0.38169 -1.8087 -0.27927 -0.10885 -0.34289 0.55816 0.36369 -0.92598 -0.51939 -0.71715 -0.6642 0.15924 -0.73644 -1.0238 -0.90902 0.66494 0.75204 0.49799 -0.90445 0.11537 -1.0012 -2.0251 1.1827 -1.0992 -0.38243 -0.212 -0.90378 0.015037 -0.27281 -0.54588 0.89177

length	-0.39345 0.14751 0.115 0.5842 -0.22979 0.12557 0.034881 0.85012 -1.0224 0.37647 0.4142 0.64828 0.53612 -0.091829 0.88211 -0.09227 -0.17771 -0.0095382 0.46393 -0.78129 0.38076 0.26073 -0.40727 -0.027861 1.0929 0.72266 0.16645 -0.46851 0.25301 -0.20281 -0.21155 -0.16052 0.33415 -0.1378 0.26774 0.53922 0.65032 0.43666 0.09264 0.9267 0.55555 -0.8082 -0.020837 0.54307 -0.39997 -0.33437 0.77462 -0.91296 -0.093295 0.65398 0.60355 -0.10966 1.0224 1.5875 -0.10735 -1.9646 -0.14627 -0.47492 1.2636 0.69037 0.12818 0.55123 -0.085575 0.19535 1.2906 0.5853 -0.13847 -0.086656 0.37725 0.034639 -0.030018 0.6359 0.91748 0.51956 1.0847 -0.027481 -0.57533 -0.27663 0.46083 -0.27902 -0.44093 -0.34366 -0.094047 -0.42573 -1.201 0.058523 0.14049 -0.89629 0.35035 0.78896 -0.64621 0.23352 -0.66019 -0.85192 0.15518 -0.20148 -0.56911 -0.52954 1.1626 -0.075618
check	-0.27314 -0.17828 0.26394 -0.47224 -0.2855 0.47653 -0.27501 0.57198 0.34998 0.336 0.27987 0.37373 0.40312 0.26457 0.038978 0.11079 0.56687 0.00024736 -0.008156 -0.057403 -0.28108 0.1262 -0.65418 -0.53825 0.10259 -0.51373 -0.24087 -0.65683 -0.028279 -0.7707 0.20415 0.18323 0.12709 0.62394 0.15823 -0.0050464 -0.40865 -0.27617 0.17649 -0.48984 0.033228 -0.42428 -0.21466 -0.49541 -0.25184 0.22204 -0.81785 -0.72368 0.23574 -1.0678 1.0207 0.16764 -0.19304 0.79255 -0.048997 -1.2361 0.24788 -0.017531 2.227 -0.090285 -0.025205 0.61781 -0.15697 0.24095 0.56607 0.369 -0.014747 0.016142 0.56479 -0.054685 -0.64588 0.10025 0.10703 -0.55915 0.40791 0.44661 0.082875 -0.051264 -0.5306 -0.21603 0.97219 -0.18039 -0.43002 -0.5618 -1.0886 -0.16942 0.41837 0.16439 -0.85309 0.32493 -0.49075 0.76562 0.48373 -0.7059 -0.36424 0.20114 0.71274 0.068123 0.16072 -0.22105
trivial	-0.63563 0.22862 0.23419 0.37549 -0.3057 0.67576 0.31516 -0.22525 0.84375 0.1186 0.38278 0.051377 -0.2856 -0.59405 -0.32124 -0.042829 -0.71444 0.81426 0.78728 0.081405 0.58825 -0.15778 0.30105 -0.25269 0.19816 0.31347 0.039652 0.42176 -0.66128 -0.44956 -0.076211 -0.078664 -0.32984 -0.62684 -0.10937 0.31929 -0.33411 0.32871 -0.070006 -0.24985 0.73338 0.21681 0.015229 -0.6561 -0.96893 -0.086305 0.77178 0.76221 -0.39694 0.14096 1.2095 -0.11777 0.59248 -0.12852 -0.41166 -0.021528 0.63865 -0.24687 0.47984 0.26489 -0.53642 -0.16992 -1.0239 -0.11094 1.2423 -0.24988 0.78506 -0.17692 0.30663 0.057555 -1.0076 -0.72705 0.085407 0.16044 0.083962 -0.076948 -0.082724 -0.68586 -0.071269 -0.033669 -0.35719 -0.0080495 0.36709 0.048423 -1.2415 0.3286 -0.39645 -0.001514 -0.042685 -0.32719 -0.61245 0.45837 -0.16625 -0.34346 0.24375 -0.052373 -0.44524 -0.39921 -0.1603 0.076269

