Bug	-0.42404 -0.11038 0.94873 -0.71327 -0.19712 0.077077 0.96163 -0.35674 0.8292 -0.3676 0.15004 0.62746 0.091752 0.11142 -0.015791 0.84124 0.24467 0.023366 0.54286 -0.068057 -0.87995 -0.59202 0.18641 0.50787 0.55458 0.48448 -0.42383 0.22249 -0.8823 -0.041186 -0.049256 0.31483 0.25182 0.10876 0.45824 -0.12085 -0.96037 -0.69492 0.93473 -0.31937 -0.31673 0.24099 -0.3822 -0.72243 0.18017 0.62991 0.0030923 -0.36699 -0.21576 -0.1654 -0.55928 0.11278 -0.62944 0.56955 -0.59166 -0.92922 0.044769 0.32981 0.697 -0.13983 0.40377 1.7035 -0.68531 0.49846 0.29719 0.27865 -0.18668 -0.93605 0.66117 0.01478 -0.30582 -0.4491 -0.44983 -0.39544 -0.37577 -0.18869 0.06883 -0.04811 -0.33131 1.0204 0.32457 -0.88047 0.018825 -0.303 -0.88685 0.35682 -0.3993 -0.10512 -0.86557 0.37554 0.48771 -0.28133 0.12722 -0.56959 0.33936 0.40162 0.1109 -0.20506 0.18093 -0.23185
api	-0.056236 1.0402 0.17166 -0.80042 0.11762 -0.66178 -0.85235 0.54734 0.20946 0.14776 1.3183 -1.1413 0.44804 -0.35966 0.48092 0.36142 -0.2116 0.46082 0.35137 0.60096 -0.38675 -1.1445 0.41013 1.0818 0.036873 -0.62675 0.066776 0.37667 -0.73376 -0.13953 -0.12032 0.35524 -0.94836 0.97745 0.6725 0.9254 0.14136 0.11707 0.54971 -0.53617 -0.81345 0.27106 -0.59732 0.5569 0.45926 0.074684 -0.38025 -0.49943 -0.27349 -0.16504 0.17243 0.3901 -0.21769 -0.2286 -0.37902 -0.25284 -0.10785 -0.63761 1.3914 -0.27661 -0.55681 -1.0208 -0.67713 -0.28874 -0.46748 -0.27707 0.12346 -1.0127 0.59964 -0.32139 0.13145 1.1441 0.8943 -0.42134 -0.29401 0.17146 0.41548 -0.10636 -0.016402 -0.020523 -0.5136 -0.37899 -1.4343 -0.26411 -0.11332 0.64586 0.73291 -0.17303 0.15242 -0.08043 0.71479 0.35605 -0.68354 0.4133 0.35466 -0.36381 -0.1428 -0.94139 -0.16558 0.27262
add	-1.2393 0.83369 0.083531 -0.20049 0.044739 0.17239 -0.055417 0.15202 0.44816 0.385 0.24907 0.010275 -0.41144 -0.02907 -0.20599 -0.27131 -0.14218 0.10789 -0.19982 0.27095 -0.2395 -0.25742 -0.0043475 0.071613 -0.094438 0.15071 0.21641 -0.33274 -0.22682 -0.58059 -0.22307 1.0125 -1.0421 -0.61377 -0.89869 0.096692 0.060472 0.081401 -0.13422 0.050974 0.35535 -2.0205 -0.54408 -1.1382 0.29522 0.31953 -0.15341 -0.6718 0.15143 -1.3308 0.28715 -0.0042643 -0.50928 0.84667 -0.40612 -2.1474 -0.031866 -0.09987 1.1884 0.21385 -0.27657 0.75467 -0.029299 -0.10579 1.0634 -0.42882 0.19238 0.080872 0.057819 -0.46434 0.08491 0.021788 -0.31292 0.017906 0.59227 0.5727 -0.61226 -0.23285 0.67923 0.11201 0.49559 -1.2237 -0.073271 0.23322 -0.67678 0.073403 0.45124 0.40009 0.30342 0.63034 -0.33873 0.54733 -0.53039 -1.2227 -0.62285 -0.95528 0.26866 -0.47723 0.57283 0.44464
IResourceID	
IResource	

Add	-1.2393 0.83369 0.083531 -0.20049 0.044739 0.17239 -0.055417 0.15202 0.44816 0.385 0.24907 0.010275 -0.41144 -0.02907 -0.20599 -0.27131 -0.14218 0.10789 -0.19982 0.27095 -0.2395 -0.25742 -0.0043475 0.071613 -0.094438 0.15071 0.21641 -0.33274 -0.22682 -0.58059 -0.22307 1.0125 -1.0421 -0.61377 -0.89869 0.096692 0.060472 0.081401 -0.13422 0.050974 0.35535 -2.0205 -0.54408 -1.1382 0.29522 0.31953 -0.15341 -0.6718 0.15143 -1.3308 0.28715 -0.0042643 -0.50928 0.84667 -0.40612 -2.1474 -0.031866 -0.09987 1.1884 0.21385 -0.27657 0.75467 -0.029299 -0.10579 1.0634 -0.42882 0.19238 0.080872 0.057819 -0.46434 0.08491 0.021788 -0.31292 0.017906 0.59227 0.5727 -0.61226 -0.23285 0.67923 0.11201 0.49559 -1.2237 -0.073271 0.23322 -0.67678 0.073403 0.45124 0.40009 0.30342 0.63034 -0.33873 0.54733 -0.53039 -1.2227 -0.62285 -0.95528 0.26866 -0.47723 0.57283 0.44464
IResourceID	
core	-0.14828 0.7132 0.32604 -0.22844 -0.10507 -0.65067 -0.17046 -0.74577 0.14303 0.98697 0.27414 -0.53782 0.36607 -0.095681 -0.45485 -0.21577 -0.21463 0.30474 0.29465 -0.24477 0.32116 -1.0172 -0.15105 0.091343 -0.45392 -0.21536 0.24096 -0.032061 -0.51314 0.70999 0.13202 0.19515 0.028717 -0.20936 0.14502 0.023395 0.98232 0.070582 -0.096576 -0.43434 -0.032306 -0.75596 0.7676 0.17975 -0.64523 0.050584 -0.098476 0.46262 -0.14276 -0.328 -0.21518 -0.18995 -0.33552 0.24859 0.201 -1.6974 0.21375 -0.59653 2.1438 0.45957 0.58822 0.30494 -0.45044 0.14146 0.93786 0.27729 0.43002 0.1908 0.96688 -0.10398 0.39993 0.37521 0.048327 0.17694 -0.6034 -0.31225 0.3221 -0.11263 0.21502 -0.29828 -0.057163 0.49409 -0.84831 0.20811 -1.2053 0.14095 -0.11544 0.11683 0.37308 0.46435 -0.26211 0.41544 -0.31405 0.50588 -0.15955 -0.56035 -0.13661 -0.45952 1.229 0.85105
identity	0.61491 -0.26004 0.51431 -0.25706 0.22268 0.72762 -0.25178 -0.93161 1.2181 0.91432 -0.66965 0.66827 0.4727 0.37581 -0.23006 0.11195 1.1784 0.17471 -0.3029 0.094718 -0.41463 -0.94762 -0.1538 -0.37619 -0.06935 -0.58743 0.89547 -0.54681 -0.071203 -0.16165 0.0097057 0.48578 -0.41717 -0.11057 0.73204 -0.97302 0.022096 0.20595 0.12014 0.0056967 -0.1196 -0.33183 0.74686 0.3394 -0.93152 -0.47583 0.1491 0.57441 -0.16245 -0.37142 0.43684 0.39694 0.061921 1.3963 0.14115 -1.4524 -0.028506 -0.32849 1.3723 0.59534 0.27241 0.88143 -0.077753 -0.55755 1.4355 0.02622 0.35705 -0.25212 0.69656 0.23186 -0.79245 0.25318 -0.28282 -0.5873 0.6873 0.20713 -0.031603 -0.46674 -1.328 -0.23165 -0.2905 0.11079 0.24352 0.12994 -0.73384 -0.20753 -0.27612 0.19475 -0.13715 -0.06838 -0.46505 0.32835 0.51507 -0.11168 0.35418 -0.19979 -0.092415 -0.61793 -0.29169 -0.018254
package	-0.57239 0.73942 0.64488 -0.39172 0.42011 -0.63556 0.55621 0.43577 0.14266 0.27698 0.53763 0.20109 -0.70893 0.054355 -0.066039 0.63021 0.19783 -0.21876 -0.35033 -0.33057 -0.41965 -0.093528 -0.68233 -0.32898 0.017718 0.23826 -0.35661 0.33072 -1.3792 -0.37548 0.12684 0.96906 -0.52238 -0.51633 0.1191 0.46801 0.52202 -0.40862 -0.33416 -0.55277 0.31249 -1.0608 0.87087 0.18658 -0.05955 -0.20466 -0.4748 -0.2176 -0.0077453 -0.31853 0.0072747 0.4189 0.35346 0.77688 -0.18934 -1.9298 -0.05506 -0.30739 1.8154 0.27948 0.1676 0.32624 -0.31924 -0.37692 0.092453 -0.33507 -0.72009 0.46593 0.27382 -1.1385 0.42382 -0.42438 -0.72656 0.33328 0.25856 1.1144 -0.3163 0.49774 -0.58307 -0.088606 0.12847 -0.39836 0.25909 -1.0248 -1.06 0.29581 0.74005 -0.11144 -0.83442 -0.52277 0.022073 0.40113 -0.43538 -0.68905 -0.25778 0.29121 0.55502 0.30792 1.4968 -0.35021
IResource	

public	0.27528 0.22559 -0.29646 -0.19067 0.18936 0.61855 -0.89264 0.28183 0.40389 -0.065414 -0.50938 -0.08886 -0.20152 -0.13439 -0.021077 -0.24169 0.54612 0.65442 -0.48053 0.39893 -0.28369 0.13064 0.28003 -0.58927 -0.35813 -0.58996 0.20764 0.030577 -0.24032 0.17751 0.38048 0.5518 -0.043817 0.59522 -0.83406 0.62643 -0.3808 0.0078803 -0.3535 0.4471 -0.30419 -0.55965 -0.28996 0.19426 0.20166 -0.27511 0.49588 -0.42664 0.10917 -0.87574 0.23565 -0.68206 0.22442 0.74806 -0.19348 -2.6988 0.71671 -0.45328 2.2088 0.02737 -0.099598 0.16888 0.14004 0.13678 0.78804 0.045185 0.42819 -0.036869 1.0838 0.062532 -0.040702 -0.27305 0.29982 -0.58137 -0.20059 0.29416 0.35478 0.28035 -1.3558 -0.53859 1.0382 0.010252 0.44126 0.46009 -1.5 -0.34445 -0.65755 0.6388 0.18468 -0.70406 0.25236 -0.50973 -0.17074 0.42255 -0.44975 0.63835 0.28452 -0.4795 0.59833 0.2318
interface	-1.0401 -0.026719 0.47713 -0.18413 0.86122 0.076572 -0.33535 -0.031592 0.80817 0.48935 0.33498 -0.98771 0.11682 -0.78659 1.297 0.64752 0.091719 0.1641 -0.12241 0.20581 -0.82114 -1.0368 0.24485 -0.14275 0.62361 -0.7104 0.10185 0.18166 -0.74861 -0.45253 0.036794 1.7674 -0.60314 -0.11832 1.3659 0.50046 -0.048798 -0.018932 0.62039 -0.57156 0.34969 -0.61078 -0.22347 0.30665 -0.57781 0.83349 0.048322 0.14588 -0.0080479 0.57589 0.095917 0.39336 -0.011066 0.45088 0.16667 -0.74747 0.067091 -0.19012 1.3384 0.028178 0.04363 -0.1908 -0.45049 0.24737 0.23867 -0.46854 -0.29373 -0.49127 0.52343 -0.17424 -0.38959 0.42192 1.1895 -0.58085 0.12399 0.14148 0.10298 0.34467 0.25405 -0.27273 -0.41139 -0.46622 -0.96124 0.40921 -1.4357 1.2519 0.34655 -0.10139 -0.23565 -0.039445 0.29446 1.0655 -0.11053 0.38698 1.2091 0.0083899 -0.14024 -1.1616 0.61334 0.042287
IResourceID	
extends	0.094288 0.4924 1.0734 0.76749 0.66171 0.20019 -0.70624 0.50299 -0.53899 -0.25476 -0.29379 0.039433 0.22715 -0.23797 0.3562 0.12677 -0.090461 -0.07632 0.065807 0.24715 0.11491 0.53083 -0.17194 0.35007 0.29012 0.44497 -0.35296 -0.50785 -0.37332 -0.71556 -0.18527 0.49812 -0.26283 0.092036 -0.23149 0.26864 0.38947 -0.53203 -0.57115 0.37744 -0.037337 -0.37253 0.66504 -0.061139 -0.00078245 -0.029057 0.2512 0.01301 0.52749 0.46183 0.35046 0.18931 -0.1055 0.79712 -0.028186 -1.2533 0.17044 -1.1488 1.3946 -0.029956 0.60636 -0.055409 0.98911 -0.40335 0.66948 0.60258 -0.37196 -0.48913 0.11075 -0.059712 0.48114 -0.037943 0.072162 -0.52801 0.79117 -0.61075 -0.032123 0.32179 -0.20479 0.11093 -0.062328 -0.14158 -0.38538 -0.07589 0.072716 0.23749 -0.059978 -0.13586 1.1843 0.59867 -0.31746 0.23133 -0.57409 -0.15392 0.62916 0.52648 0.01422 0.065105 0.51118 0.53915
IResource	

public	0.27528 0.22559 -0.29646 -0.19067 0.18936 0.61855 -0.89264 0.28183 0.40389 -0.065414 -0.50938 -0.08886 -0.20152 -0.13439 -0.021077 -0.24169 0.54612 0.65442 -0.48053 0.39893 -0.28369 0.13064 0.28003 -0.58927 -0.35813 -0.58996 0.20764 0.030577 -0.24032 0.17751 0.38048 0.5518 -0.043817 0.59522 -0.83406 0.62643 -0.3808 0.0078803 -0.3535 0.4471 -0.30419 -0.55965 -0.28996 0.19426 0.20166 -0.27511 0.49588 -0.42664 0.10917 -0.87574 0.23565 -0.68206 0.22442 0.74806 -0.19348 -2.6988 0.71671 -0.45328 2.2088 0.02737 -0.099598 0.16888 0.14004 0.13678 0.78804 0.045185 0.42819 -0.036869 1.0838 0.062532 -0.040702 -0.27305 0.29982 -0.58137 -0.20059 0.29416 0.35478 0.28035 -1.3558 -0.53859 1.0382 0.010252 0.44126 0.46009 -1.5 -0.34445 -0.65755 0.6388 0.18468 -0.70406 0.25236 -0.50973 -0.17074 0.42255 -0.44975 0.63835 0.28452 -0.4795 0.59833 0.2318
URI	-0.65547 -0.43847 -0.037071 -0.30225 -0.37597 0.10527 0.029273 0.49761 0.90711 0.1622 -0.7962 0.12242 0.056105 -0.21337 0.40886 0.22855 0.26612 -1.0197 -0.94163 0.45914 0.4149 0.63315 0.13915 -0.19977 -0.92342 -0.651 0.35498 -0.80746 -0.21591 -0.34236 -0.00067611 0.33443 0.072031 0.2841 -0.13757 -0.46566 0.37774 0.61182 -0.64787 -1.3422 0.25478 0.424 0.84641 0.54209 -1.0575 -0.27343 -0.20152 0.10609 -0.45257 0.59815 0.025161 -0.23258 0.46532 0.081241 -0.41763 0.11304 -0.28554 0.55062 -0.069778 0.41362 0.49205 -0.74015 0.22873 1.2288 0.0014934 0.38497 0.40467 0.43685 0.47155 -0.044986 -0.12416 -0.30089 -0.47747 -0.52366 -0.40283 0.13055 -0.2499 0.4049 -0.049911 -0.090649 0.49784 0.18776 -0.3039 -0.96908 0.14022 0.63664 0.011528 0.61036 0.77814 0.039808 0.50031 0.77638 -0.82579 0.91071 0.68534 0.06502 0.43103 0.050085 0.18123 0.15288
toURI	
URI	-0.65547 -0.43847 -0.037071 -0.30225 -0.37597 0.10527 0.029273 0.49761 0.90711 0.1622 -0.7962 0.12242 0.056105 -0.21337 0.40886 0.22855 0.26612 -1.0197 -0.94163 0.45914 0.4149 0.63315 0.13915 -0.19977 -0.92342 -0.651 0.35498 -0.80746 -0.21591 -0.34236 -0.00067611 0.33443 0.072031 0.2841 -0.13757 -0.46566 0.37774 0.61182 -0.64787 -1.3422 0.25478 0.424 0.84641 0.54209 -1.0575 -0.27343 -0.20152 0.10609 -0.45257 0.59815 0.025161 -0.23258 0.46532 0.081241 -0.41763 0.11304 -0.28554 0.55062 -0.069778 0.41362 0.49205 -0.74015 0.22873 1.2288 0.0014934 0.38497 0.40467 0.43685 0.47155 -0.044986 -0.12416 -0.30089 -0.47747 -0.52366 -0.40283 0.13055 -0.2499 0.4049 -0.049911 -0.090649 0.49784 0.18776 -0.3039 -0.96908 0.14022 0.63664 0.011528 0.61036 0.77814 0.039808 0.50031 0.77638 -0.82579 0.91071 0.68534 0.06502 0.43103 0.050085 0.18123 0.15288

discussion	-0.30997 0.2319 0.02003 0.63517 0.14743 0.21022 0.11114 -0.16646 0.24008 -0.80687 -0.060132 0.040206 0.19312 -0.34196 0.30011 0.11133 -0.95547 -0.13235 -0.44295 -0.50551 -0.45682 -0.19887 -0.29823 -0.59254 -0.10055 -0.52057 0.142 0.51086 -0.45624 0.46421 -1.0776 0.16507 0.23437 -0.0081588 -0.083195 0.6094 0.21415 -0.20785 -0.42848 0.30809 -0.92715 -0.29734 0.27308 0.085991 -0.81362 -0.56545 -0.21374 -0.088575 0.050208 -0.60825 0.72941 -0.089256 -0.62434 0.34736 -0.19588 -1.7277 0.22231 -0.57646 1.3532 0.46812 -0.4608 0.63925 -0.12777 -0.64798 1.3289 -0.21119 0.53289 0.20353 0.4005 -0.21758 0.63578 -0.090926 0.56466 -0.54231 -0.85953 0.32273 -0.10298 -0.42411 -0.93812 -0.46226 -0.1451 -0.040315 0.37851 -0.14944 -1.4478 0.29918 -0.4141 0.17963 0.19464 -0.76187 0.055133 0.22445 -0.35588 0.16988 0.37372 0.36966 0.15335 -0.13842 0.58707 0.99602
mailing	-0.70977 -0.00044525 0.026761 -0.61834 0.54707 1.0756 -0.11157 0.013474 0.56642 0.50516 0.28583 -0.59281 -0.24937 -0.14298 -0.013473 -0.02089 0.88801 -0.091201 0.57653 -0.36785 -0.70666 0.31113 -0.2534 0.095396 -0.40021 -0.16997 0.15596 0.69715 0.03965 -0.47214 0.87623 0.38601 0.90581 -0.072721 -0.14951 -0.07436 -0.43368 -1.0601 -0.15438 0.063176 0.1148 0.36064 0.13941 -0.60666 -0.39214 -0.36604 -0.13199 -0.8858 0.10697 0.025418 0.66398 0.53167 -0.23406 -0.46611 -0.61248 -0.35122 0.047452 0.00086658 1.0368 0.045111 0.34319 0.51316 0.18649 -0.53229 0.18099 -0.088314 0.607 0.21549 1.0854 -0.39826 -0.63344 -0.12051 -0.15899 -0.80264 -0.27884 0.83836 0.24113 -0.45595 -0.966 -0.14874 0.17297 -0.25607 -0.31379 -0.38598 -0.92147 -0.19175 0.56284 -0.39361 -0.68591 0.27053 -0.95743 0.70544 1.1322 -0.61123 -0.031073 -0.3763 0.86193 0.25095 0.5395 0.14397
list	-0.67604 0.46687 0.83063 -0.90814 0.79119 0.26412 -0.26265 -0.41843 -0.41587 0.17359 0.37286 -0.49924 0.51063 -0.090879 -0.27008 0.49076 1.0013 0.13748 -0.014336 0.68593 -0.21499 0.29243 -0.024009 0.078502 -0.14989 -0.89011 0.31639 -0.30942 0.067681 -0.051255 0.6256 0.077023 -0.035527 -0.038735 0.18438 0.86326 -0.39382 -0.33142 -1.167 0.13042 -0.13508 0.39716 0.94674 -0.28922 0.51677 -0.051511 -0.34475 -0.47551 -0.39194 -0.24876 0.68388 0.22613 -0.10934 0.27168 -0.73958 -1.6991 -0.11178 -0.045491 1.5502 1.2108 -0.68524 0.85916 -0.085091 0.23677 1.2632 -0.029881 -0.0096297 0.72212 0.43319 -0.008245 -0.17788 0.056438 -0.48095 0.0047031 0.11039 0.55959 -0.42368 -0.09819 -0.75477 -0.36628 0.60123 -0.1647 -0.14976 -0.25664 -1.2326 -0.23754 -0.083583 -0.71647 0.3108 0.66075 -0.74306 0.39473 0.12726 -0.1576 -0.75029 0.56097 0.14574 -0.30394 0.65849 0.047674

http	-0.78276 0.80839 0.34307 -0.056739 -0.22186 0.62693 -1.1103 0.26204 0.43222 0.19659 1.0535 -1.0201 -0.63932 -0.48783 0.34218 0.86971 0.79009 -1.4131 -0.34594 0.15927 -1.0754 -0.51421 0.069214 1.5814 0.6842 0.0095959 0.481 0.68623 0.059354 -1.1807 0.50105 0.91183 0.35633 0.5449 1.2338 1.0921 -0.32087 0.35704 0.95254 -0.12311 -0.15272 0.33961 -0.098089 -0.15975 0.13301 0.17044 -0.72582 -0.063276 0.53076 0.60043 1.1527 0.72697 0.33649 0.46124 -0.91024 -0.12898 0.54072 0.30668 0.48901 -0.63584 -0.59013 -0.071582 -0.091594 -0.86752 0.15488 -1.0922 0.33943 -0.30857 0.27868 -0.86409 -1.2991 0.13353 0.41928 -0.19728 0.074828 -0.89912 -0.23144 0.80908 -0.3161 0.18095 0.34996 -0.24297 -0.50595 0.19423 0.12022 1.2143 1.4073 0.50377 -0.39768 -0.27614 -0.60669 1.0417 -0.23915 0.44705 0.79111 -0.30528 0.73449 0.083831 0.47065 0.59265
dev	0.17176 -0.061256 0.59518 0.18496 -0.5816 -0.052983 -0.20775 0.42992 0.081035 0.71848 0.79859 -0.069701 0.036737 0.37335 1.1214 0.022896 0.36988 -0.084173 -0.29263 1.0768 0.35981 -0.25902 0.061688 0.7417 -0.070792 -0.2433 0.94882 0.33918 0.62996 -0.59965 -0.20726 0.83597 -0.5283 0.12997 -0.186 -0.50002 -0.64575 0.64651 -0.1678 -0.51448 -0.54627 1.5373 0.35483 -0.24966 -0.16694 0.85546 -0.28144 1.2054 0.50575 1.0012 -0.78528 -0.35144 0.44706 0.054785 -0.31816 -0.50259 -1.0206 0.96781 -0.63561 -0.011546 0.06647 0.35102 0.4617 0.78454 -0.1023 0.42103 0.90921 0.77131 0.86666 -0.18916 0.51776 0.17549 -0.65909 -0.61098 -0.74918 -0.12528 -0.83088 0.16672 -0.14779 0.31469 0.22879 -0.62959 0.54825 -0.67433 0.04008 0.82224 -0.64693 -0.68717 -0.81399 0.36197 -0.21683 0.3241 -0.23792 0.17451 0.90828 -0.32199 0.5687 -0.57692 -0.51959 -0.243
eclipse	-0.44309 0.14926 0.16649 0.42149 0.32457 -0.50745 0.99023 0.30442 -0.65309 -0.30448 0.28135 0.88885 0.68952 -0.94606 0.12771 -0.91705 1.0058 0.85728 0.8919 0.31291 0.084716 -1.1712 -0.46261 0.45815 1.3201 0.47897 0.27511 0.47025 -0.072981 -0.94041 -0.0015042 -0.20956 -0.11596 0.58161 -0.068764 0.19159 -0.19694 0.46838 -0.54513 0.083056 -0.62959 0.5083 -0.32024 -0.3328 -0.15892 -0.46357 0.71919 -0.56694 0.048712 -0.62023 -0.2425 -0.12787 -0.27382 0.080261 0.5803 -0.72875 -0.10715 1.0093 1.006 0.054757 -0.15775 1.1195 -0.021656 0.23757 0.59771 0.73702 -0.43183 -0.48263 -0.097095 -0.28765 0.024169 0.38842 0.032271 -0.10979 -0.45319 -0.42803 0.29235 -0.15962 -0.41953 -0.81562 0.26624 -0.07087 0.13718 0.77952 0.52504 -0.049254 0.082511 -0.17853 1.2107 -0.3381 0.12814 -0.06077 0.024663 -0.32214 0.13661 0.01612 -0.16721 0.044676 0.139 -0.10406
org	-0.26016 -0.24664 0.218 -0.73062 -0.50396 0.53169 0.4634 -0.79583 0.65105 0.25617 0.94791 0.12506 0.71909 -0.16892 -0.16093 -0.24011 -0.076525 -0.23074 -0.049874 0.10632 -0.66776 0.35589 -0.39664 0.95125 0.17833 -0.10628 -0.013394 0.035961 0.079702 -1.3671 0.3305 0.76399 0.20854 0.89747 -0.25148 0.35534 -0.59125 0.22705 0.37938 -0.3528 0.010821 0.3049 -0.47934 0.28821 -0.077966 -0.0071496 -0.90188 0.34372 -0.539 1.0514 -0.24736 0.20956 -0.48592 -0.24934 -0.93457 -0.018738 0.4496 -0.57942 0.61226 0.83221 -0.073551 -0.1034 -0.046832 0.22416 0.083962 0.60766 0.28838 -0.14934 1.5167 -0.61933 0.39935 0.046438 -0.027113 -0.70042 -0.87339 -0.83821 0.0071577 -0.21938 0.11917 0.10178 0.024923 -1.1276 0.84177 0.365 0.40846 -0.011416 0.30357 -0.75461 0.35679 -0.042457 -0.70667 0.61659 0.68887 -0.2262 0.79291 0.12872 -0.25784 -0.2739 -0.3374 -0.14162
mhonarc	
lists	-0.96662 0.64036 0.27232 -0.36116 0.80375 0.32821 -0.31899 -0.36132 -0.14338 0.012741 0.59735 -0.16651 0.65598 -0.26826 -0.061076 0.57667 0.9839 0.015685 0.062691 0.72819 -0.60677 -0.1114 0.32705 -0.26593 -0.56252 -1.2801 0.20192 -0.30706 -0.12648 -0.24345 0.81728 0.0047285 0.29606 0.041876 0.28655 0.71265 -0.1871 -0.63346 -0.9095 -0.082122 -0.092563 0.20102 0.38845 -0.50139 -0.081551 -0.27054 -0.62534 -0.53312 -0.25038 -0.33325 0.89124 0.21968 -0.3101 0.48611 -0.42805 -0.80334 0.18935 0.10867 0.9899 0.80256 -0.53438 0.66242 0.43427 -0.18987 0.795 -0.048753 -0.14328 0.46266 0.70738 0.022731 -0.45839 0.089933 -0.021749 0.14459 -0.10938 0.58936 -0.058661 -0.33732 -0.9655 -0.46498 0.4988 -0.15471 -0.3835 -0.32461 -0.87587 -0.3351 0.016983 -1.0108 0.024057 0.91174 -0.56321 0.7908 0.42199 -0.29445 -0.62583 0.032485 -0.16348 -0.1137 0.51686 0.40194
ecf	0.92241 0.25026 0.368 -0.16876 -0.42382 -0.10159 -0.15052 0.40125 0.25925 -0.075593 0.80956 -0.49086 0.14355 -0.21824 -0.42105 0.4402 0.01971 -0.29317 0.2513 -0.20935 -0.66566 -0.21379 -0.47933 0.52001 0.0017313 -0.34217 0.23075 0.21632 0.24805 0.19329 -0.10381 0.16824 -0.33773 -0.23868 0.015766 0.037786 0.074741 0.11223 0.11584 0.31585 -0.041 -0.025461 -0.56713 -0.57671 0.11001 0.086437 0.027286 -0.13753 0.031502 0.25515 0.16601 0.14941 -0.32034 0.0069669 -0.2045 0.69044 0.28147 -0.11549 -0.085631 -0.15553 0.24356 -0.21708 0.11594 0.35585 0.16892 0.040684 0.014436 -0.40769 0.43649 -0.64988 0.20181 0.3036 -0.32399 0.56598 -0.18315 -0.35637 0.13564 -0.28322 0.44503 0.15297 -0.71756 -0.18865 -0.019813 0.10758 0.4565 0.63457 0.37977 -0.012756 0.12002 0.45417 0.16809 -0.093744 -0.33039 -0.18538 1.079 -0.52212 0.1055 -0.1803 -0.33034 0.22611
dev	0.17176 -0.061256 0.59518 0.18496 -0.5816 -0.052983 -0.20775 0.42992 0.081035 0.71848 0.79859 -0.069701 0.036737 0.37335 1.1214 0.022896 0.36988 -0.084173 -0.29263 1.0768 0.35981 -0.25902 0.061688 0.7417 -0.070792 -0.2433 0.94882 0.33918 0.62996 -0.59965 -0.20726 0.83597 -0.5283 0.12997 -0.186 -0.50002 -0.64575 0.64651 -0.1678 -0.51448 -0.54627 1.5373 0.35483 -0.24966 -0.16694 0.85546 -0.28144 1.2054 0.50575 1.0012 -0.78528 -0.35144 0.44706 0.054785 -0.31816 -0.50259 -1.0206 0.96781 -0.63561 -0.011546 0.06647 0.35102 0.4617 0.78454 -0.1023 0.42103 0.90921 0.77131 0.86666 -0.18916 0.51776 0.17549 -0.65909 -0.61098 -0.74918 -0.12528 -0.83088 0.16672 -0.14779 0.31469 0.22879 -0.62959 0.54825 -0.67433 0.04008 0.82224 -0.64693 -0.68717 -0.81399 0.36197 -0.21683 0.3241 -0.23792 0.17451 0.90828 -0.32199 0.5687 -0.57692 -0.51959 -0.243
msg	0.42767 -0.036225 0.10345 -0.83949 -0.42212 -0.31993 0.3907 0.54807 -0.69216 0.1994 0.68102 -0.51877 -0.27999 -0.47363 0.21691 -0.052355 -0.039593 -0.53487 0.34309 -0.38042 -0.36277 -0.22687 0.11031 -0.43923 0.83999 0.46995 0.80984 0.85017 -0.32431 0.40952 0.73728 1.0439 -0.58126 0.42378 -0.15036 1.062 0.19583 0.58226 -0.31154 0.0037543 0.77693 0.52696 -0.054609 -0.85878 -0.030849 0.89978 -0.24695 -0.27504 0.19209 0.01848 -0.42913 0.18071 0.020893 -0.3095 -0.29858 0.21149 0.173 -0.073506 0.03206 0.10035 -0.79304 -0.14808 -0.052399 -0.38704 0.54211 0.66538 0.20249 -0.34594 0.2552 0.32702 -0.39243 -0.75748 -0.3756 -0.053902 0.11538 -0.66253 0.76021 -0.049775 -0.71874 0.3576 -0.20075 -0.49701 -0.13869 0.41215 -0.064562 0.7715 -0.33545 1.1445 0.31236 0.43404 -0.19513 -0.73419 -0.5073 -0.60933 0.077105 -0.83103 0.32661 0.053665 0.5651 0.92045
html	-0.69055 0.76062 0.30261 -0.89325 0.45756 1.1112 -0.2828 0.061267 1.1461 0.076935 1.4993 -0.81566 -0.84225 -0.54856 0.41384 0.77006 0.88674 -0.53257 0.23412 0.80166 -0.83844 -0.53489 0.40934 0.62696 0.78404 -1.7436 0.83558 0.15779 -0.7663 -0.66425 0.2104 0.59282 -0.6916 -0.47104 0.65872 0.63672 0.082289 -0.29946 0.70822 -0.080571 -0.26856 -0.012822 -0.55868 0.036258 -0.85925 0.39271 -0.22511 0.084806 -0.056145 -0.62872 0.70655 0.9546 -0.35824 0.27964 -0.35663 0.22085 0.25736 -0.13916 0.65384 -0.17086 0.17619 -0.09766 -1.0492 -0.52496 0.5636 -0.31323 0.61229 0.11989 0.059623 -0.28132 0.10637 0.1602 0.73538 -0.553 -0.18022 0.076009 -0.15832 0.0069204 -0.23618 0.17294 -0.44648 -0.69148 -0.45661 -0.49855 0.24966 1.3736 0.743 -0.095663 -0.27307 -0.14822 -0.24585 0.79804 0.30284 0.72332 0.58997 -0.76908 -0.37328 -1.2863 0.28349 0.12886

Note	-0.39628 0.59853 0.27207 0.032677 0.044493 0.40062 -0.29874 -0.60619 -0.34701 -0.04045 0.075187 0.18447 -0.33604 0.25469 -0.0076017 0.82029 -0.25233 -0.55268 0.2732 0.046883 0.14131 0.1583 -0.56494 0.21805 0.30263 -0.020067 0.11329 0.19675 0.19079 0.066556 0.4025 0.344 -0.25874 0.039183 -0.26801 0.26528 0.022931 0.11291 0.49983 -0.7633 0.28907 -0.73809 -0.0063527 -0.38121 -0.19638 -0.16555 -0.25051 -0.31665 -0.28273 -1.126 1.0811 0.18531 0.36807 0.79126 -0.21837 -1.8536 -0.36523 -0.15991 1.0261 0.51043 -0.57035 0.39793 -0.78042 -0.24551 0.31631 -0.45927 0.23673 0.81352 0.45899 -0.24626 -0.83268 0.62896 -0.16422 -0.47381 0.19707 0.70881 0.34923 -0.12588 -0.82472 -0.93171 -0.36131 -0.35102 -0.5259 -1.0397 -0.98566 0.010624 0.24782 -0.55514 0.05812 0.14868 -0.60702 0.43722 -0.23149 -0.1736 -0.62922 0.51937 -0.18363 -0.64253 -0.30337 0.29092

imply	0.037152 0.13268 0.38195 0.68221 -0.3528 -0.15757 -0.41945 -0.47625 0.75004 0.22933 -0.49057 0.47449 0.39721 0.069889 0.14522 -0.057909 -0.39757 0.19759 -0.11636 0.6462 0.072811 -0.26225 -0.40042 -0.21888 -0.51393 -0.041546 0.20101 -0.63858 -0.15333 -0.70684 0.33797 -0.022545 -0.42941 -0.3033 -0.020109 0.28028 0.91653 0.31819 -0.4236 -0.21803 0.30515 0.42892 -0.33022 -0.20349 -0.64527 -0.46439 1.019 -0.092946 -0.80246 -0.92528 0.53379 0.24579 0.34717 0.25593 0.049891 -0.41819 0.61828 -0.63698 0.069393 0.18813 -0.37517 0.0022555 -0.39514 0.22603 0.60984 0.47464 0.10214 -0.061111 -0.2854 -0.58231 -0.28134 -0.25947 0.35144 -0.33487 0.32876 -0.22277 0.47097 -0.16562 -0.81233 -0.20136 -0.69028 -0.58603 -0.45022 -0.22178 -0.71795 -0.41059 0.25693 -0.034016 0.46144 -0.36382 -0.44261 0.10621 -0.19466 -0.1737 0.50574 -0.72107 -0.387 -0.19353 -0.46022 0.28089
moving	-0.068767 -0.012356 0.23644 0.14685 0.40167 0.085329 -0.38711 0.10644 -0.090433 -0.15729 0.52875 -0.69293 -0.087988 -0.39338 0.13397 -0.48489 -0.11795 0.16523 0.41917 -0.25189 0.71144 0.8144 0.44028 0.073436 0.24516 0.12616 -0.45906 -0.38117 0.011639 0.32935 -0.48499 0.13846 -0.2149 -0.19445 0.0078115 -0.54592 0.24402 -0.72485 -0.10455 0.20594 -0.50877 -0.58863 -0.19504 -0.23336 -0.14952 0.29209 0.014344 0.16074 0.49269 -0.7933 0.61796 0.036226 0.31169 1.2627 -0.12449 -2.0682 0.032188 -0.098533 1.5744 0.36923 -0.20234 1.1762 -0.48136 -0.1023 0.54722 0.40033 -0.045455 0.4317 0.29765 0.45594 -0.085944 -0.5794 -0.16525 -0.8027 0.52206 -0.072099 0.13102 0.21779 0.29276 -0.23384 -0.028988 0.34552 -0.69868 0.12714 -0.73193 0.029444 0.49736 -0.31499 -0.35246 -0.39649 -0.42258 -0.06982 -0.07857 0.24029 -0.56915 -0.26158 -0.036198 0.39577 1.0091 0.11838
minimum	0.16042 0.30999 0.064171 0.66155 -0.40102 -0.0021154 -0.62681 0.85435 -1.2146 0.80019 0.076387 0.33706 -0.44067 -0.24213 0.28214 -0.84584 0.040168 0.12493 -0.040372 0.24847 0.063166 -0.072125 -0.014454 -0.48219 0.19233 -0.53647 -0.28137 -1.1637 -0.53 -0.41559 0.39754 0.15939 0.28215 -0.2282 0.24053 0.29328 0.16352 -0.055125 -0.12821 0.34582 0.35424 -0.27659 0.403 0.3544 0.26609 -0.43107 0.010734 -1.2808 -0.64826 -0.60355 0.39405 -0.85162 -0.3755 1.0529 0.18159 -0.78838 0.67844 -0.73723 1.9918 0.54296 0.1799 -0.72075 -1.2089 -0.36395 0.99013 0.071829 -0.4063 -0.27108 0.50134 -0.47464 0.0037124 -0.35889 0.35169 0.65794 0.17436 0.37824 -0.21646 -1.2665 -0.53859 -0.40936 0.71879 -0.52851 -0.49508 -1.2181 -0.9656 0.4421 0.6886 -0.026405 0.31646 0.37017 -0.1715 0.30683 0.0053988 -0.48705 -0.47612 0.014947 0.57521 -0.075526 0.97727 -0.35125
execution	0.77194 0.095616 -0.20913 -0.45152 0.086302 0.4393 -0.51471 0.18745 -0.86303 0.47072 -0.0031629 0.77627 0.21898 -0.36186 0.062008 0.52768 -0.51369 -0.011745 -0.47574 0.30131 -0.0035985 -1.2057 0.62745 0.087084 -0.19874 0.37805 0.2069 0.19762 -0.1802 0.52644 0.21437 -0.056347 -0.10754 -0.11301 -0.20699 -0.21498 -0.21249 -0.71397 0.18814 -0.59576 -0.60324 -0.084432 0.79712 0.31691 0.030463 -0.29125 0.25493 -0.81566 -0.21517 -0.44473 0.12696 -0.57493 -0.23126 1.2537 -0.27815 -0.70138 -0.21404 -0.6286 1.3296 -0.11116 -0.76228 0.12804 0.45631 -1.0329 0.75218 -0.78028 -0.31448 -0.0088613 -0.94173 0.19017 -0.55066 -0.45742 0.25898 0.32131 0.71251 0.24955 -0.092166 -0.1561 0.094903 0.094256 0.88139 0.10436 -0.44924 0.19811 -1.6957 0.051334 0.74116 -0.48978 0.033077 -0.61355 0.35215 -0.42441 0.16359 1.1092 0.1552 -0.40568 0.55331 -0.42465 0.19982 -0.47072
environment	-0.74272 0.1349 0.68435 -0.077705 0.026786 -0.63724 -0.65391 0.027441 -0.005925 0.16814 -0.52006 -0.53576 -0.10089 -0.57955 -0.0079071 -0.25491 -0.1007 -0.13293 -0.72936 0.21422 -0.72761 -0.29706 0.84213 0.11266 -0.84344 -0.14734 -0.18668 -0.19378 -0.85626 0.40008 -0.59485 0.59819 -0.39191 0.016846 0.4232 -0.21083 -0.2121 0.58529 -0.48959 -0.51851 -0.60549 -0.71604 -0.46837 0.40597 0.20834 0.23647 -0.36438 0.57084 -0.75396 -0.592 0.59892 -0.538 -0.30677 1.0496 0.56823 -1.8422 0.60059 0.35749 1.6351 0.067487 -0.23806 0.23932 -0.74438 -0.55299 1.1353 0.64234 0.43255 -0.3686 1.461 -0.92829 0.56748 -0.30997 0.54967 -0.53288 0.078098 -0.19334 -0.25623 0.1369 -0.41184 0.31736 0.19554 0.37838 -0.34102 0.89929 -0.82357 0.50575 0.07809 -0.13655 -0.16479 -0.81141 0.95596 -0.7209 0.49462 0.13721 0.49632 1.1064 -0.38485 -0.47889 0.41927 -0.14355
core	-0.14828 0.7132 0.32604 -0.22844 -0.10507 -0.65067 -0.17046 -0.74577 0.14303 0.98697 0.27414 -0.53782 0.36607 -0.095681 -0.45485 -0.21577 -0.21463 0.30474 0.29465 -0.24477 0.32116 -1.0172 -0.15105 0.091343 -0.45392 -0.21536 0.24096 -0.032061 -0.51314 0.70999 0.13202 0.19515 0.028717 -0.20936 0.14502 0.023395 0.98232 0.070582 -0.096576 -0.43434 -0.032306 -0.75596 0.7676 0.17975 -0.64523 0.050584 -0.098476 0.46262 -0.14276 -0.328 -0.21518 -0.18995 -0.33552 0.24859 0.201 -1.6974 0.21375 -0.59653 2.1438 0.45957 0.58822 0.30494 -0.45044 0.14146 0.93786 0.27729 0.43002 0.1908 0.96688 -0.10398 0.39993 0.37521 0.048327 0.17694 -0.6034 -0.31225 0.3221 -0.11263 0.21502 -0.29828 -0.057163 0.49409 -0.84831 0.20811 -1.2053 0.14095 -0.11544 0.11683 0.37308 0.46435 -0.26211 0.41544 -0.31405 0.50588 -0.15955 -0.56035 -0.13661 -0.45952 1.229 0.85105
CDC	0.12895 -0.2836 0.49153 -0.50755 0.020711 -0.063475 -0.016882 0.33017 0.18991 -0.50823 0.11791 0.01768 0.27962 -0.063532 0.18395 0.35547 0.093763 -0.41587 -0.30114 -0.63554 -0.19476 0.20016 -0.34615 0.25535 -0.98828 0.17397 1.0002 -0.23403 -1.1057 -0.083269 -0.039345 0.41182 0.16459 0.21483 -0.51305 0.25921 -0.26919 0.17612 0.0054433 0.18547 -0.56473 0.80036 -1.3405 -0.49529 0.66074 0.54729 -0.32562 -1.2878 -0.66599 -0.59814 1.0444 -0.79146 -0.54393 -0.49951 -0.048941 -0.4375 0.2033 0.35972 0.19904 0.32232 -0.0036527 0.24614 1.0101 0.27721 0.022878 0.41515 -0.99971 0.9273 0.80863 1.1963 0.52058 -0.038607 -0.48968 0.071288 0.44609 -0.3281 -0.31118 -0.17225 -1.0356 -0.67217 0.22798 -0.027185 -0.58559 0.1372 -1.0924 0.13342 1.009 0.1957 -0.79814 0.62313 0.78348 0.0065147 0.53611 0.067996 -0.18566 0.14257 -0.10761 -0.85999 -0.16105 -0.43171
accomodate	-0.70192 0.31008 -0.00013517 0.053022 -0.57562 0.20099 -0.55902 -0.02097 0.24293 0.0056779 0.27341 0.15808 -0.069571 -0.78494 0.017881 -0.52974 -0.56653 0.49585 -0.38861 -0.16472 -0.25719 -0.33315 -0.10016 -0.24028 0.0026637 -0.68018 -0.24418 -0.087902 -0.034929 -0.43654 -0.53208 -0.16243 0.13344 0.34007 -0.29141 0.21867 0.40021 -0.31158 -0.379 0.055733 0.078812 0.057323 -0.12701 0.083773 -0.08153 0.35749 0.28621 -0.2588 -0.27696 0.54364 -0.1294 -0.11948 0.033856 -0.11362 0.37856 0.73946 -0.034536 0.043119 0.11525 -0.47655 -0.085368 0.57083 -0.097986 0.0029178 -0.2192 0.086353 -0.11395 0.28797 0.027315 -0.33982 0.29503 -0.53499 0.33254 -0.11704 0.25453 -0.14073 0.033015 -0.34454 0.40302 0.32517 -0.36823 -0.34124 -0.0047594 0.31557 0.44051 0.078998 0.5804 0.42638 -0.79079 0.047698 -0.2651 0.82009 -0.13568 -0.80834 -0.13389 -0.36329 0.18784 0.13758 -0.080289 0.15431
java	-0.84714 0.020302 0.25959 -0.36874 0.44068 0.67536 -0.30071 -0.1679 0.54697 1.0976 0.51706 0.10964 0.19969 -0.31916 0.039724 -0.7028 0.084263 -0.10588 -0.072092 0.41502 0.44481 -0.68525 1.3962 0.61555 -0.4752 0.61334 0.045766 0.60384 -1.2541 0.041386 -0.19581 0.53461 -0.23929 0.59037 0.68815 -0.099991 0.06518 -0.63082 0.7608 -1.2582 -0.85974 0.47335 0.41507 -0.27783 -0.056308 0.55999 0.825 -0.47537 0.5768 0.60929 -0.95241 0.91425 -0.13165 -0.42898 -0.59134 -0.56076 -0.95617 -0.8252 1.6745 0.054822 -0.59881 0.77632 -0.92323 -0.73269 0.12317 0.27333 -0.28778 -0.10222 0.40905 -0.11932 -0.49878 0.60036 0.7207 -0.51854 -0.31778 0.19507 -0.18214 0.59462 -0.065178 0.0072862 0.28388 -0.59001 -0.97728 -0.59743 0.0014984 1.6339 0.034357 -0.33376 0.28589 0.31225 1.3427 0.55273 -0.022257 0.64239 0.29907 0.36066 -0.63254 -0.45407 0.75004 -0.03187
net	0.51435 0.059716 0.70215 -0.51947 0.47898 -0.0048011 0.18822 -0.30317 -0.35363 -0.34969 0.38779 0.49882 -0.2516 -0.13245 0.58114 -0.13979 -0.66392 0.3218 0.35138 0.37346 0.70857 0.43339 -0.18359 1.7049 0.10267 -0.37952 0.33583 0.19917 -0.33893 -1.2667 -0.011259 0.83463 -0.14993 -0.13931 0.24297 -0.22334 -0.46244 0.53481 -0.23889 -0.17298 0.52748 -0.56051 -0.35783 0.66836 0.14204 0.075727 -0.44825 -0.36409 -0.35273 -0.71321 -0.14912 0.40095 -0.35704 0.55478 -0.38547 -1.9744 0.018177 -0.43355 2.2304 0.48014 0.50102 -0.72207 -1.1078 0.66829 -0.56571 -0.068312 0.26556 0.029946 0.78739 -0.19843 0.27247 0.29646 0.88368 -0.45316 0.10628 -0.60375 -0.22026 0.17801 -0.37431 0.73622 0.55096 0.47428 -0.46101 -0.27068 -1.0666 -1.5399 0.46159 -0.45909 -0.11978 -0.078589 -0.085481 0.18648 0.11012 -0.70056 -0.080856 -0.13587 0.57279 -0.049566 0.68103 -0.51854
URI	-0.65547 -0.43847 -0.037071 -0.30225 -0.37597 0.10527 0.029273 0.49761 0.90711 0.1622 -0.7962 0.12242 0.056105 -0.21337 0.40886 0.22855 0.26612 -1.0197 -0.94163 0.45914 0.4149 0.63315 0.13915 -0.19977 -0.92342 -0.651 0.35498 -0.80746 -0.21591 -0.34236 -0.00067611 0.33443 0.072031 0.2841 -0.13757 -0.46566 0.37774 0.61182 -0.64787 -1.3422 0.25478 0.424 0.84641 0.54209 -1.0575 -0.27343 -0.20152 0.10609 -0.45257 0.59815 0.025161 -0.23258 0.46532 0.081241 -0.41763 0.11304 -0.28554 0.55062 -0.069778 0.41362 0.49205 -0.74015 0.22873 1.2288 0.0014934 0.38497 0.40467 0.43685 0.47155 -0.044986 -0.12416 -0.30089 -0.47747 -0.52366 -0.40283 0.13055 -0.2499 0.4049 -0.049911 -0.090649 0.49784 0.18776 -0.3039 -0.96908 0.14022 0.63664 0.011528 0.61036 0.77814 0.039808 0.50031 0.77638 -0.82579 0.91071 0.68534 0.06502 0.43103 0.050085 0.18123 0.15288
class	0.44507 1.1348 0.33681 0.033357 -1.0405 0.24413 0.43113 0.041197 -0.81321 1.1462 -0.041166 -0.56681 -0.37751 0.010833 -0.49384 -0.98461 0.2911 0.62519 0.0021157 0.076011 0.57661 -0.42666 0.026943 -0.31422 0.22591 -0.40706 -0.44773 -0.46698 0.071828 0.087351 -0.25286 1.0292 -0.17695 -0.57001 0.69949 0.49922 -0.23905 0.21815 0.067587 0.91464 -0.62297 -0.85661 -0.1409 -0.61247 0.66159 0.090501 0.19563 0.35387 0.18804 0.30706 -0.73807 0.019089 -0.32798 0.51793 -0.003088 -1.7927 0.08279 -0.13564 2.0857 0.16076 -0.41443 0.42641 0.055687 0.03359 0.74283 -0.19547 0.53011 0.19503 0.44296 0.54503 -0.030984 -0.49682 -0.11398 0.085998 -0.046392 0.92739 0.088696 -0.28703 -0.72927 -1.1755 -0.26028 -0.55622 -0.026987 -0.20324 -0.81465 -0.12299 -1.1006 -1.5845 -0.18962 -0.32423 -0.99665 -0.060921 0.43139 0.38787 0.24177 0.29155 -0.080935 -0.70294 0.47778 -0.33316

