Bug	-0.42404 -0.11038 0.94873 -0.71327 -0.19712 0.077077 0.96163 -0.35674 0.8292 -0.3676 0.15004 0.62746 0.091752 0.11142 -0.015791 0.84124 0.24467 0.023366 0.54286 -0.068057 -0.87995 -0.59202 0.18641 0.50787 0.55458 0.48448 -0.42383 0.22249 -0.8823 -0.041186 -0.049256 0.31483 0.25182 0.10876 0.45824 -0.12085 -0.96037 -0.69492 0.93473 -0.31937 -0.31673 0.24099 -0.3822 -0.72243 0.18017 0.62991 0.0030923 -0.36699 -0.21576 -0.1654 -0.55928 0.11278 -0.62944 0.56955 -0.59166 -0.92922 0.044769 0.32981 0.697 -0.13983 0.40377 1.7035 -0.68531 0.49846 0.29719 0.27865 -0.18668 -0.93605 0.66117 0.01478 -0.30582 -0.4491 -0.44983 -0.39544 -0.37577 -0.18869 0.06883 -0.04811 -0.33131 1.0204 0.32457 -0.88047 0.018825 -0.303 -0.88685 0.35682 -0.3993 -0.10512 -0.86557 0.37554 0.48771 -0.28133 0.12722 -0.56959 0.33936 0.40162 0.1109 -0.20506 0.18093 -0.23185
Discovery	0.34337 -0.27651 0.33636 0.23632 0.25876 -1.2831 0.8333 0.5898 -0.3791 -0.29536 0.44975 0.54646 0.046485 -0.017807 0.25433 -0.17372 0.515 0.53467 0.032733 0.49972 -0.19901 -0.48654 -0.5288 -0.022969 0.59665 0.63077 0.45882 0.87033 0.04843 0.10903 -0.41144 0.041026 -0.7233 0.33839 0.0056286 -0.47036 -0.20442 0.10609 0.072606 -0.20987 -0.7667 -0.11768 -0.027464 -0.17615 0.14185 0.3023 0.35135 0.35321 0.20711 0.21116 0.77687 0.27396 -0.022626 0.61452 -0.27494 -1.9016 -0.71813 -0.12122 1.7234 0.24471 -0.32965 1.2178 1.0942 -0.034905 1.0973 0.13037 -0.37963 -0.16683 0.29089 -0.17066 0.089296 0.54623 0.23434 0.23912 -0.23306 -0.050247 0.54391 -0.23618 -1.3205 0.30575 0.076841 0.43588 0.19595 0.32999 -0.74385 -0.2582 0.8216 0.014442 -0.65381 -0.19416 0.18694 0.064508 0.30964 0.32519 0.011293 -0.19846 -0.26515 -0.72957 -0.25692 0.22301
JMDNS	
Fall	0.3264 0.55822 0.25533 -0.10814 0.04654 -0.46577 -0.13963 0.15362 -0.23483 -0.42804 0.037924 0.22895 0.18672 0.23734 0.34996 0.037288 -0.46827 0.15487 -0.16487 0.11753 0.30809 -0.25441 0.30979 0.8051 -0.09219 -0.062635 -0.38575 -0.54978 0.3019 -0.54258 0.19739 -0.29 0.092703 -0.48055 -0.48191 0.72779 0.22876 -0.45603 0.037786 -0.32571 -0.42623 -0.058946 -0.52196 0.18801 0.14141 -0.20073 0.27084 -0.026134 0.13288 -1.4764 -0.056972 -0.32662 0.30494 0.76331 0.16788 -2.356 -0.37616 -0.011489 1.9827 0.36153 -0.22095 1.0825 -0.67676 0.096369 0.48564 0.20256 0.16667 -0.35918 0.13848 0.096536 0.13312 -0.069298 -0.69095 0.35564 -0.50851 -0.3494 -0.33562 0.45363 -0.28949 0.032191 0.17248 0.1475 -0.70217 -0.2028 -0.74759 -0.96593 -0.083909 -0.28699 0.11724 0.066832 0.21283 0.26471 -0.047237 0.49353 -0.80611 -0.20786 0.52783 0.21441 0.39197 -0.29477
hostname	0.09879 0.10314 0.065352 0.012658 -0.21951 0.084934 -0.28015 -0.22103 0.55222 0.14448 -0.46463 0.087255 0.085771 -0.23511 -0.55531 0.15194 -0.16321 0.080362 0.0087059 -0.13642 -0.58938 -0.68872 -0.38424 -0.16524 -0.16839 0.027408 0.1137 0.52622 0.047689 0.22177 0.27506 0.13768 0.70663 0.12656 0.24384 0.033437 -0.1964 -0.5587 0.070061 0.11562 0.19372 0.28184 0.45559 0.15737 0.067471 0.085656 -0.13394 0.22652 -0.27848 0.15631 -0.21285 0.035262 0.53601 -0.63936 0.26532 0.47978 -0.056596 0.21308 -0.0065922 -0.20753 -0.27285 -0.54654 -0.20804 -0.33649 0.070026 0.013936 -0.40584 -0.32451 -0.081563 -0.23387 -0.51181 0.14328 0.39034 -0.13976 0.18117 0.13619 -0.37311 -0.11492 0.36617 0.2934 -0.36933 -0.48687 0.035289 -0.28876 0.18021 0.13718 0.20826 0.0058166 0.40678 0.057912 -0.17696 0.26794 0.38322 -0.24589 0.77626 -0.10274 0.27241 -0.18493 -0.27121 -0.14969
IServiceID	
getServiceName	
null	0.079432 -0.14054 -0.10462 -0.36259 -0.22721 -0.13612 0.74755 0.32809 0.54364 0.12091 -0.53579 -0.093852 -0.1253 0.0075018 0.54402 -0.51891 0.34596 1.3306 1.0153 0.31239 0.16274 -0.026524 0.73949 0.5574 1.1129 -0.44905 1.0968 0.73696 -0.44728 0.032219 1.1976 0.059368 -0.37853 -0.21233 0.1351 -0.34381 0.48377 0.017526 -0.46031 -0.77044 -0.85068 0.30327 0.11417 -0.25013 0.014417 -0.05347 -0.30477 0.40744 -1.4463 0.85099 0.66363 0.0049562 0.57099 0.27496 0.0087559 -0.84859 0.74672 0.51043 0.18724 -0.012529 -0.42562 -0.84412 -0.50242 0.016912 0.41224 0.25004 0.12519 0.56298 -1.0472 -1.0784 -0.88615 0.11577 0.85152 0.16019 0.83352 -0.38092 0.044191 0.22782 -0.38651 -0.019875 -0.89481 -0.35736 -0.48555 0.036485 -0.43308 0.16881 1.0746 0.095382 0.54107 -0.38136 -1.2123 0.51573 0.16573 0.67943 0.35327 0.17672 0.25803 0.068445 -1.2016 -0.20168
IService	
Service	-0.4224 -0.13313 -0.41418 -0.23677 0.19041 -0.32738 -0.23698 0.57607 -0.072985 0.035825 0.31916 -0.33207 0.26005 0.29836 0.026027 -1.0519 1.4233 -0.28315 -0.75118 0.19966 -0.44334 -0.25169 0.12302 0.12018 0.48829 -0.29525 -0.095826 0.37184 0.046189 0.029206 0.12688 1.0816 -0.25109 -0.42187 0.22496 0.44294 -0.98031 -0.070257 0.2825 -0.069401 0.40148 -0.34647 -0.22201 -0.044113 0.62697 -0.035738 0.35029 -0.80169 0.4902 -0.30755 0.72715 0.19385 -0.066447 0.93629 -0.035545 -1.9468 0.3688 -0.32078 3.1815 0.70017 -0.1323 -0.32202 0.35374 -0.22017 -0.014307 -0.2664 -0.24965 -0.057606 1.3354 0.63444 -0.22013 -0.44862 0.1921 -0.61758 0.73737 0.19194 0.67979 0.49879 -0.96222 -0.85897 0.41978 -0.16459 0.50896 0.52286 -1.6638 -0.25474 -0.14021 -0.13866 -0.079462 -0.056038 0.30532 -0.15325 0.21708 0.14577 -0.6953 0.046071 0.48616 -0.070558 0.12285 0.434

org	-0.26016 -0.24664 0.218 -0.73062 -0.50396 0.53169 0.4634 -0.79583 0.65105 0.25617 0.94791 0.12506 0.71909 -0.16892 -0.16093 -0.24011 -0.076525 -0.23074 -0.049874 0.10632 -0.66776 0.35589 -0.39664 0.95125 0.17833 -0.10628 -0.013394 0.035961 0.079702 -1.3671 0.3305 0.76399 0.20854 0.89747 -0.25148 0.35534 -0.59125 0.22705 0.37938 -0.3528 0.010821 0.3049 -0.47934 0.28821 -0.077966 -0.0071496 -0.90188 0.34372 -0.539 1.0514 -0.24736 0.20956 -0.48592 -0.24934 -0.93457 -0.018738 0.4496 -0.57942 0.61226 0.83221 -0.073551 -0.1034 -0.046832 0.22416 0.083962 0.60766 0.28838 -0.14934 1.5167 -0.61933 0.39935 0.046438 -0.027113 -0.70042 -0.87339 -0.83821 0.0071577 -0.21938 0.11917 0.10178 0.024923 -1.1276 0.84177 0.365 0.40846 -0.011416 0.30357 -0.75461 0.35679 -0.042457 -0.70667 0.61659 0.68887 -0.2262 0.79291 0.12872 -0.25784 -0.2739 -0.3374 -0.14162
eclipse	-0.44309 0.14926 0.16649 0.42149 0.32457 -0.50745 0.99023 0.30442 -0.65309 -0.30448 0.28135 0.88885 0.68952 -0.94606 0.12771 -0.91705 1.0058 0.85728 0.8919 0.31291 0.084716 -1.1712 -0.46261 0.45815 1.3201 0.47897 0.27511 0.47025 -0.072981 -0.94041 -0.0015042 -0.20956 -0.11596 0.58161 -0.068764 0.19159 -0.19694 0.46838 -0.54513 0.083056 -0.62959 0.5083 -0.32024 -0.3328 -0.15892 -0.46357 0.71919 -0.56694 0.048712 -0.62023 -0.2425 -0.12787 -0.27382 0.080261 0.5803 -0.72875 -0.10715 1.0093 1.006 0.054757 -0.15775 1.1195 -0.021656 0.23757 0.59771 0.73702 -0.43183 -0.48263 -0.097095 -0.28765 0.024169 0.38842 0.032271 -0.10979 -0.45319 -0.42803 0.29235 -0.15962 -0.41953 -0.81562 0.26624 -0.07087 0.13718 0.77952 0.52504 -0.049254 0.082511 -0.17853 1.2107 -0.3381 0.12814 -0.06077 0.024663 -0.32214 0.13661 0.01612 -0.16721 0.044676 0.139 -0.10406
ecf	0.92241 0.25026 0.368 -0.16876 -0.42382 -0.10159 -0.15052 0.40125 0.25925 -0.075593 0.80956 -0.49086 0.14355 -0.21824 -0.42105 0.4402 0.01971 -0.29317 0.2513 -0.20935 -0.66566 -0.21379 -0.47933 0.52001 0.0017313 -0.34217 0.23075 0.21632 0.24805 0.19329 -0.10381 0.16824 -0.33773 -0.23868 0.015766 0.037786 0.074741 0.11223 0.11584 0.31585 -0.041 -0.025461 -0.56713 -0.57671 0.11001 0.086437 0.027286 -0.13753 0.031502 0.25515 0.16601 0.14941 -0.32034 0.0069669 -0.2045 0.69044 0.28147 -0.11549 -0.085631 -0.15553 0.24356 -0.21708 0.11594 0.35585 0.16892 0.040684 0.014436 -0.40769 0.43649 -0.64988 0.20181 0.3036 -0.32399 0.56598 -0.18315 -0.35637 0.13564 -0.28322 0.44503 0.15297 -0.71756 -0.18865 -0.019813 0.10758 0.4565 0.63457 0.37977 -0.012756 0.12002 0.45417 0.16809 -0.093744 -0.33039 -0.18538 1.079 -0.52212 0.1055 -0.1803 -0.33034 0.22611
provider	0.0022764 0.26479 0.1703 0.50638 0.57631 -0.48466 0.055652 -0.54789 0.45525 0.094548 0.74295 -0.38491 0.11749 -0.30322 0.087666 -0.81407 0.94866 -0.049092 0.066588 0.19485 -1.3585 0.13925 0.10104 0.6122 0.025996 -0.053153 0.16135 0.64054 -0.74201 0.36786 0.15079 1.2346 0.44818 -0.19024 0.67833 0.24441 -0.52346 0.4165 0.43833 -0.47026 0.96764 0.67708 -0.2485 -0.25189 -0.45784 0.24442 0.070139 0.41653 0.22168 0.070592 0.084441 0.99922 0.22685 0.28157 -0.037388 -0.97693 -0.42245 -0.2795 2.1369 0.38021 0.62068 -1.6305 0.2643 -0.45119 0.25876 0.20507 -0.0099179 -0.19515 0.91524 0.34437 -0.36959 -0.12761 -0.10356 -0.22986 0.68916 -0.2412 0.19071 -0.59127 -0.26969 -0.74578 0.83826 -0.13334 -0.3311 0.64688 -1.1793 -0.42188 0.27776 0.57307 0.1454 -0.0031298 0.13553 0.40172 0.30925 -0.22234 -0.35368 0.84119 1.0288 -0.093064 0.61322 0.19764
jmdns	
container	-0.53691 0.75403 -0.17696 -0.7852 0.60943 -0.37926 0.14557 0.3015 0.65837 0.75382 0.48499 0.16738 -0.0014981 0.20951 -0.13026 -0.52817 1.05 -0.022706 0.052769 -0.83676 0.20459 0.046919 -0.65499 -0.90565 0.66859 0.14865 -0.29753 -0.097838 -0.33528 0.19655 -0.65541 0.1225 0.20241 -0.48363 0.39642 0.43591 0.76766 0.35572 0.33537 -0.94622 0.38677 -1.9475 0.38365 -0.22641 1.2714 1.0482 -0.25872 0.1757 0.16909 0.19137 0.71686 0.30572 0.44394 0.99492 -0.39012 -0.32416 -0.51212 0.18436 1.9772 0.36626 -0.55893 -0.24723 -0.15982 0.37794 -0.43566 0.2984 0.06251 0.34564 0.17624 -0.45613 -0.48603 0.013189 1.3394 0.13604 0.11203 0.64447 0.61835 -0.64059 0.0018281 0.47992 0.67008 -0.18922 -0.62029 1.7233 -0.019753 -0.42511 0.78963 -0.88045 -0.32861 0.52335 0.24079 0.70806 -0.063399 -0.71556 0.59469 0.32397 0.2783 -0.19433 0.73652 -0.15364
JMDNSDiscoveryContainer	
registerService	
IServiceInfo	
checks	-0.023098 -0.27309 -0.21346 -0.96038 0.29447 0.6056 -0.44622 0.68824 0.088505 0.3394 -0.086542 0.5138 0.34602 0.95247 0.2149 -0.10652 0.57877 0.4911 0.40296 -0.11163 -0.23636 0.1296 -0.79377 -0.40353 -0.10387 -0.72662 -0.45081 -0.62836 -0.19506 -1.0267 0.25945 -0.10782 0.19277 0.29708 0.21751 -0.074858 0.037863 -0.63692 -0.45609 -0.07536 -0.24447 -0.70981 0.051999 0.57681 -0.70635 -0.10955 -0.67343 -0.60338 0.36664 -0.68819 1.0516 0.14609 -0.16509 0.57282 -0.12582 -0.37275 0.31155 -0.43728 1.936 0.22899 0.22141 0.38883 0.031963 0.43232 0.43759 0.32957 -0.25152 0.017555 0.93526 -0.15151 -0.6314 -0.11987 0.22241 0.096327 0.42223 0.64481 -0.090891 -0.060548 -0.92853 -0.11315 1.4678 -0.042742 0.008361 -0.6286 -1.3734 0.19332 0.55846 -0.21311 -1.1655 -0.091017 -0.51104 0.39973 0.25062 -0.5256 -0.30716 0.65814 0.51139 0.39937 -0.14364 -0.1937
org	-0.26016 -0.24664 0.218 -0.73062 -0.50396 0.53169 0.4634 -0.79583 0.65105 0.25617 0.94791 0.12506 0.71909 -0.16892 -0.16093 -0.24011 -0.076525 -0.23074 -0.049874 0.10632 -0.66776 0.35589 -0.39664 0.95125 0.17833 -0.10628 -0.013394 0.035961 0.079702 -1.3671 0.3305 0.76399 0.20854 0.89747 -0.25148 0.35534 -0.59125 0.22705 0.37938 -0.3528 0.010821 0.3049 -0.47934 0.28821 -0.077966 -0.0071496 -0.90188 0.34372 -0.539 1.0514 -0.24736 0.20956 -0.48592 -0.24934 -0.93457 -0.018738 0.4496 -0.57942 0.61226 0.83221 -0.073551 -0.1034 -0.046832 0.22416 0.083962 0.60766 0.28838 -0.14934 1.5167 -0.61933 0.39935 0.046438 -0.027113 -0.70042 -0.87339 -0.83821 0.0071577 -0.21938 0.11917 0.10178 0.024923 -1.1276 0.84177 0.365 0.40846 -0.011416 0.30357 -0.75461 0.35679 -0.042457 -0.70667 0.61659 0.68887 -0.2262 0.79291 0.12872 -0.25784 -0.2739 -0.3374 -0.14162
eclipse	-0.44309 0.14926 0.16649 0.42149 0.32457 -0.50745 0.99023 0.30442 -0.65309 -0.30448 0.28135 0.88885 0.68952 -0.94606 0.12771 -0.91705 1.0058 0.85728 0.8919 0.31291 0.084716 -1.1712 -0.46261 0.45815 1.3201 0.47897 0.27511 0.47025 -0.072981 -0.94041 -0.0015042 -0.20956 -0.11596 0.58161 -0.068764 0.19159 -0.19694 0.46838 -0.54513 0.083056 -0.62959 0.5083 -0.32024 -0.3328 -0.15892 -0.46357 0.71919 -0.56694 0.048712 -0.62023 -0.2425 -0.12787 -0.27382 0.080261 0.5803 -0.72875 -0.10715 1.0093 1.006 0.054757 -0.15775 1.1195 -0.021656 0.23757 0.59771 0.73702 -0.43183 -0.48263 -0.097095 -0.28765 0.024169 0.38842 0.032271 -0.10979 -0.45319 -0.42803 0.29235 -0.15962 -0.41953 -0.81562 0.26624 -0.07087 0.13718 0.77952 0.52504 -0.049254 0.082511 -0.17853 1.2107 -0.3381 0.12814 -0.06077 0.024663 -0.32214 0.13661 0.01612 -0.16721 0.044676 0.139 -0.10406
ecf	0.92241 0.25026 0.368 -0.16876 -0.42382 -0.10159 -0.15052 0.40125 0.25925 -0.075593 0.80956 -0.49086 0.14355 -0.21824 -0.42105 0.4402 0.01971 -0.29317 0.2513 -0.20935 -0.66566 -0.21379 -0.47933 0.52001 0.0017313 -0.34217 0.23075 0.21632 0.24805 0.19329 -0.10381 0.16824 -0.33773 -0.23868 0.015766 0.037786 0.074741 0.11223 0.11584 0.31585 -0.041 -0.025461 -0.56713 -0.57671 0.11001 0.086437 0.027286 -0.13753 0.031502 0.25515 0.16601 0.14941 -0.32034 0.0069669 -0.2045 0.69044 0.28147 -0.11549 -0.085631 -0.15553 0.24356 -0.21708 0.11594 0.35585 0.16892 0.040684 0.014436 -0.40769 0.43649 -0.64988 0.20181 0.3036 -0.32399 0.56598 -0.18315 -0.35637 0.13564 -0.28322 0.44503 0.15297 -0.71756 -0.18865 -0.019813 0.10758 0.4565 0.63457 0.37977 -0.012756 0.12002 0.45417 0.16809 -0.093744 -0.33039 -0.18538 1.079 -0.52212 0.1055 -0.1803 -0.33034 0.22611
discovery	0.34337 -0.27651 0.33636 0.23632 0.25876 -1.2831 0.8333 0.5898 -0.3791 -0.29536 0.44975 0.54646 0.046485 -0.017807 0.25433 -0.17372 0.515 0.53467 0.032733 0.49972 -0.19901 -0.48654 -0.5288 -0.022969 0.59665 0.63077 0.45882 0.87033 0.04843 0.10903 -0.41144 0.041026 -0.7233 0.33839 0.0056286 -0.47036 -0.20442 0.10609 0.072606 -0.20987 -0.7667 -0.11768 -0.027464 -0.17615 0.14185 0.3023 0.35135 0.35321 0.20711 0.21116 0.77687 0.27396 -0.022626 0.61452 -0.27494 -1.9016 -0.71813 -0.12122 1.7234 0.24471 -0.32965 1.2178 1.0942 -0.034905 1.0973 0.13037 -0.37963 -0.16683 0.29089 -0.17066 0.089296 0.54623 0.23434 0.23912 -0.23306 -0.050247 0.54391 -0.23618 -1.3205 0.30575 0.076841 0.43588 0.19595 0.32999 -0.74385 -0.2582 0.8216 0.014442 -0.65381 -0.19416 0.18694 0.064508 0.30964 0.32519 0.011293 -0.19846 -0.26515 -0.72957 -0.25692 0.22301
identity	0.61491 -0.26004 0.51431 -0.25706 0.22268 0.72762 -0.25178 -0.93161 1.2181 0.91432 -0.66965 0.66827 0.4727 0.37581 -0.23006 0.11195 1.1784 0.17471 -0.3029 0.094718 -0.41463 -0.94762 -0.1538 -0.37619 -0.06935 -0.58743 0.89547 -0.54681 -0.071203 -0.16165 0.0097057 0.48578 -0.41717 -0.11057 0.73204 -0.97302 0.022096 0.20595 0.12014 0.0056967 -0.1196 -0.33183 0.74686 0.3394 -0.93152 -0.47583 0.1491 0.57441 -0.16245 -0.37142 0.43684 0.39694 0.061921 1.3963 0.14115 -1.4524 -0.028506 -0.32849 1.3723 0.59534 0.27241 0.88143 -0.077753 -0.55755 1.4355 0.02622 0.35705 -0.25212 0.69656 0.23186 -0.79245 0.25318 -0.28282 -0.5873 0.6873 0.20713 -0.031603 -0.46674 -1.328 -0.23165 -0.2905 0.11079 0.24352 0.12994 -0.73384 -0.20753 -0.27612 0.19475 -0.13715 -0.06838 -0.46505 0.32835 0.51507 -0.11168 0.35418 -0.19979 -0.092415 -0.61793 -0.29169 -0.018254
IServiceID	
getServiceName	
null	0.079432 -0.14054 -0.10462 -0.36259 -0.22721 -0.13612 0.74755 0.32809 0.54364 0.12091 -0.53579 -0.093852 -0.1253 0.0075018 0.54402 -0.51891 0.34596 1.3306 1.0153 0.31239 0.16274 -0.026524 0.73949 0.5574 1.1129 -0.44905 1.0968 0.73696 -0.44728 0.032219 1.1976 0.059368 -0.37853 -0.21233 0.1351 -0.34381 0.48377 0.017526 -0.46031 -0.77044 -0.85068 0.30327 0.11417 -0.25013 0.014417 -0.05347 -0.30477 0.40744 -1.4463 0.85099 0.66363 0.0049562 0.57099 0.27496 0.0087559 -0.84859 0.74672 0.51043 0.18724 -0.012529 -0.42562 -0.84412 -0.50242 0.016912 0.41224 0.25004 0.12519 0.56298 -1.0472 -1.0784 -0.88615 0.11577 0.85152 0.16019 0.83352 -0.38092 0.044191 0.22782 -0.38651 -0.019875 -0.89481 -0.35736 -0.48555 0.036485 -0.43308 0.16881 1.0746 0.095382 0.54107 -0.38136 -1.2123 0.51573 0.16573 0.67943 0.35327 0.17672 0.25803 0.068445 -1.2016 -0.20168
thorws	
ECFException	
JMDNSDiscovery	
Container	-0.53691 0.75403 -0.17696 -0.7852 0.60943 -0.37926 0.14557 0.3015 0.65837 0.75382 0.48499 0.16738 -0.0014981 0.20951 -0.13026 -0.52817 1.05 -0.022706 0.052769 -0.83676 0.20459 0.046919 -0.65499 -0.90565 0.66859 0.14865 -0.29753 -0.097838 -0.33528 0.19655 -0.65541 0.1225 0.20241 -0.48363 0.39642 0.43591 0.76766 0.35572 0.33537 -0.94622 0.38677 -1.9475 0.38365 -0.22641 1.2714 1.0482 -0.25872 0.1757 0.16909 0.19137 0.71686 0.30572 0.44394 0.99492 -0.39012 -0.32416 -0.51212 0.18436 1.9772 0.36626 -0.55893 -0.24723 -0.15982 0.37794 -0.43566 0.2984 0.06251 0.34564 0.17624 -0.45613 -0.48603 0.013189 1.3394 0.13604 0.11203 0.64447 0.61835 -0.64059 0.0018281 0.47992 0.67008 -0.18922 -0.62029 1.7233 -0.019753 -0.42511 0.78963 -0.88045 -0.32861 0.52335 0.24079 0.70806 -0.063399 -0.71556 0.59469 0.32397 0.2783 -0.19433 0.73652 -0.15364
register	0.022724 0.072249 -0.096909 -0.30193 0.41606 0.44422 -0.55163 0.14912 0.48287 0.27489 -0.40902 -0.24702 0.32014 -0.2558 -0.13283 0.25967 1.4471 0.84616 -0.54898 0.26006 -0.19843 0.015482 0.19849 -0.52174 -0.52512 -1.1471 -0.10159 -0.24913 0.65333 -0.64395 0.98285 0.26709 0.74557 0.43904 -0.0017574 -0.30134 0.16571 -0.62811 -0.50396 -0.21722 -0.076873 -0.59551 -0.2062 -0.23844 0.29885 -0.28123 0.11583 -0.72484 -0.28074 -0.7418 0.084328 -0.22073 0.51849 0.11847 -0.0054872 -1.1412 -0.046671 -0.98704 1.8908 0.026439 -0.48868 0.026058 -0.36654 0.1985 0.54201 0.47005 0.099684 0.50728 0.67637 -0.30299 -0.94232 0.51606 0.22922 -0.45383 0.21346 0.051042 0.064489 -0.16116 -0.5096 -0.71829 0.1038 -0.44912 -0.19171 0.37297 -0.042809 -0.60689 0.7256 -0.63191 -0.10903 0.4868 -0.69191 0.33459 0.40641 0.33571 -0.29977 0.23364 -0.033617 -0.60703 0.44836 -0.69531
Service	-0.4224 -0.13313 -0.41418 -0.23677 0.19041 -0.32738 -0.23698 0.57607 -0.072985 0.035825 0.31916 -0.33207 0.26005 0.29836 0.026027 -1.0519 1.4233 -0.28315 -0.75118 0.19966 -0.44334 -0.25169 0.12302 0.12018 0.48829 -0.29525 -0.095826 0.37184 0.046189 0.029206 0.12688 1.0816 -0.25109 -0.42187 0.22496 0.44294 -0.98031 -0.070257 0.2825 -0.069401 0.40148 -0.34647 -0.22201 -0.044113 0.62697 -0.035738 0.35029 -0.80169 0.4902 -0.30755 0.72715 0.19385 -0.066447 0.93629 -0.035545 -1.9468 0.3688 -0.32078 3.1815 0.70017 -0.1323 -0.32202 0.35374 -0.22017 -0.014307 -0.2664 -0.24965 -0.057606 1.3354 0.63444 -0.22013 -0.44862 0.1921 -0.61758 0.73737 0.19194 0.67979 0.49879 -0.96222 -0.85897 0.41978 -0.16459 0.50896 0.52286 -1.6638 -0.25474 -0.14021 -0.13866 -0.079462 -0.056038 0.30532 -0.15325 0.21708 0.14577 -0.6953 0.046071 0.48616 -0.070558 0.12285 0.434
IService	
Info	-0.81967 -0.14202 0.64741 -0.22681 0.38609 -0.24876 0.28191 0.07374 0.70674 -0.19251 0.73004 0.3058 -0.75384 -0.10823 0.84538 0.3327 0.4586 -0.80087 0.09843 0.7427 -0.21613 0.38471 -0.17723 -0.042832 0.084332 -0.31696 0.7437 0.11133 -0.33407 -1.048 -0.36389 0.11091 0.034798 0.60101 0.0060155 0.43675 -0.49149 0.17514 -0.1612 -0.66446 0.22403 -0.44384 -0.38457 -0.65139 -0.33222 0.13688 -0.79336 -0.051174 0.47453 -0.48177 0.69297 0.54589 0.31848 0.17299 -0.66149 0.037656 0.20465 0.46201 1.2042 0.26333 -0.27199 -0.016279 -0.3226 -0.33402 -0.031413 0.29674 -0.45425 -0.074244 0.72036 0.25769 -0.20008 -0.28028 0.40973 -0.40918 0.093852 0.45631 0.96696 0.070581 -0.49653 -0.20542 -0.14514 -0.47328 0.48238 -0.205 -0.75024 0.11511 0.096644 0.27384 -0.19544 0.4547 0.072944 0.8609 0.627 -0.44104 -0.31256 0.10746 0.8024 -0.55651 0.34254 0.29035
IService	
Service	-0.4224 -0.13313 -0.41418 -0.23677 0.19041 -0.32738 -0.23698 0.57607 -0.072985 0.035825 0.31916 -0.33207 0.26005 0.29836 0.026027 -1.0519 1.4233 -0.28315 -0.75118 0.19966 -0.44334 -0.25169 0.12302 0.12018 0.48829 -0.29525 -0.095826 0.37184 0.046189 0.029206 0.12688 1.0816 -0.25109 -0.42187 0.22496 0.44294 -0.98031 -0.070257 0.2825 -0.069401 0.40148 -0.34647 -0.22201 -0.044113 0.62697 -0.035738 0.35029 -0.80169 0.4902 -0.30755 0.72715 0.19385 -0.066447 0.93629 -0.035545 -1.9468 0.3688 -0.32078 3.1815 0.70017 -0.1323 -0.32202 0.35374 -0.22017 -0.014307 -0.2664 -0.24965 -0.057606 1.3354 0.63444 -0.22013 -0.44862 0.1921 -0.61758 0.73737 0.19194 0.67979 0.49879 -0.96222 -0.85897 0.41978 -0.16459 0.50896 0.52286 -1.6638 -0.25474 -0.14021 -0.13866 -0.079462 -0.056038 0.30532 -0.15325 0.21708 0.14577 -0.6953 0.046071 0.48616 -0.070558 0.12285 0.434

fall	0.3264 0.55822 0.25533 -0.10814 0.04654 -0.46577 -0.13963 0.15362 -0.23483 -0.42804 0.037924 0.22895 0.18672 0.23734 0.34996 0.037288 -0.46827 0.15487 -0.16487 0.11753 0.30809 -0.25441 0.30979 0.8051 -0.09219 -0.062635 -0.38575 -0.54978 0.3019 -0.54258 0.19739 -0.29 0.092703 -0.48055 -0.48191 0.72779 0.22876 -0.45603 0.037786 -0.32571 -0.42623 -0.058946 -0.52196 0.18801 0.14141 -0.20073 0.27084 -0.026134 0.13288 -1.4764 -0.056972 -0.32662 0.30494 0.76331 0.16788 -2.356 -0.37616 -0.011489 1.9827 0.36153 -0.22095 1.0825 -0.67676 0.096369 0.48564 0.20256 0.16667 -0.35918 0.13848 0.096536 0.13312 -0.069298 -0.69095 0.35564 -0.50851 -0.3494 -0.33562 0.45363 -0.28949 0.032191 0.17248 0.1475 -0.70217 -0.2028 -0.74759 -0.96593 -0.083909 -0.28699 0.11724 0.066832 0.21283 0.26471 -0.047237 0.49353 -0.80611 -0.20786 0.52783 0.21441 0.39197 -0.29477
hostname	0.09879 0.10314 0.065352 0.012658 -0.21951 0.084934 -0.28015 -0.22103 0.55222 0.14448 -0.46463 0.087255 0.085771 -0.23511 -0.55531 0.15194 -0.16321 0.080362 0.0087059 -0.13642 -0.58938 -0.68872 -0.38424 -0.16524 -0.16839 0.027408 0.1137 0.52622 0.047689 0.22177 0.27506 0.13768 0.70663 0.12656 0.24384 0.033437 -0.1964 -0.5587 0.070061 0.11562 0.19372 0.28184 0.45559 0.15737 0.067471 0.085656 -0.13394 0.22652 -0.27848 0.15631 -0.21285 0.035262 0.53601 -0.63936 0.26532 0.47978 -0.056596 0.21308 -0.0065922 -0.20753 -0.27285 -0.54654 -0.20804 -0.33649 0.070026 0.013936 -0.40584 -0.32451 -0.081563 -0.23387 -0.51181 0.14328 0.39034 -0.13976 0.18117 0.13619 -0.37311 -0.11492 0.36617 0.2934 -0.36933 -0.48687 0.035289 -0.28876 0.18021 0.13718 0.20826 0.0058166 0.40678 0.057912 -0.17696 0.26794 0.38322 -0.24589 0.77626 -0.10274 0.27241 -0.18493 -0.27121 -0.14969
jSLP	
SLP	0.52139 0.127 0.046115 -0.60845 -0.01143 0.27211 0.5522 0.25271 0.42015 -0.20223 0.41156 -0.43516 -0.19745 0.15978 -0.27517 0.017867 0.87186 -0.20784 1.1443 -0.40161 0.28419 -0.31612 0.16566 -0.42019 -0.4343 -0.62443 -0.18501 -0.51761 0.46687 -0.055516 0.078612 0.47728 -0.42536 0.24419 -0.42621 0.004874 0.31982 -0.039424 -0.06808 -0.018894 -0.85233 0.067464 -0.063671 -0.094546 0.10984 -0.17675 0.11915 0.027774 -0.15533 0.60624 0.052148 0.47639 0.00072967 -0.045335 0.13618 0.94072 0.11291 0.37325 -0.17736 -0.19768 -0.13193 -0.34807 0.078431 0.38326 0.12994 -0.0050873 -0.635 -0.3971 0.84503 0.14124 0.15704 0.28786 -0.30054 -0.074971 0.28519 -0.13317 -0.15416 -0.1559 -0.05641 -0.074842 -1.2723 -0.090207 0.00090552 0.014922 0.2092 -0.39129 0.26869 0.69167 0.056279 0.11337 0.58988 0.1022 -0.18355 0.36423 0.50292 -0.46725 0.33347 -0.19223 0.37374 0.087778

