Bug	-0.42404 -0.11038 0.94873 -0.71327 -0.19712 0.077077 0.96163 -0.35674 0.8292 -0.3676 0.15004 0.62746 0.091752 0.11142 -0.015791 0.84124 0.24467 0.023366 0.54286 -0.068057 -0.87995 -0.59202 0.18641 0.50787 0.55458 0.48448 -0.42383 0.22249 -0.8823 -0.041186 -0.049256 0.31483 0.25182 0.10876 0.45824 -0.12085 -0.96037 -0.69492 0.93473 -0.31937 -0.31673 0.24099 -0.3822 -0.72243 0.18017 0.62991 0.0030923 -0.36699 -0.21576 -0.1654 -0.55928 0.11278 -0.62944 0.56955 -0.59166 -0.92922 0.044769 0.32981 0.697 -0.13983 0.40377 1.7035 -0.68531 0.49846 0.29719 0.27865 -0.18668 -0.93605 0.66117 0.01478 -0.30582 -0.4491 -0.44983 -0.39544 -0.37577 -0.18869 0.06883 -0.04811 -0.33131 1.0204 0.32457 -0.88047 0.018825 -0.303 -0.88685 0.35682 -0.3993 -0.10512 -0.86557 0.37554 0.48771 -0.28133 0.12722 -0.56959 0.33936 0.40162 0.1109 -0.20506 0.18093 -0.23185
Discovery	0.34337 -0.27651 0.33636 0.23632 0.25876 -1.2831 0.8333 0.5898 -0.3791 -0.29536 0.44975 0.54646 0.046485 -0.017807 0.25433 -0.17372 0.515 0.53467 0.032733 0.49972 -0.19901 -0.48654 -0.5288 -0.022969 0.59665 0.63077 0.45882 0.87033 0.04843 0.10903 -0.41144 0.041026 -0.7233 0.33839 0.0056286 -0.47036 -0.20442 0.10609 0.072606 -0.20987 -0.7667 -0.11768 -0.027464 -0.17615 0.14185 0.3023 0.35135 0.35321 0.20711 0.21116 0.77687 0.27396 -0.022626 0.61452 -0.27494 -1.9016 -0.71813 -0.12122 1.7234 0.24471 -0.32965 1.2178 1.0942 -0.034905 1.0973 0.13037 -0.37963 -0.16683 0.29089 -0.17066 0.089296 0.54623 0.23434 0.23912 -0.23306 -0.050247 0.54391 -0.23618 -1.3205 0.30575 0.076841 0.43588 0.19595 0.32999 -0.74385 -0.2582 0.8216 0.014442 -0.65381 -0.19416 0.18694 0.064508 0.30964 0.32519 0.011293 -0.19846 -0.26515 -0.72957 -0.25692 0.22301
JMDNS	
JMDNS	
exchanges	0.41384 0.38931 -0.97458 0.77733 0.3886 -0.4566 -0.068443 -0.40321 0.17701 -0.33431 -0.84335 -0.7545 1.1696 0.26166 0.22407 0.29193 -0.57077 -0.73816 -0.78298 -0.49124 0.52865 -0.064195 -0.32968 0.13933 -0.27045 -0.8609 -0.031675 0.29533 -0.29012 -0.17824 -0.91591 0.55091 -0.20624 0.096965 0.44236 -0.42861 0.48364 -0.90955 -0.88005 0.083986 -0.0065372 -1.3585 -0.64445 -0.25093 -0.1547 0.24687 -0.3124 -0.01078 0.70967 -1.0065 -0.050168 0.46812 -0.27482 0.73645 0.20532 -0.45816 0.64801 -0.62365 1.5713 0.71602 -0.82584 0.31964 -0.48568 0.37494 -0.51272 0.2538 0.50687 0.41208 1.223 -0.098315 0.15449 -0.56844 0.95983 -0.8088 -0.48526 0.18869 0.0036092 -0.31811 -0.95614 -0.20601 1.1298 0.50603 0.82137 -0.030311 -1.3668 0.25611 -0.47023 0.22738 0.16296 -0.41251 0.17094 0.73668 -0.46492 0.17565 -0.21408 0.89449 0.18642 -0.29014 -0.14075 0.89025
priority	-0.24412 0.16592 0.6174 0.281 0.42735 -1.0217 -0.45756 -0.41158 0.65309 0.28236 -0.12053 -0.19073 -0.1462 -0.11055 -0.91804 -0.60768 0.19541 0.084554 -0.32134 -0.26077 -0.33391 0.029659 -0.44521 -0.0098981 -0.050462 0.059494 0.365 0.077902 -0.58449 -0.29834 0.043539 0.028962 0.69456 0.49236 0.18495 0.64399 -0.46429 -0.021968 -0.24997 0.39676 -0.20829 -0.20263 1.1196 -0.2501 0.23251 0.1222 -0.058005 0.054402 -0.65462 -0.4644 0.13863 -0.20295 -1.0042 1.2835 0.018823 -1.2327 0.70657 -0.28143 1.6353 0.15053 -0.30018 -0.30496 -0.36393 -0.25347 0.95461 0.47811 -0.48642 0.33262 0.72404 -0.28625 0.26355 -0.79881 -0.079092 -0.086064 0.81176 0.22983 -0.82014 0.25779 -0.43379 -0.56259 0.35465 -0.20843 -0.32467 -0.35447 -1.0771 0.36402 -0.19231 -0.13329 -0.59131 -0.27138 -0.59752 -0.02821 0.22992 0.1668 -0.54036 0.23735 0.35613 -0.28828 0.38763 0.15978
weight	0.049391 0.57841 0.042613 0.15402 -1.1793 -0.049339 -0.31698 -0.034714 -0.65362 0.54661 0.40948 -0.091543 0.075315 -0.30509 0.11866 -0.1482 -0.76319 0.41971 0.12254 -0.62683 0.25998 0.026288 -0.47645 0.044146 0.38156 0.65086 -0.3247 -0.97131 0.092772 0.49102 0.35501 -0.082857 -0.24402 -0.18778 -0.094213 0.062297 0.64977 1.1433 -0.54318 0.56565 0.10298 -0.69154 -0.025361 -1.2587 -0.27075 0.033644 -0.13208 -0.27943 -0.89206 -0.31943 0.47652 -0.031928 -0.022359 1.5557 0.91262 -1.7721 -0.045665 -0.13823 1.4084 0.41112 0.71446 0.29048 -0.16477 0.84665 0.28403 0.3288 -0.0077739 -0.54344 0.33345 -0.056057 -0.095873 -0.36661 0.50238 1.273 0.25768 0.30544 -0.72644 -0.60304 -0.29277 -0.0060451 -0.25647 -0.31702 -0.47089 -0.42947 -0.91459 -0.56394 0.34339 -0.58674 -0.82687 0.25375 -0.40586 0.11072 0.53778 -0.14829 -0.079888 -0.40473 -0.087451 -0.7775 1.2621 0.38193

JMDNS	
exchanges	0.41384 0.38931 -0.97458 0.77733 0.3886 -0.4566 -0.068443 -0.40321 0.17701 -0.33431 -0.84335 -0.7545 1.1696 0.26166 0.22407 0.29193 -0.57077 -0.73816 -0.78298 -0.49124 0.52865 -0.064195 -0.32968 0.13933 -0.27045 -0.8609 -0.031675 0.29533 -0.29012 -0.17824 -0.91591 0.55091 -0.20624 0.096965 0.44236 -0.42861 0.48364 -0.90955 -0.88005 0.083986 -0.0065372 -1.3585 -0.64445 -0.25093 -0.1547 0.24687 -0.3124 -0.01078 0.70967 -1.0065 -0.050168 0.46812 -0.27482 0.73645 0.20532 -0.45816 0.64801 -0.62365 1.5713 0.71602 -0.82584 0.31964 -0.48568 0.37494 -0.51272 0.2538 0.50687 0.41208 1.223 -0.098315 0.15449 -0.56844 0.95983 -0.8088 -0.48526 0.18869 0.0036092 -0.31811 -0.95614 -0.20601 1.1298 0.50603 0.82137 -0.030311 -1.3668 0.25611 -0.47023 0.22738 0.16296 -0.41251 0.17094 0.73668 -0.46492 0.17565 -0.21408 0.89449 0.18642 -0.29014 -0.14075 0.89025
priority	-0.24412 0.16592 0.6174 0.281 0.42735 -1.0217 -0.45756 -0.41158 0.65309 0.28236 -0.12053 -0.19073 -0.1462 -0.11055 -0.91804 -0.60768 0.19541 0.084554 -0.32134 -0.26077 -0.33391 0.029659 -0.44521 -0.0098981 -0.050462 0.059494 0.365 0.077902 -0.58449 -0.29834 0.043539 0.028962 0.69456 0.49236 0.18495 0.64399 -0.46429 -0.021968 -0.24997 0.39676 -0.20829 -0.20263 1.1196 -0.2501 0.23251 0.1222 -0.058005 0.054402 -0.65462 -0.4644 0.13863 -0.20295 -1.0042 1.2835 0.018823 -1.2327 0.70657 -0.28143 1.6353 0.15053 -0.30018 -0.30496 -0.36393 -0.25347 0.95461 0.47811 -0.48642 0.33262 0.72404 -0.28625 0.26355 -0.79881 -0.079092 -0.086064 0.81176 0.22983 -0.82014 0.25779 -0.43379 -0.56259 0.35465 -0.20843 -0.32467 -0.35447 -1.0771 0.36402 -0.19231 -0.13329 -0.59131 -0.27138 -0.59752 -0.02821 0.22992 0.1668 -0.54036 0.23735 0.35613 -0.28828 0.38763 0.15978
weight	0.049391 0.57841 0.042613 0.15402 -1.1793 -0.049339 -0.31698 -0.034714 -0.65362 0.54661 0.40948 -0.091543 0.075315 -0.30509 0.11866 -0.1482 -0.76319 0.41971 0.12254 -0.62683 0.25998 0.026288 -0.47645 0.044146 0.38156 0.65086 -0.3247 -0.97131 0.092772 0.49102 0.35501 -0.082857 -0.24402 -0.18778 -0.094213 0.062297 0.64977 1.1433 -0.54318 0.56565 0.10298 -0.69154 -0.025361 -1.2587 -0.27075 0.033644 -0.13208 -0.27943 -0.89206 -0.31943 0.47652 -0.031928 -0.022359 1.5557 0.91262 -1.7721 -0.045665 -0.13823 1.4084 0.41112 0.71446 0.29048 -0.16477 0.84665 0.28403 0.3288 -0.0077739 -0.54344 0.33345 -0.056057 -0.095873 -0.36661 0.50238 1.273 0.25768 0.30544 -0.72644 -0.60304 -0.29277 -0.0060451 -0.25647 -0.31702 -0.47089 -0.42947 -0.91459 -0.56394 0.34339 -0.58674 -0.82687 0.25375 -0.40586 0.11072 0.53778 -0.14829 -0.079888 -0.40473 -0.087451 -0.7775 1.2621 0.38193
org	-0.26016 -0.24664 0.218 -0.73062 -0.50396 0.53169 0.4634 -0.79583 0.65105 0.25617 0.94791 0.12506 0.71909 -0.16892 -0.16093 -0.24011 -0.076525 -0.23074 -0.049874 0.10632 -0.66776 0.35589 -0.39664 0.95125 0.17833 -0.10628 -0.013394 0.035961 0.079702 -1.3671 0.3305 0.76399 0.20854 0.89747 -0.25148 0.35534 -0.59125 0.22705 0.37938 -0.3528 0.010821 0.3049 -0.47934 0.28821 -0.077966 -0.0071496 -0.90188 0.34372 -0.539 1.0514 -0.24736 0.20956 -0.48592 -0.24934 -0.93457 -0.018738 0.4496 -0.57942 0.61226 0.83221 -0.073551 -0.1034 -0.046832 0.22416 0.083962 0.60766 0.28838 -0.14934 1.5167 -0.61933 0.39935 0.046438 -0.027113 -0.70042 -0.87339 -0.83821 0.0071577 -0.21938 0.11917 0.10178 0.024923 -1.1276 0.84177 0.365 0.40846 -0.011416 0.30357 -0.75461 0.35679 -0.042457 -0.70667 0.61659 0.68887 -0.2262 0.79291 0.12872 -0.25784 -0.2739 -0.3374 -0.14162
eclipse	-0.44309 0.14926 0.16649 0.42149 0.32457 -0.50745 0.99023 0.30442 -0.65309 -0.30448 0.28135 0.88885 0.68952 -0.94606 0.12771 -0.91705 1.0058 0.85728 0.8919 0.31291 0.084716 -1.1712 -0.46261 0.45815 1.3201 0.47897 0.27511 0.47025 -0.072981 -0.94041 -0.0015042 -0.20956 -0.11596 0.58161 -0.068764 0.19159 -0.19694 0.46838 -0.54513 0.083056 -0.62959 0.5083 -0.32024 -0.3328 -0.15892 -0.46357 0.71919 -0.56694 0.048712 -0.62023 -0.2425 -0.12787 -0.27382 0.080261 0.5803 -0.72875 -0.10715 1.0093 1.006 0.054757 -0.15775 1.1195 -0.021656 0.23757 0.59771 0.73702 -0.43183 -0.48263 -0.097095 -0.28765 0.024169 0.38842 0.032271 -0.10979 -0.45319 -0.42803 0.29235 -0.15962 -0.41953 -0.81562 0.26624 -0.07087 0.13718 0.77952 0.52504 -0.049254 0.082511 -0.17853 1.2107 -0.3381 0.12814 -0.06077 0.024663 -0.32214 0.13661 0.01612 -0.16721 0.044676 0.139 -0.10406
ecf	0.92241 0.25026 0.368 -0.16876 -0.42382 -0.10159 -0.15052 0.40125 0.25925 -0.075593 0.80956 -0.49086 0.14355 -0.21824 -0.42105 0.4402 0.01971 -0.29317 0.2513 -0.20935 -0.66566 -0.21379 -0.47933 0.52001 0.0017313 -0.34217 0.23075 0.21632 0.24805 0.19329 -0.10381 0.16824 -0.33773 -0.23868 0.015766 0.037786 0.074741 0.11223 0.11584 0.31585 -0.041 -0.025461 -0.56713 -0.57671 0.11001 0.086437 0.027286 -0.13753 0.031502 0.25515 0.16601 0.14941 -0.32034 0.0069669 -0.2045 0.69044 0.28147 -0.11549 -0.085631 -0.15553 0.24356 -0.21708 0.11594 0.35585 0.16892 0.040684 0.014436 -0.40769 0.43649 -0.64988 0.20181 0.3036 -0.32399 0.56598 -0.18315 -0.35637 0.13564 -0.28322 0.44503 0.15297 -0.71756 -0.18865 -0.019813 0.10758 0.4565 0.63457 0.37977 -0.012756 0.12002 0.45417 0.16809 -0.093744 -0.33039 -0.18538 1.079 -0.52212 0.1055 -0.1803 -0.33034 0.22611
provider	0.0022764 0.26479 0.1703 0.50638 0.57631 -0.48466 0.055652 -0.54789 0.45525 0.094548 0.74295 -0.38491 0.11749 -0.30322 0.087666 -0.81407 0.94866 -0.049092 0.066588 0.19485 -1.3585 0.13925 0.10104 0.6122 0.025996 -0.053153 0.16135 0.64054 -0.74201 0.36786 0.15079 1.2346 0.44818 -0.19024 0.67833 0.24441 -0.52346 0.4165 0.43833 -0.47026 0.96764 0.67708 -0.2485 -0.25189 -0.45784 0.24442 0.070139 0.41653 0.22168 0.070592 0.084441 0.99922 0.22685 0.28157 -0.037388 -0.97693 -0.42245 -0.2795 2.1369 0.38021 0.62068 -1.6305 0.2643 -0.45119 0.25876 0.20507 -0.0099179 -0.19515 0.91524 0.34437 -0.36959 -0.12761 -0.10356 -0.22986 0.68916 -0.2412 0.19071 -0.59127 -0.26969 -0.74578 0.83826 -0.13334 -0.3311 0.64688 -1.1793 -0.42188 0.27776 0.57307 0.1454 -0.0031298 0.13553 0.40172 0.30925 -0.22234 -0.35368 0.84119 1.0288 -0.093064 0.61322 0.19764
jmdns	
container	-0.53691 0.75403 -0.17696 -0.7852 0.60943 -0.37926 0.14557 0.3015 0.65837 0.75382 0.48499 0.16738 -0.0014981 0.20951 -0.13026 -0.52817 1.05 -0.022706 0.052769 -0.83676 0.20459 0.046919 -0.65499 -0.90565 0.66859 0.14865 -0.29753 -0.097838 -0.33528 0.19655 -0.65541 0.1225 0.20241 -0.48363 0.39642 0.43591 0.76766 0.35572 0.33537 -0.94622 0.38677 -1.9475 0.38365 -0.22641 1.2714 1.0482 -0.25872 0.1757 0.16909 0.19137 0.71686 0.30572 0.44394 0.99492 -0.39012 -0.32416 -0.51212 0.18436 1.9772 0.36626 -0.55893 -0.24723 -0.15982 0.37794 -0.43566 0.2984 0.06251 0.34564 0.17624 -0.45613 -0.48603 0.013189 1.3394 0.13604 0.11203 0.64447 0.61835 -0.64059 0.0018281 0.47992 0.67008 -0.18922 -0.62029 1.7233 -0.019753 -0.42511 0.78963 -0.88045 -0.32861 0.52335 0.24079 0.70806 -0.063399 -0.71556 0.59469 0.32397 0.2783 -0.19433 0.73652 -0.15364
JMDNSDiscoveryContainer	
createServiceInfoFromIServiceInfo	
IServiceInfo	
JMDNSDiscovery	
Container	-0.53691 0.75403 -0.17696 -0.7852 0.60943 -0.37926 0.14557 0.3015 0.65837 0.75382 0.48499 0.16738 -0.0014981 0.20951 -0.13026 -0.52817 1.05 -0.022706 0.052769 -0.83676 0.20459 0.046919 -0.65499 -0.90565 0.66859 0.14865 -0.29753 -0.097838 -0.33528 0.19655 -0.65541 0.1225 0.20241 -0.48363 0.39642 0.43591 0.76766 0.35572 0.33537 -0.94622 0.38677 -1.9475 0.38365 -0.22641 1.2714 1.0482 -0.25872 0.1757 0.16909 0.19137 0.71686 0.30572 0.44394 0.99492 -0.39012 -0.32416 -0.51212 0.18436 1.9772 0.36626 -0.55893 -0.24723 -0.15982 0.37794 -0.43566 0.2984 0.06251 0.34564 0.17624 -0.45613 -0.48603 0.013189 1.3394 0.13604 0.11203 0.64447 0.61835 -0.64059 0.0018281 0.47992 0.67008 -0.18922 -0.62029 1.7233 -0.019753 -0.42511 0.78963 -0.88045 -0.32861 0.52335 0.24079 0.70806 -0.063399 -0.71556 0.59469 0.32397 0.2783 -0.19433 0.73652 -0.15364
create	-0.26383 0.26373 -0.34955 0.083314 0.90819 -0.048935 -0.45747 -0.22535 0.30465 0.33276 -0.4685 -0.21108 -0.18969 -0.61031 -0.048294 -0.11973 0.42292 0.5067 -0.32303 0.1661 -0.015954 -0.48184 0.46411 -0.56109 -0.27748 -0.65359 -0.17535 -0.28018 -0.15452 -0.43765 -0.18374 0.76467 -0.52114 -0.58212 0.2433 -0.29428 0.49694 -0.34083 -0.26909 -0.090634 -0.10362 -0.016322 -0.79197 -0.6805 -0.25711 0.22994 0.074819 0.18185 -0.39566 -0.64057 -0.55135 -0.10861 -0.25924 0.77428 0.4059 -2.8124 0.54481 -0.11613 1.5227 0.19011 0.03108 0.89708 -0.22949 -0.073137 0.96343 0.00042938 0.33437 0.20522 0.35985 -0.93257 0.73966 -0.17801 -0.38467 -0.43444 0.43006 0.048868 -0.078963 -0.073633 -0.65398 0.40146 0.62592 -0.029576 -0.33386 0.34614 -1.1142 0.68437 0.56213 0.17745 -0.0098425 0.11455 0.35228 0.080023 -0.2583 -0.99062 0.16343 -0.47097 -0.062209 -0.66947 0.59345 0.15684
Service	-0.4224 -0.13313 -0.41418 -0.23677 0.19041 -0.32738 -0.23698 0.57607 -0.072985 0.035825 0.31916 -0.33207 0.26005 0.29836 0.026027 -1.0519 1.4233 -0.28315 -0.75118 0.19966 -0.44334 -0.25169 0.12302 0.12018 0.48829 -0.29525 -0.095826 0.37184 0.046189 0.029206 0.12688 1.0816 -0.25109 -0.42187 0.22496 0.44294 -0.98031 -0.070257 0.2825 -0.069401 0.40148 -0.34647 -0.22201 -0.044113 0.62697 -0.035738 0.35029 -0.80169 0.4902 -0.30755 0.72715 0.19385 -0.066447 0.93629 -0.035545 -1.9468 0.3688 -0.32078 3.1815 0.70017 -0.1323 -0.32202 0.35374 -0.22017 -0.014307 -0.2664 -0.24965 -0.057606 1.3354 0.63444 -0.22013 -0.44862 0.1921 -0.61758 0.73737 0.19194 0.67979 0.49879 -0.96222 -0.85897 0.41978 -0.16459 0.50896 0.52286 -1.6638 -0.25474 -0.14021 -0.13866 -0.079462 -0.056038 0.30532 -0.15325 0.21708 0.14577 -0.6953 0.046071 0.48616 -0.070558 0.12285 0.434
Info	-0.81967 -0.14202 0.64741 -0.22681 0.38609 -0.24876 0.28191 0.07374 0.70674 -0.19251 0.73004 0.3058 -0.75384 -0.10823 0.84538 0.3327 0.4586 -0.80087 0.09843 0.7427 -0.21613 0.38471 -0.17723 -0.042832 0.084332 -0.31696 0.7437 0.11133 -0.33407 -1.048 -0.36389 0.11091 0.034798 0.60101 0.0060155 0.43675 -0.49149 0.17514 -0.1612 -0.66446 0.22403 -0.44384 -0.38457 -0.65139 -0.33222 0.13688 -0.79336 -0.051174 0.47453 -0.48177 0.69297 0.54589 0.31848 0.17299 -0.66149 0.037656 0.20465 0.46201 1.2042 0.26333 -0.27199 -0.016279 -0.3226 -0.33402 -0.031413 0.29674 -0.45425 -0.074244 0.72036 0.25769 -0.20008 -0.28028 0.40973 -0.40918 0.093852 0.45631 0.96696 0.070581 -0.49653 -0.20542 -0.14514 -0.47328 0.48238 -0.205 -0.75024 0.11511 0.096644 0.27384 -0.19544 0.4547 0.072944 0.8609 0.627 -0.44104 -0.31256 0.10746 0.8024 -0.55651 0.34254 0.29035
IService	
Info	-0.81967 -0.14202 0.64741 -0.22681 0.38609 -0.24876 0.28191 0.07374 0.70674 -0.19251 0.73004 0.3058 -0.75384 -0.10823 0.84538 0.3327 0.4586 -0.80087 0.09843 0.7427 -0.21613 0.38471 -0.17723 -0.042832 0.084332 -0.31696 0.7437 0.11133 -0.33407 -1.048 -0.36389 0.11091 0.034798 0.60101 0.0060155 0.43675 -0.49149 0.17514 -0.1612 -0.66446 0.22403 -0.44384 -0.38457 -0.65139 -0.33222 0.13688 -0.79336 -0.051174 0.47453 -0.48177 0.69297 0.54589 0.31848 0.17299 -0.66149 0.037656 0.20465 0.46201 1.2042 0.26333 -0.27199 -0.016279 -0.3226 -0.33402 -0.031413 0.29674 -0.45425 -0.074244 0.72036 0.25769 -0.20008 -0.28028 0.40973 -0.40918 0.093852 0.45631 0.96696 0.070581 -0.49653 -0.20542 -0.14514 -0.47328 0.48238 -0.205 -0.75024 0.11511 0.096644 0.27384 -0.19544 0.4547 0.072944 0.8609 0.627 -0.44104 -0.31256 0.10746 0.8024 -0.55651 0.34254 0.29035
IService	
Info	-0.81967 -0.14202 0.64741 -0.22681 0.38609 -0.24876 0.28191 0.07374 0.70674 -0.19251 0.73004 0.3058 -0.75384 -0.10823 0.84538 0.3327 0.4586 -0.80087 0.09843 0.7427 -0.21613 0.38471 -0.17723 -0.042832 0.084332 -0.31696 0.7437 0.11133 -0.33407 -1.048 -0.36389 0.11091 0.034798 0.60101 0.0060155 0.43675 -0.49149 0.17514 -0.1612 -0.66446 0.22403 -0.44384 -0.38457 -0.65139 -0.33222 0.13688 -0.79336 -0.051174 0.47453 -0.48177 0.69297 0.54589 0.31848 0.17299 -0.66149 0.037656 0.20465 0.46201 1.2042 0.26333 -0.27199 -0.016279 -0.3226 -0.33402 -0.031413 0.29674 -0.45425 -0.074244 0.72036 0.25769 -0.20008 -0.28028 0.40973 -0.40918 0.093852 0.45631 0.96696 0.070581 -0.49653 -0.20542 -0.14514 -0.47328 0.48238 -0.205 -0.75024 0.11511 0.096644 0.27384 -0.19544 0.4547 0.072944 0.8609 0.627 -0.44104 -0.31256 0.10746 0.8024 -0.55651 0.34254 0.29035

