Bug	-0.42404 -0.11038 0.94873 -0.71327 -0.19712 0.077077 0.96163 -0.35674 0.8292 -0.3676 0.15004 0.62746 0.091752 0.11142 -0.015791 0.84124 0.24467 0.023366 0.54286 -0.068057 -0.87995 -0.59202 0.18641 0.50787 0.55458 0.48448 -0.42383 0.22249 -0.8823 -0.041186 -0.049256 0.31483 0.25182 0.10876 0.45824 -0.12085 -0.96037 -0.69492 0.93473 -0.31937 -0.31673 0.24099 -0.3822 -0.72243 0.18017 0.62991 0.0030923 -0.36699 -0.21576 -0.1654 -0.55928 0.11278 -0.62944 0.56955 -0.59166 -0.92922 0.044769 0.32981 0.697 -0.13983 0.40377 1.7035 -0.68531 0.49846 0.29719 0.27865 -0.18668 -0.93605 0.66117 0.01478 -0.30582 -0.4491 -0.44983 -0.39544 -0.37577 -0.18869 0.06883 -0.04811 -0.33131 1.0204 0.32457 -0.88047 0.018825 -0.303 -0.88685 0.35682 -0.3993 -0.10512 -0.86557 0.37554 0.48771 -0.28133 0.12722 -0.56959 0.33936 0.40162 0.1109 -0.20506 0.18093 -0.23185
Discovery	0.34337 -0.27651 0.33636 0.23632 0.25876 -1.2831 0.8333 0.5898 -0.3791 -0.29536 0.44975 0.54646 0.046485 -0.017807 0.25433 -0.17372 0.515 0.53467 0.032733 0.49972 -0.19901 -0.48654 -0.5288 -0.022969 0.59665 0.63077 0.45882 0.87033 0.04843 0.10903 -0.41144 0.041026 -0.7233 0.33839 0.0056286 -0.47036 -0.20442 0.10609 0.072606 -0.20987 -0.7667 -0.11768 -0.027464 -0.17615 0.14185 0.3023 0.35135 0.35321 0.20711 0.21116 0.77687 0.27396 -0.022626 0.61452 -0.27494 -1.9016 -0.71813 -0.12122 1.7234 0.24471 -0.32965 1.2178 1.0942 -0.034905 1.0973 0.13037 -0.37963 -0.16683 0.29089 -0.17066 0.089296 0.54623 0.23434 0.23912 -0.23306 -0.050247 0.54391 -0.23618 -1.3205 0.30575 0.076841 0.43588 0.19595 0.32999 -0.74385 -0.2582 0.8216 0.014442 -0.65381 -0.19416 0.18694 0.064508 0.30964 0.32519 0.011293 -0.19846 -0.26515 -0.72957 -0.25692 0.22301
SLP	0.52139 0.127 0.046115 -0.60845 -0.01143 0.27211 0.5522 0.25271 0.42015 -0.20223 0.41156 -0.43516 -0.19745 0.15978 -0.27517 0.017867 0.87186 -0.20784 1.1443 -0.40161 0.28419 -0.31612 0.16566 -0.42019 -0.4343 -0.62443 -0.18501 -0.51761 0.46687 -0.055516 0.078612 0.47728 -0.42536 0.24419 -0.42621 0.004874 0.31982 -0.039424 -0.06808 -0.018894 -0.85233 0.067464 -0.063671 -0.094546 0.10984 -0.17675 0.11915 0.027774 -0.15533 0.60624 0.052148 0.47639 0.00072967 -0.045335 0.13618 0.94072 0.11291 0.37325 -0.17736 -0.19768 -0.13193 -0.34807 0.078431 0.38326 0.12994 -0.0050873 -0.635 -0.3971 0.84503 0.14124 0.15704 0.28786 -0.30054 -0.074971 0.28519 -0.13317 -0.15416 -0.1559 -0.05641 -0.074842 -1.2723 -0.090207 0.00090552 0.014922 0.2092 -0.39129 0.26869 0.69167 0.056279 0.11337 0.58988 0.1022 -0.18355 0.36423 0.50292 -0.46725 0.33347 -0.19223 0.37374 0.087778
JSLPServiceInfo	
IServiceInfo	
doesn	-0.075346 0.50042 0.45245 0.048517 -0.99522 -0.8406 -0.10024 -0.12412 -0.126 0.2924 -0.49251 0.48568 -0.06843 -0.2977 -0.69803 0.4889 -0.69276 0.38626 0.42431 0.38636 0.086708 0.25188 0.31386 -0.096433 -0.10208 0.92521 -0.40983 -0.3771 0.068063 -1.2892 0.46452 0.90315 -0.31432 -0.050751 -0.42146 0.31079 -0.34049 -0.11195 0.26621 0.55499 0.63064 0.00165 0.10294 -0.35382 -0.71996 -0.21499 -0.35604 0.74262 0.61708 -0.059028 0.022778 0.35284 -0.090742 0.043318 -0.98507 0.45995 -0.083842 -0.15069 -0.33498 -0.23196 -0.37532 -0.21648 -0.38948 -1.2032 0.13256 0.96576 0.47387 -0.27188 -0.88489 0.12617 0.59053 -0.11304 -0.6367 -0.2842 0.3245 -0.56001 0.38458 0.32444 0.28271 -0.40025 0.1637 -1.0688 -0.10139 -0.91038 -0.65492 0.094751 -0.15581 -0.17004 0.097478 0.83581 -0.36558 0.045711 -0.022095 -0.35157 0.90728 -0.16028 0.65119 -0.19781 -0.68103 0.55058
throw	0.28714 0.18645 0.11928 -0.60942 -0.8362 0.36717 -0.43402 -0.31614 -0.45435 0.10655 0.55413 0.36961 -0.14833 0.35234 -0.10849 0.24447 -0.48628 1.2228 -0.89791 -0.04093 0.40597 0.18107 0.12867 -0.099356 0.35111 0.18938 -1.0414 -0.38033 0.78081 -0.27899 -0.20924 0.60124 0.48745 0.10357 0.30439 -0.52294 -0.45195 0.10651 -0.14146 0.35586 -0.35463 -0.091452 -0.082525 -1.2279 -0.76128 -0.486 -0.10581 -0.39742 -0.57006 -0.58227 -0.065873 0.77913 0.088427 0.66186 -0.13186 -1.8943 -0.19344 0.61207 1.2846 0.48151 -0.31764 0.50761 -0.50053 0.56686 0.16712 -0.56751 0.71929 -0.40803 -0.66984 -0.48078 -0.40095 0.12559 -0.050239 0.1562 0.1925 0.59498 -0.75382 -0.016137 0.59435 0.37158 0.44248 0.49286 -0.85108 -0.77917 -0.38332 -0.49873 0.58688 0.2806 0.36538 0.023646 0.28806 -0.071067 -0.3486 -0.69111 0.057745 -0.5159 -0.23297 0.85418 0.41275 0.38107
SecurityException	
JSLPService	
Info	-0.81967 -0.14202 0.64741 -0.22681 0.38609 -0.24876 0.28191 0.07374 0.70674 -0.19251 0.73004 0.3058 -0.75384 -0.10823 0.84538 0.3327 0.4586 -0.80087 0.09843 0.7427 -0.21613 0.38471 -0.17723 -0.042832 0.084332 -0.31696 0.7437 0.11133 -0.33407 -1.048 -0.36389 0.11091 0.034798 0.60101 0.0060155 0.43675 -0.49149 0.17514 -0.1612 -0.66446 0.22403 -0.44384 -0.38457 -0.65139 -0.33222 0.13688 -0.79336 -0.051174 0.47453 -0.48177 0.69297 0.54589 0.31848 0.17299 -0.66149 0.037656 0.20465 0.46201 1.2042 0.26333 -0.27199 -0.016279 -0.3226 -0.33402 -0.031413 0.29674 -0.45425 -0.074244 0.72036 0.25769 -0.20008 -0.28028 0.40973 -0.40918 0.093852 0.45631 0.96696 0.070581 -0.49653 -0.20542 -0.14514 -0.47328 0.48238 -0.205 -0.75024 0.11511 0.096644 0.27384 -0.19544 0.4547 0.072944 0.8609 0.627 -0.44104 -0.31256 0.10746 0.8024 -0.55651 0.34254 0.29035
IService	
Info	-0.81967 -0.14202 0.64741 -0.22681 0.38609 -0.24876 0.28191 0.07374 0.70674 -0.19251 0.73004 0.3058 -0.75384 -0.10823 0.84538 0.3327 0.4586 -0.80087 0.09843 0.7427 -0.21613 0.38471 -0.17723 -0.042832 0.084332 -0.31696 0.7437 0.11133 -0.33407 -1.048 -0.36389 0.11091 0.034798 0.60101 0.0060155 0.43675 -0.49149 0.17514 -0.1612 -0.66446 0.22403 -0.44384 -0.38457 -0.65139 -0.33222 0.13688 -0.79336 -0.051174 0.47453 -0.48177 0.69297 0.54589 0.31848 0.17299 -0.66149 0.037656 0.20465 0.46201 1.2042 0.26333 -0.27199 -0.016279 -0.3226 -0.33402 -0.031413 0.29674 -0.45425 -0.074244 0.72036 0.25769 -0.20008 -0.28028 0.40973 -0.40918 0.093852 0.45631 0.96696 0.070581 -0.49653 -0.20542 -0.14514 -0.47328 0.48238 -0.205 -0.75024 0.11511 0.096644 0.27384 -0.19544 0.4547 0.072944 0.8609 0.627 -0.44104 -0.31256 0.10746 0.8024 -0.55651 0.34254 0.29035
Security	-0.54812 -0.59526 0.51106 -0.28236 0.042281 0.0098602 -0.81804 0.31707 0.72298 0.65932 -0.011503 -0.15633 0.40415 0.33654 -0.19118 0.22318 0.47275 -0.37604 -1.4368 -0.70577 0.0018936 -0.78053 0.35409 -0.39263 -0.31086 -0.4895 -0.042803 -0.36605 -0.43291 0.11099 0.13172 -0.14052 -0.5033 0.30447 0.2781 -0.035067 -0.16576 0.51028 0.39634 0.43908 -0.21582 -0.58404 1.1359 0.4934 0.35553 -0.21484 -0.27747 0.31142 -0.72995 -0.72453 0.67625 -0.20535 -0.35954 1.7725 -0.017912 -2.3846 0.88889 -0.51865 1.8868 0.43222 -0.26865 -0.080824 -0.27343 -0.31773 0.47822 0.17027 -0.20541 0.38748 0.88872 0.61151 0.48762 -0.86307 -0.21343 -0.93353 0.20169 0.11287 0.22997 0.35405 -1.0584 0.28047 1.7728 -0.18948 0.41384 -0.0099218 -1.483 0.67675 0.63901 0.16577 -0.2538 -0.46696 0.49387 0.068447 -0.28346 -0.12219 -0.57999 0.99332 0.52901 0.044368 0.35067 0.53382
Exception	0.018977 0.20343 0.51521 -0.10723 0.18065 0.12331 -0.15804 0.11424 0.03167 -0.64671 -0.010638 -0.43316 0.19038 0.17583 0.035071 -0.027728 0.2262 0.14682 -0.18915 0.47476 0.33566 0.27888 -0.21996 0.10146 0.28032 -0.3842 0.18258 -0.50839 -0.35652 -0.33523 0.17786 0.11341 -0.036747 -0.23953 -0.088431 0.46591 0.19665 -0.0027544 -0.013453 -0.25648 0.087086 0.1118 0.4933 0.1239 0.25282 -0.10723 0.81902 -0.10497 -0.69268 -0.5915 0.43756 0.19418 0.22259 0.37208 -0.037613 -1.2992 0.020897 -0.40147 1.2586 0.15621 -0.49972 -0.085182 0.065586 0.27406 1.0264 -0.54902 0.13317 -0.34417 -0.12317 0.1398 -0.46829 -0.19733 -0.034079 0.45159 0.39558 0.18438 -0.432 -0.22367 -0.1309 -0.32784 -0.039537 -0.58863 0.26447 -0.28228 -0.93648 0.31135 0.06557 -0.17484 0.37004 0.031478 -0.15041 -0.23924 -0.09215 -0.031035 -0.42726 0.45871 -0.35031 -0.21297 0.22867 -0.2934

org	-0.26016 -0.24664 0.218 -0.73062 -0.50396 0.53169 0.4634 -0.79583 0.65105 0.25617 0.94791 0.12506 0.71909 -0.16892 -0.16093 -0.24011 -0.076525 -0.23074 -0.049874 0.10632 -0.66776 0.35589 -0.39664 0.95125 0.17833 -0.10628 -0.013394 0.035961 0.079702 -1.3671 0.3305 0.76399 0.20854 0.89747 -0.25148 0.35534 -0.59125 0.22705 0.37938 -0.3528 0.010821 0.3049 -0.47934 0.28821 -0.077966 -0.0071496 -0.90188 0.34372 -0.539 1.0514 -0.24736 0.20956 -0.48592 -0.24934 -0.93457 -0.018738 0.4496 -0.57942 0.61226 0.83221 -0.073551 -0.1034 -0.046832 0.22416 0.083962 0.60766 0.28838 -0.14934 1.5167 -0.61933 0.39935 0.046438 -0.027113 -0.70042 -0.87339 -0.83821 0.0071577 -0.21938 0.11917 0.10178 0.024923 -1.1276 0.84177 0.365 0.40846 -0.011416 0.30357 -0.75461 0.35679 -0.042457 -0.70667 0.61659 0.68887 -0.2262 0.79291 0.12872 -0.25784 -0.2739 -0.3374 -0.14162
eclipse	-0.44309 0.14926 0.16649 0.42149 0.32457 -0.50745 0.99023 0.30442 -0.65309 -0.30448 0.28135 0.88885 0.68952 -0.94606 0.12771 -0.91705 1.0058 0.85728 0.8919 0.31291 0.084716 -1.1712 -0.46261 0.45815 1.3201 0.47897 0.27511 0.47025 -0.072981 -0.94041 -0.0015042 -0.20956 -0.11596 0.58161 -0.068764 0.19159 -0.19694 0.46838 -0.54513 0.083056 -0.62959 0.5083 -0.32024 -0.3328 -0.15892 -0.46357 0.71919 -0.56694 0.048712 -0.62023 -0.2425 -0.12787 -0.27382 0.080261 0.5803 -0.72875 -0.10715 1.0093 1.006 0.054757 -0.15775 1.1195 -0.021656 0.23757 0.59771 0.73702 -0.43183 -0.48263 -0.097095 -0.28765 0.024169 0.38842 0.032271 -0.10979 -0.45319 -0.42803 0.29235 -0.15962 -0.41953 -0.81562 0.26624 -0.07087 0.13718 0.77952 0.52504 -0.049254 0.082511 -0.17853 1.2107 -0.3381 0.12814 -0.06077 0.024663 -0.32214 0.13661 0.01612 -0.16721 0.044676 0.139 -0.10406
ecf	0.92241 0.25026 0.368 -0.16876 -0.42382 -0.10159 -0.15052 0.40125 0.25925 -0.075593 0.80956 -0.49086 0.14355 -0.21824 -0.42105 0.4402 0.01971 -0.29317 0.2513 -0.20935 -0.66566 -0.21379 -0.47933 0.52001 0.0017313 -0.34217 0.23075 0.21632 0.24805 0.19329 -0.10381 0.16824 -0.33773 -0.23868 0.015766 0.037786 0.074741 0.11223 0.11584 0.31585 -0.041 -0.025461 -0.56713 -0.57671 0.11001 0.086437 0.027286 -0.13753 0.031502 0.25515 0.16601 0.14941 -0.32034 0.0069669 -0.2045 0.69044 0.28147 -0.11549 -0.085631 -0.15553 0.24356 -0.21708 0.11594 0.35585 0.16892 0.040684 0.014436 -0.40769 0.43649 -0.64988 0.20181 0.3036 -0.32399 0.56598 -0.18315 -0.35637 0.13564 -0.28322 0.44503 0.15297 -0.71756 -0.18865 -0.019813 0.10758 0.4565 0.63457 0.37977 -0.012756 0.12002 0.45417 0.16809 -0.093744 -0.33039 -0.18538 1.079 -0.52212 0.1055 -0.1803 -0.33034 0.22611
provider	0.0022764 0.26479 0.1703 0.50638 0.57631 -0.48466 0.055652 -0.54789 0.45525 0.094548 0.74295 -0.38491 0.11749 -0.30322 0.087666 -0.81407 0.94866 -0.049092 0.066588 0.19485 -1.3585 0.13925 0.10104 0.6122 0.025996 -0.053153 0.16135 0.64054 -0.74201 0.36786 0.15079 1.2346 0.44818 -0.19024 0.67833 0.24441 -0.52346 0.4165 0.43833 -0.47026 0.96764 0.67708 -0.2485 -0.25189 -0.45784 0.24442 0.070139 0.41653 0.22168 0.070592 0.084441 0.99922 0.22685 0.28157 -0.037388 -0.97693 -0.42245 -0.2795 2.1369 0.38021 0.62068 -1.6305 0.2643 -0.45119 0.25876 0.20507 -0.0099179 -0.19515 0.91524 0.34437 -0.36959 -0.12761 -0.10356 -0.22986 0.68916 -0.2412 0.19071 -0.59127 -0.26969 -0.74578 0.83826 -0.13334 -0.3311 0.64688 -1.1793 -0.42188 0.27776 0.57307 0.1454 -0.0031298 0.13553 0.40172 0.30925 -0.22234 -0.35368 0.84119 1.0288 -0.093064 0.61322 0.19764
jslp	
container	-0.53691 0.75403 -0.17696 -0.7852 0.60943 -0.37926 0.14557 0.3015 0.65837 0.75382 0.48499 0.16738 -0.0014981 0.20951 -0.13026 -0.52817 1.05 -0.022706 0.052769 -0.83676 0.20459 0.046919 -0.65499 -0.90565 0.66859 0.14865 -0.29753 -0.097838 -0.33528 0.19655 -0.65541 0.1225 0.20241 -0.48363 0.39642 0.43591 0.76766 0.35572 0.33537 -0.94622 0.38677 -1.9475 0.38365 -0.22641 1.2714 1.0482 -0.25872 0.1757 0.16909 0.19137 0.71686 0.30572 0.44394 0.99492 -0.39012 -0.32416 -0.51212 0.18436 1.9772 0.36626 -0.55893 -0.24723 -0.15982 0.37794 -0.43566 0.2984 0.06251 0.34564 0.17624 -0.45613 -0.48603 0.013189 1.3394 0.13604 0.11203 0.64447 0.61835 -0.64059 0.0018281 0.47992 0.67008 -0.18922 -0.62029 1.7233 -0.019753 -0.42511 0.78963 -0.88045 -0.32861 0.52335 0.24079 0.70806 -0.063399 -0.71556 0.59469 0.32397 0.2783 -0.19433 0.73652 -0.15364
JSLPServiceInfo	
JSLPServiceInfo	
IServiceInfo	
doesn	-0.075346 0.50042 0.45245 0.048517 -0.99522 -0.8406 -0.10024 -0.12412 -0.126 0.2924 -0.49251 0.48568 -0.06843 -0.2977 -0.69803 0.4889 -0.69276 0.38626 0.42431 0.38636 0.086708 0.25188 0.31386 -0.096433 -0.10208 0.92521 -0.40983 -0.3771 0.068063 -1.2892 0.46452 0.90315 -0.31432 -0.050751 -0.42146 0.31079 -0.34049 -0.11195 0.26621 0.55499 0.63064 0.00165 0.10294 -0.35382 -0.71996 -0.21499 -0.35604 0.74262 0.61708 -0.059028 0.022778 0.35284 -0.090742 0.043318 -0.98507 0.45995 -0.083842 -0.15069 -0.33498 -0.23196 -0.37532 -0.21648 -0.38948 -1.2032 0.13256 0.96576 0.47387 -0.27188 -0.88489 0.12617 0.59053 -0.11304 -0.6367 -0.2842 0.3245 -0.56001 0.38458 0.32444 0.28271 -0.40025 0.1637 -1.0688 -0.10139 -0.91038 -0.65492 0.094751 -0.15581 -0.17004 0.097478 0.83581 -0.36558 0.045711 -0.022095 -0.35157 0.90728 -0.16028 0.65119 -0.19781 -0.68103 0.55058
throw	0.28714 0.18645 0.11928 -0.60942 -0.8362 0.36717 -0.43402 -0.31614 -0.45435 0.10655 0.55413 0.36961 -0.14833 0.35234 -0.10849 0.24447 -0.48628 1.2228 -0.89791 -0.04093 0.40597 0.18107 0.12867 -0.099356 0.35111 0.18938 -1.0414 -0.38033 0.78081 -0.27899 -0.20924 0.60124 0.48745 0.10357 0.30439 -0.52294 -0.45195 0.10651 -0.14146 0.35586 -0.35463 -0.091452 -0.082525 -1.2279 -0.76128 -0.486 -0.10581 -0.39742 -0.57006 -0.58227 -0.065873 0.77913 0.088427 0.66186 -0.13186 -1.8943 -0.19344 0.61207 1.2846 0.48151 -0.31764 0.50761 -0.50053 0.56686 0.16712 -0.56751 0.71929 -0.40803 -0.66984 -0.48078 -0.40095 0.12559 -0.050239 0.1562 0.1925 0.59498 -0.75382 -0.016137 0.59435 0.37158 0.44248 0.49286 -0.85108 -0.77917 -0.38332 -0.49873 0.58688 0.2806 0.36538 0.023646 0.28806 -0.071067 -0.3486 -0.69111 0.057745 -0.5159 -0.23297 0.85418 0.41275 0.38107
java	-0.84714 0.020302 0.25959 -0.36874 0.44068 0.67536 -0.30071 -0.1679 0.54697 1.0976 0.51706 0.10964 0.19969 -0.31916 0.039724 -0.7028 0.084263 -0.10588 -0.072092 0.41502 0.44481 -0.68525 1.3962 0.61555 -0.4752 0.61334 0.045766 0.60384 -1.2541 0.041386 -0.19581 0.53461 -0.23929 0.59037 0.68815 -0.099991 0.06518 -0.63082 0.7608 -1.2582 -0.85974 0.47335 0.41507 -0.27783 -0.056308 0.55999 0.825 -0.47537 0.5768 0.60929 -0.95241 0.91425 -0.13165 -0.42898 -0.59134 -0.56076 -0.95617 -0.8252 1.6745 0.054822 -0.59881 0.77632 -0.92323 -0.73269 0.12317 0.27333 -0.28778 -0.10222 0.40905 -0.11932 -0.49878 0.60036 0.7207 -0.51854 -0.31778 0.19507 -0.18214 0.59462 -0.065178 0.0072862 0.28388 -0.59001 -0.97728 -0.59743 0.0014984 1.6339 0.034357 -0.33376 0.28589 0.31225 1.3427 0.55273 -0.022257 0.64239 0.29907 0.36066 -0.63254 -0.45407 0.75004 -0.03187
lang	-0.18111 -0.52459 0.10547 -0.68737 0.099768 -0.25015 0.0071997 -0.0051434 0.21298 0.15165 -0.52948 0.3641 -0.22963 0.19986 0.34469 0.15519 0.88241 0.0041826 -0.67689 -0.059583 0.63035 0.3348 -0.38783 0.21815 -0.13968 -0.038246 -0.12593 -0.47185 0.75873 -0.03395 -0.79982 0.42694 0.43881 -0.53417 -0.086846 -0.35233 0.90601 0.50911 -1.1027 -0.50593 0.090481 -0.074272 -0.28267 0.90375 -0.42283 0.29576 -0.52006 -0.34867 0.65763 0.20854 0.0008711 -0.80542 0.34063 -0.23993 -0.24807 -0.70237 -0.30403 0.35039 -0.46645 0.43182 0.27022 0.062967 -0.85701 0.84031 0.23231 -0.049162 0.27814 0.68702 0.046869 0.80658 -0.44711 0.29044 -0.35112 -0.35821 0.069441 -0.21353 -0.18992 0.0071588 -0.18449 0.3507 0.29078 -0.10032 0.29805 -0.33919 -0.55905 0.15509 -0.47348 -0.13877 0.16918 -0.055957 0.31028 -0.62736 0.38991 0.080238 -0.065341 -0.072912 -0.31957 -0.7052 -0.023274 0.037564
SecurityException	
JSLPService	
Info	-0.81967 -0.14202 0.64741 -0.22681 0.38609 -0.24876 0.28191 0.07374 0.70674 -0.19251 0.73004 0.3058 -0.75384 -0.10823 0.84538 0.3327 0.4586 -0.80087 0.09843 0.7427 -0.21613 0.38471 -0.17723 -0.042832 0.084332 -0.31696 0.7437 0.11133 -0.33407 -1.048 -0.36389 0.11091 0.034798 0.60101 0.0060155 0.43675 -0.49149 0.17514 -0.1612 -0.66446 0.22403 -0.44384 -0.38457 -0.65139 -0.33222 0.13688 -0.79336 -0.051174 0.47453 -0.48177 0.69297 0.54589 0.31848 0.17299 -0.66149 0.037656 0.20465 0.46201 1.2042 0.26333 -0.27199 -0.016279 -0.3226 -0.33402 -0.031413 0.29674 -0.45425 -0.074244 0.72036 0.25769 -0.20008 -0.28028 0.40973 -0.40918 0.093852 0.45631 0.96696 0.070581 -0.49653 -0.20542 -0.14514 -0.47328 0.48238 -0.205 -0.75024 0.11511 0.096644 0.27384 -0.19544 0.4547 0.072944 0.8609 0.627 -0.44104 -0.31256 0.10746 0.8024 -0.55651 0.34254 0.29035
JSLPService	
Info	-0.81967 -0.14202 0.64741 -0.22681 0.38609 -0.24876 0.28191 0.07374 0.70674 -0.19251 0.73004 0.3058 -0.75384 -0.10823 0.84538 0.3327 0.4586 -0.80087 0.09843 0.7427 -0.21613 0.38471 -0.17723 -0.042832 0.084332 -0.31696 0.7437 0.11133 -0.33407 -1.048 -0.36389 0.11091 0.034798 0.60101 0.0060155 0.43675 -0.49149 0.17514 -0.1612 -0.66446 0.22403 -0.44384 -0.38457 -0.65139 -0.33222 0.13688 -0.79336 -0.051174 0.47453 -0.48177 0.69297 0.54589 0.31848 0.17299 -0.66149 0.037656 0.20465 0.46201 1.2042 0.26333 -0.27199 -0.016279 -0.3226 -0.33402 -0.031413 0.29674 -0.45425 -0.074244 0.72036 0.25769 -0.20008 -0.28028 0.40973 -0.40918 0.093852 0.45631 0.96696 0.070581 -0.49653 -0.20542 -0.14514 -0.47328 0.48238 -0.205 -0.75024 0.11511 0.096644 0.27384 -0.19544 0.4547 0.072944 0.8609 0.627 -0.44104 -0.31256 0.10746 0.8024 -0.55651 0.34254 0.29035
IService	
Info	-0.81967 -0.14202 0.64741 -0.22681 0.38609 -0.24876 0.28191 0.07374 0.70674 -0.19251 0.73004 0.3058 -0.75384 -0.10823 0.84538 0.3327 0.4586 -0.80087 0.09843 0.7427 -0.21613 0.38471 -0.17723 -0.042832 0.084332 -0.31696 0.7437 0.11133 -0.33407 -1.048 -0.36389 0.11091 0.034798 0.60101 0.0060155 0.43675 -0.49149 0.17514 -0.1612 -0.66446 0.22403 -0.44384 -0.38457 -0.65139 -0.33222 0.13688 -0.79336 -0.051174 0.47453 -0.48177 0.69297 0.54589 0.31848 0.17299 -0.66149 0.037656 0.20465 0.46201 1.2042 0.26333 -0.27199 -0.016279 -0.3226 -0.33402 -0.031413 0.29674 -0.45425 -0.074244 0.72036 0.25769 -0.20008 -0.28028 0.40973 -0.40918 0.093852 0.45631 0.96696 0.070581 -0.49653 -0.20542 -0.14514 -0.47328 0.48238 -0.205 -0.75024 0.11511 0.096644 0.27384 -0.19544 0.4547 0.072944 0.8609 0.627 -0.44104 -0.31256 0.10746 0.8024 -0.55651 0.34254 0.29035
Security	-0.54812 -0.59526 0.51106 -0.28236 0.042281 0.0098602 -0.81804 0.31707 0.72298 0.65932 -0.011503 -0.15633 0.40415 0.33654 -0.19118 0.22318 0.47275 -0.37604 -1.4368 -0.70577 0.0018936 -0.78053 0.35409 -0.39263 -0.31086 -0.4895 -0.042803 -0.36605 -0.43291 0.11099 0.13172 -0.14052 -0.5033 0.30447 0.2781 -0.035067 -0.16576 0.51028 0.39634 0.43908 -0.21582 -0.58404 1.1359 0.4934 0.35553 -0.21484 -0.27747 0.31142 -0.72995 -0.72453 0.67625 -0.20535 -0.35954 1.7725 -0.017912 -2.3846 0.88889 -0.51865 1.8868 0.43222 -0.26865 -0.080824 -0.27343 -0.31773 0.47822 0.17027 -0.20541 0.38748 0.88872 0.61151 0.48762 -0.86307 -0.21343 -0.93353 0.20169 0.11287 0.22997 0.35405 -1.0584 0.28047 1.7728 -0.18948 0.41384 -0.0099218 -1.483 0.67675 0.63901 0.16577 -0.2538 -0.46696 0.49387 0.068447 -0.28346 -0.12219 -0.57999 0.99332 0.52901 0.044368 0.35067 0.53382
Exception	0.018977 0.20343 0.51521 -0.10723 0.18065 0.12331 -0.15804 0.11424 0.03167 -0.64671 -0.010638 -0.43316 0.19038 0.17583 0.035071 -0.027728 0.2262 0.14682 -0.18915 0.47476 0.33566 0.27888 -0.21996 0.10146 0.28032 -0.3842 0.18258 -0.50839 -0.35652 -0.33523 0.17786 0.11341 -0.036747 -0.23953 -0.088431 0.46591 0.19665 -0.0027544 -0.013453 -0.25648 0.087086 0.1118 0.4933 0.1239 0.25282 -0.10723 0.81902 -0.10497 -0.69268 -0.5915 0.43756 0.19418 0.22259 0.37208 -0.037613 -1.2992 0.020897 -0.40147 1.2586 0.15621 -0.49972 -0.085182 0.065586 0.27406 1.0264 -0.54902 0.13317 -0.34417 -0.12317 0.1398 -0.46829 -0.19733 -0.034079 0.45159 0.39558 0.18438 -0.432 -0.22367 -0.1309 -0.32784 -0.039537 -0.58863 0.26447 -0.28228 -0.93648 0.31135 0.06557 -0.17484 0.37004 0.031478 -0.15041 -0.23924 -0.09215 -0.031035 -0.42726 0.45871 -0.35031 -0.21297 0.22867 -0.2934

