Bug	-0.42404 -0.11038 0.94873 -0.71327 -0.19712 0.077077 0.96163 -0.35674 0.8292 -0.3676 0.15004 0.62746 0.091752 0.11142 -0.015791 0.84124 0.24467 0.023366 0.54286 -0.068057 -0.87995 -0.59202 0.18641 0.50787 0.55458 0.48448 -0.42383 0.22249 -0.8823 -0.041186 -0.049256 0.31483 0.25182 0.10876 0.45824 -0.12085 -0.96037 -0.69492 0.93473 -0.31937 -0.31673 0.24099 -0.3822 -0.72243 0.18017 0.62991 0.0030923 -0.36699 -0.21576 -0.1654 -0.55928 0.11278 -0.62944 0.56955 -0.59166 -0.92922 0.044769 0.32981 0.697 -0.13983 0.40377 1.7035 -0.68531 0.49846 0.29719 0.27865 -0.18668 -0.93605 0.66117 0.01478 -0.30582 -0.4491 -0.44983 -0.39544 -0.37577 -0.18869 0.06883 -0.04811 -0.33131 1.0204 0.32457 -0.88047 0.018825 -0.303 -0.88685 0.35682 -0.3993 -0.10512 -0.86557 0.37554 0.48771 -0.28133 0.12722 -0.56959 0.33936 0.40162 0.1109 -0.20506 0.18093 -0.23185
OSGi	-0.37795 -0.031709 -0.29217 0.37885 -0.0093681 -0.46986 -0.15781 -0.0029426 0.0086481 0.25445 0.25601 -0.11514 0.38215 -0.11684 -0.070884 0.089214 -0.036241 -0.25663 0.00065043 -0.4485 -0.25641 -1.2952 0.27854 0.13715 0.16021 0.53533 0.069381 0.046408 -0.73357 0.32906 -0.25523 -0.37222 -0.092247 -0.42314 0.66199 0.46242 0.17882 0.24084 -0.16503 0.0040174 0.16276 0.43897 0.17825 0.48545 -0.09885 -0.034278 -0.042433 0.29371 -0.059853 0.52794 0.23339 -0.03977 0.035652 -0.5552 0.19313 1.1382 0.50249 -0.19221 0.48159 0.18333 0.017285 -0.42132 -0.42251 -0.30724 -0.68625 0.2257 -0.86919 -0.55742 -0.20116 -0.6454 -0.50187 -0.14346 -0.15677 -0.17954 -0.026552 -0.06578 0.2115 0.011541 0.41488 -0.25285 -0.38278 0.32508 0.74619 0.061889 0.79224 0.3959 -0.024943 0.37376 0.06846 0.27646 0.43657 0.021254 -0.14969 -0.14708 0.31567 -0.35839 -0.00037793 0.099856 0.21925 0.36211
NPE	0.39251 -0.064694 0.11221 -0.22993 -0.12931 -0.053765 0.013014 -0.065165 0.41 -0.57137 0.20531 -0.15271 -0.17004 0.19628 -0.079155 -0.0063398 0.19393 0.051485 0.25361 -0.32935 -0.55224 -0.032055 -0.29888 -0.11455 -0.019655 -0.0020003 0.20582 0.30757 -0.22034 -0.028855 -0.41733 0.54863 -0.14247 -0.46483 0.041835 -0.25208 0.16966 -0.30392 0.058037 0.61425 0.12493 0.27531 -0.093505 0.17293 -0.0044496 -0.59671 0.47847 -0.039082 -0.08129 0.21153 0.11132 0.30671 0.064612 -0.34849 0.37612 0.95869 0.42642 0.10971 -0.31907 -0.40349 -0.030294 -0.076926 -0.0063728 0.21734 -0.012176 0.13844 -0.33649 -0.45742 -0.033514 -0.24054 0.47394 -0.12294 -0.10005 0.16051 -0.0052661 -0.54318 0.0015187 0.38131 0.57936 -0.38196 -0.74615 -0.31416 0.66946 0.10078 0.50739 0.65004 0.11255 -0.027731 -0.060296 0.36606 -0.10761 0.20241 -0.35833 -0.13492 0.50889 -0.078604 0.25939 -0.25905 -0.061294 -0.15575
ethz	
iks	-0.080062 -0.3484 -0.38507 -0.1695 -0.4031 -0.29591 -0.21226 -0.050703 0.38092 -0.44563 0.30051 0.18095 0.14389 0.025896 -0.26184 -0.17336 -0.40757 0.14746 0.39552 0.19272 -0.19294 0.11532 -0.40979 -0.16688 -0.07782 0.096655 -0.2007 0.46117 0.29432 0.29171 -0.095117 0.086778 -0.1858 -0.54771 -0.11651 -0.62836 0.068057 -0.1594 -0.19208 -0.12039 0.12573 0.41224 -0.32387 0.22264 0.041821 -0.27623 -0.36403 0.011841 0.012954 0.56891 0.17974 0.53234 0.23036 -0.34498 0.0085814 1.0271 0.60487 0.27368 -0.47356 -0.56895 -0.15906 -0.027487 -0.15211 -0.32772 0.11374 0.13932 -0.5044 -0.43952 -0.037613 -0.14078 0.17216 0.38055 0.061573 0.16026 -0.19471 -0.36092 0.058694 0.18771 0.59178 -0.095677 -0.4716 -0.022771 0.53358 -0.23155 -0.055555 0.35974 0.13737 0.086697 0.33968 0.57227 -0.13655 0.39691 -0.030425 -0.11664 0.53764 -0.084548 0.063209 -0.35982 -0.14261 0.027601
osgi	-0.37795 -0.031709 -0.29217 0.37885 -0.0093681 -0.46986 -0.15781 -0.0029426 0.0086481 0.25445 0.25601 -0.11514 0.38215 -0.11684 -0.070884 0.089214 -0.036241 -0.25663 0.00065043 -0.4485 -0.25641 -1.2952 0.27854 0.13715 0.16021 0.53533 0.069381 0.046408 -0.73357 0.32906 -0.25523 -0.37222 -0.092247 -0.42314 0.66199 0.46242 0.17882 0.24084 -0.16503 0.0040174 0.16276 0.43897 0.17825 0.48545 -0.09885 -0.034278 -0.042433 0.29371 -0.059853 0.52794 0.23339 -0.03977 0.035652 -0.5552 0.19313 1.1382 0.50249 -0.19221 0.48159 0.18333 0.017285 -0.42132 -0.42251 -0.30724 -0.68625 0.2257 -0.86919 -0.55742 -0.20116 -0.6454 -0.50187 -0.14346 -0.15677 -0.17954 -0.026552 -0.06578 0.2115 0.011541 0.41488 -0.25285 -0.38278 0.32508 0.74619 0.061889 0.79224 0.3959 -0.024943 0.37376 0.06846 0.27646 0.43657 0.021254 -0.14969 -0.14708 0.31567 -0.35839 -0.00037793 0.099856 0.21925 0.36211
impl	
ChannelEndpointImpl	
updateTopics	
String	-0.58612 0.68468 -0.3048 -0.30143 0.63022 0.54069 0.01149 -0.079599 -1.2801 0.52436 -0.085146 0.011723 -0.068233 1.3369 -0.53491 1.1505 -1.0879 -0.014131 0.84327 0.35177 0.1791 -0.17666 0.069901 -0.10659 0.21653 -0.39874 -0.53911 0.15529 0.43732 -0.12114 0.024777 -0.37661 0.016911 0.1536 -0.6331 -0.44423 0.17383 -0.60363 0.47226 -0.35641 0.19885 0.18405 0.62407 0.36511 0.082608 -0.041067 0.51466 0.2014 0.35829 -0.35822 -0.5558 0.13119 -0.15079 0.43218 -0.0049345 -2.1244 0.065888 0.2303 1.1107 0.89659 -0.73445 0.28847 0.07422 0.1921 0.29703 0.0082317 0.43467 0.29806 0.19613 0.17296 -0.76403 0.30902 0.012527 0.31087 0.087482 0.12754 0.02412 0.0055587 -0.35831 0.45593 0.96553 -0.10852 -0.18546 -0.19566 -1.1958 -0.21444 0.046392 -0.64232 -0.51301 0.15291 -0.8148 0.94186 -0.88127 -0.16941 0.061199 0.19866 -0.67404 -0.31921 0.56022 -0.10541
String	-0.58612 0.68468 -0.3048 -0.30143 0.63022 0.54069 0.01149 -0.079599 -1.2801 0.52436 -0.085146 0.011723 -0.068233 1.3369 -0.53491 1.1505 -1.0879 -0.014131 0.84327 0.35177 0.1791 -0.17666 0.069901 -0.10659 0.21653 -0.39874 -0.53911 0.15529 0.43732 -0.12114 0.024777 -0.37661 0.016911 0.1536 -0.6331 -0.44423 0.17383 -0.60363 0.47226 -0.35641 0.19885 0.18405 0.62407 0.36511 0.082608 -0.041067 0.51466 0.2014 0.35829 -0.35822 -0.5558 0.13119 -0.15079 0.43218 -0.0049345 -2.1244 0.065888 0.2303 1.1107 0.89659 -0.73445 0.28847 0.07422 0.1921 0.29703 0.0082317 0.43467 0.29806 0.19613 0.17296 -0.76403 0.30902 0.012527 0.31087 0.087482 0.12754 0.02412 0.0055587 -0.35831 0.45593 0.96553 -0.10852 -0.18546 -0.19566 -1.1958 -0.21444 0.046392 -0.64232 -0.51301 0.15291 -0.8148 0.94186 -0.88127 -0.16941 0.061199 0.19866 -0.67404 -0.31921 0.56022 -0.10541
Channel	-0.21183 -1.0356 -0.15551 -0.37222 0.59516 -0.61258 0.095454 0.6933 0.084845 -0.17706 0.40876 0.2905 -0.1977 -0.39707 0.81058 -0.88032 0.18668 -0.85614 0.18177 0.82489 -0.44555 0.3703 0.28281 -0.3446 0.55956 -0.16047 1.0885 1.0577 0.43939 0.58779 0.38117 1.5147 -0.07617 0.34365 0.44608 0.30725 -0.23173 0.18667 -0.13398 -0.02381 -0.021041 0.021072 -1.1615 0.76058 0.23605 0.045941 -0.53227 -0.27979 0.33013 0.38971 -0.72542 0.76411 0.6777 0.96306 -0.27921 -2.5852 -0.44701 -0.070762 1.8283 0.7398 -0.065619 0.096321 0.054782 -0.84523 1.1805 0.6343 -0.34937 -0.089156 -0.11439 0.5795 0.06313 -0.37526 1.1238 0.31467 0.041778 0.19712 0.50768 0.68044 -0.39634 0.19469 -0.1276 -0.89352 0.27615 0.53791 -0.53131 -0.28043 -0.32583 0.39853 0.059562 0.22711 -0.34127 0.50271 -0.28149 -0.18473 -0.4278 -0.036081 0.13049 -0.69925 1.0117 0.66525
Endpoint	-0.43466 -0.029868 0.42223 0.14847 0.20019 -0.70884 0.24763 -0.32164 -0.41664 -0.24661 -0.066658 0.25426 0.113 0.054136 0.87193 -0.36828 0.56226 0.12592 0.11637 -0.16772 -0.1629 -1.5835 -0.2748 0.60253 -0.24364 0.36265 1.4485 0.58378 -0.5754 -0.35862 0.25015 0.26761 0.15773 0.13475 0.48609 0.15356 -0.93684 0.23149 0.80091 0.097016 0.17034 0.095056 -0.004704 0.60581 -0.21707 0.65593 0.49327 0.31674 -0.56774 0.36869 0.47387 -0.62113 0.52422 0.53371 0.55166 -0.024981 0.19483 -0.46835 -0.31824 -0.46648 0.44346 -1.0218 0.29387 0.29543 -0.16327 -0.48883 0.34142 0.15798 -0.32308 0.055614 -0.85859 -0.095256 0.18669 -0.74703 -0.23868 -1.1575 0.091269 -0.83514 0.073797 -0.51296 0.3025 0.7619 -0.46405 0.23173 -0.65475 0.65603 0.67513 0.46876 0.55823 0.094186 0.16143 0.64319 0.45238 0.78366 0.031424 0.46496 0.0058664 0.024866 -0.21466 1.1298
Impl	
update	-1.0623 0.090035 0.96172 -0.10643 -0.27478 0.037278 0.40415 0.17023 0.38897 0.32651 0.51442 -0.38527 0.207 -0.70115 -0.00022749 0.87222 0.21298 -0.5857 -0.40535 0.33228 -0.51375 -1.258 0.34282 1.5539 -0.0069743 -0.69287 0.024592 0.34296 -0.14645 0.36814 -0.27527 0.25015 -0.96372 0.043673 -0.16087 0.039744 -1.0174 -0.38467 -0.14358 0.1184 -0.096153 -0.30695 -0.30703 -0.42716 -0.16304 -0.034592 -0.6598 -0.62339 0.46568 -1.0385 0.55816 0.10858 -0.13458 0.18996 -0.28642 -1.5753 0.18356 -0.022364 0.93267 0.4239 -0.71565 0.3302 -0.51638 -0.18017 0.59509 0.037506 -1.0431 -0.24367 0.25518 -0.025338 0.17841 0.063136 -0.45966 -0.81717 0.60373 0.36369 0.13682 0.20554 -0.30188 -1.0033 0.2271 -1.0254 -0.045123 -0.0050938 -0.56704 0.36792 0.034006 -0.040171 -0.34591 0.27357 0.57867 0.34305 -0.021557 -0.52365 -0.011455 0.010533 0.71917 0.047444 0.38736 0.24978
Topics	-0.76315 0.78953 0.14181 0.93695 0.82836 -0.09087 -0.16379 -0.62324 -0.19911 -0.17706 0.004045 -0.48002 0.26612 0.037568 0.14074 -0.0070443 -0.07767 0.087379 -0.93321 -0.66223 -0.50408 -0.44773 0.072158 -0.098845 -0.2082 -0.43519 0.54277 0.16382 -0.84439 0.78023 -0.99654 -0.098011 0.10537 0.33527 -0.48533 0.64437 -0.033894 -0.042137 -0.85586 0.57716 -0.38489 -0.39085 -0.25316 -0.057873 -1.4128 -0.13993 -0.33945 0.31405 0.046393 -0.23941 1.0566 0.21696 -0.37941 0.13309 0.081822 -0.35632 0.60718 0.048663 1.1658 0.61503 -0.28101 1.3287 -0.038319 -1.2801 1.4241 -0.19304 0.73402 -0.38405 0.8827 -0.084528 -0.18745 0.075745 0.24653 0.25188 -1.1954 -8.9954e-05 -0.22996 0.1006 -0.26922 -0.38144 -0.14221 0.070874 0.57154 -0.52055 -1.7545 0.0064946 -0.4456 -0.092645 -0.056192 -0.59233 -0.27924 0.53562 0.012357 -0.24138 -0.27452 0.73284 -0.5727 -0.48476 1.2226 0.70349

ethz	
iks	-0.080062 -0.3484 -0.38507 -0.1695 -0.4031 -0.29591 -0.21226 -0.050703 0.38092 -0.44563 0.30051 0.18095 0.14389 0.025896 -0.26184 -0.17336 -0.40757 0.14746 0.39552 0.19272 -0.19294 0.11532 -0.40979 -0.16688 -0.07782 0.096655 -0.2007 0.46117 0.29432 0.29171 -0.095117 0.086778 -0.1858 -0.54771 -0.11651 -0.62836 0.068057 -0.1594 -0.19208 -0.12039 0.12573 0.41224 -0.32387 0.22264 0.041821 -0.27623 -0.36403 0.011841 0.012954 0.56891 0.17974 0.53234 0.23036 -0.34498 0.0085814 1.0271 0.60487 0.27368 -0.47356 -0.56895 -0.15906 -0.027487 -0.15211 -0.32772 0.11374 0.13932 -0.5044 -0.43952 -0.037613 -0.14078 0.17216 0.38055 0.061573 0.16026 -0.19471 -0.36092 0.058694 0.18771 0.59178 -0.095677 -0.4716 -0.022771 0.53358 -0.23155 -0.055555 0.35974 0.13737 0.086697 0.33968 0.57227 -0.13655 0.39691 -0.030425 -0.11664 0.53764 -0.084548 0.063209 -0.35982 -0.14261 0.027601
osgi	-0.37795 -0.031709 -0.29217 0.37885 -0.0093681 -0.46986 -0.15781 -0.0029426 0.0086481 0.25445 0.25601 -0.11514 0.38215 -0.11684 -0.070884 0.089214 -0.036241 -0.25663 0.00065043 -0.4485 -0.25641 -1.2952 0.27854 0.13715 0.16021 0.53533 0.069381 0.046408 -0.73357 0.32906 -0.25523 -0.37222 -0.092247 -0.42314 0.66199 0.46242 0.17882 0.24084 -0.16503 0.0040174 0.16276 0.43897 0.17825 0.48545 -0.09885 -0.034278 -0.042433 0.29371 -0.059853 0.52794 0.23339 -0.03977 0.035652 -0.5552 0.19313 1.1382 0.50249 -0.19221 0.48159 0.18333 0.017285 -0.42132 -0.42251 -0.30724 -0.68625 0.2257 -0.86919 -0.55742 -0.20116 -0.6454 -0.50187 -0.14346 -0.15677 -0.17954 -0.026552 -0.06578 0.2115 0.011541 0.41488 -0.25285 -0.38278 0.32508 0.74619 0.061889 0.79224 0.3959 -0.024943 0.37376 0.06846 0.27646 0.43657 0.021254 -0.14969 -0.14708 0.31567 -0.35839 -0.00037793 0.099856 0.21925 0.36211
impl	
ChannelEndpointImpl	
updateTopics	
String	-0.58612 0.68468 -0.3048 -0.30143 0.63022 0.54069 0.01149 -0.079599 -1.2801 0.52436 -0.085146 0.011723 -0.068233 1.3369 -0.53491 1.1505 -1.0879 -0.014131 0.84327 0.35177 0.1791 -0.17666 0.069901 -0.10659 0.21653 -0.39874 -0.53911 0.15529 0.43732 -0.12114 0.024777 -0.37661 0.016911 0.1536 -0.6331 -0.44423 0.17383 -0.60363 0.47226 -0.35641 0.19885 0.18405 0.62407 0.36511 0.082608 -0.041067 0.51466 0.2014 0.35829 -0.35822 -0.5558 0.13119 -0.15079 0.43218 -0.0049345 -2.1244 0.065888 0.2303 1.1107 0.89659 -0.73445 0.28847 0.07422 0.1921 0.29703 0.0082317 0.43467 0.29806 0.19613 0.17296 -0.76403 0.30902 0.012527 0.31087 0.087482 0.12754 0.02412 0.0055587 -0.35831 0.45593 0.96553 -0.10852 -0.18546 -0.19566 -1.1958 -0.21444 0.046392 -0.64232 -0.51301 0.15291 -0.8148 0.94186 -0.88127 -0.16941 0.061199 0.19866 -0.67404 -0.31921 0.56022 -0.10541
String	-0.58612 0.68468 -0.3048 -0.30143 0.63022 0.54069 0.01149 -0.079599 -1.2801 0.52436 -0.085146 0.011723 -0.068233 1.3369 -0.53491 1.1505 -1.0879 -0.014131 0.84327 0.35177 0.1791 -0.17666 0.069901 -0.10659 0.21653 -0.39874 -0.53911 0.15529 0.43732 -0.12114 0.024777 -0.37661 0.016911 0.1536 -0.6331 -0.44423 0.17383 -0.60363 0.47226 -0.35641 0.19885 0.18405 0.62407 0.36511 0.082608 -0.041067 0.51466 0.2014 0.35829 -0.35822 -0.5558 0.13119 -0.15079 0.43218 -0.0049345 -2.1244 0.065888 0.2303 1.1107 0.89659 -0.73445 0.28847 0.07422 0.1921 0.29703 0.0082317 0.43467 0.29806 0.19613 0.17296 -0.76403 0.30902 0.012527 0.31087 0.087482 0.12754 0.02412 0.0055587 -0.35831 0.45593 0.96553 -0.10852 -0.18546 -0.19566 -1.1958 -0.21444 0.046392 -0.64232 -0.51301 0.15291 -0.8148 0.94186 -0.88127 -0.16941 0.061199 0.19866 -0.67404 -0.31921 0.56022 -0.10541
subsequent	-0.16423 -0.39005 -0.41859 0.2217 0.19829 0.18468 0.092417 0.0069076 0.041419 0.051338 0.50372 -0.0083232 -0.018081 0.28307 -0.013572 0.39545 -0.52762 -0.078195 0.23031 0.19206 0.056632 -0.77272 -0.17513 0.30807 -0.015836 -0.22456 0.0091081 0.047896 0.3844 -0.057894 0.22076 0.045195 -0.45446 -0.044984 -0.16782 0.014887 0.20303 -0.41843 -0.71529 -0.019576 -0.71345 -0.020161 0.25923 0.072156 0.61567 -0.085938 0.62706 -0.66981 0.21666 -0.56033 0.24814 0.091385 0.1677 0.53847 0.63664 -1.6399 -0.016002 -0.54558 1.0561 0.51834 -0.69464 0.84264 0.38523 0.11986 1.5083 -0.42265 -0.58945 -0.48126 0.11367 -0.17224 -0.2147 0.63394 0.12877 -0.011063 -0.40136 0.041899 -0.24787 -0.015986 -1.2198 0.061728 0.51206 0.39011 0.48661 0.41493 -1.4128 0.036052 -0.032596 -0.91359 0.011388 -0.05167 -0.10425 -0.080526 -0.5394 0.50404 -0.10482 -0.1457 -0.012484 0.32725 0.077319 -0.45948
NPE	0.39251 -0.064694 0.11221 -0.22993 -0.12931 -0.053765 0.013014 -0.065165 0.41 -0.57137 0.20531 -0.15271 -0.17004 0.19628 -0.079155 -0.0063398 0.19393 0.051485 0.25361 -0.32935 -0.55224 -0.032055 -0.29888 -0.11455 -0.019655 -0.0020003 0.20582 0.30757 -0.22034 -0.028855 -0.41733 0.54863 -0.14247 -0.46483 0.041835 -0.25208 0.16966 -0.30392 0.058037 0.61425 0.12493 0.27531 -0.093505 0.17293 -0.0044496 -0.59671 0.47847 -0.039082 -0.08129 0.21153 0.11132 0.30671 0.064612 -0.34849 0.37612 0.95869 0.42642 0.10971 -0.31907 -0.40349 -0.030294 -0.076926 -0.0063728 0.21734 -0.012176 0.13844 -0.33649 -0.45742 -0.033514 -0.24054 0.47394 -0.12294 -0.10005 0.16051 -0.0052661 -0.54318 0.0015187 0.38131 0.57936 -0.38196 -0.74615 -0.31416 0.66946 0.10078 0.50739 0.65004 0.11255 -0.027731 -0.060296 0.36606 -0.10761 0.20241 -0.35833 -0.13492 0.50889 -0.078604 0.25939 -0.25905 -0.061294 -0.15575
String	-0.58612 0.68468 -0.3048 -0.30143 0.63022 0.54069 0.01149 -0.079599 -1.2801 0.52436 -0.085146 0.011723 -0.068233 1.3369 -0.53491 1.1505 -1.0879 -0.014131 0.84327 0.35177 0.1791 -0.17666 0.069901 -0.10659 0.21653 -0.39874 -0.53911 0.15529 0.43732 -0.12114 0.024777 -0.37661 0.016911 0.1536 -0.6331 -0.44423 0.17383 -0.60363 0.47226 -0.35641 0.19885 0.18405 0.62407 0.36511 0.082608 -0.041067 0.51466 0.2014 0.35829 -0.35822 -0.5558 0.13119 -0.15079 0.43218 -0.0049345 -2.1244 0.065888 0.2303 1.1107 0.89659 -0.73445 0.28847 0.07422 0.1921 0.29703 0.0082317 0.43467 0.29806 0.19613 0.17296 -0.76403 0.30902 0.012527 0.31087 0.087482 0.12754 0.02412 0.0055587 -0.35831 0.45593 0.96553 -0.10852 -0.18546 -0.19566 -1.1958 -0.21444 0.046392 -0.64232 -0.51301 0.15291 -0.8148 0.94186 -0.88127 -0.16941 0.061199 0.19866 -0.67404 -0.31921 0.56022 -0.10541
topicsAdded	
null	0.079432 -0.14054 -0.10462 -0.36259 -0.22721 -0.13612 0.74755 0.32809 0.54364 0.12091 -0.53579 -0.093852 -0.1253 0.0075018 0.54402 -0.51891 0.34596 1.3306 1.0153 0.31239 0.16274 -0.026524 0.73949 0.5574 1.1129 -0.44905 1.0968 0.73696 -0.44728 0.032219 1.1976 0.059368 -0.37853 -0.21233 0.1351 -0.34381 0.48377 0.017526 -0.46031 -0.77044 -0.85068 0.30327 0.11417 -0.25013 0.014417 -0.05347 -0.30477 0.40744 -1.4463 0.85099 0.66363 0.0049562 0.57099 0.27496 0.0087559 -0.84859 0.74672 0.51043 0.18724 -0.012529 -0.42562 -0.84412 -0.50242 0.016912 0.41224 0.25004 0.12519 0.56298 -1.0472 -1.0784 -0.88615 0.11577 0.85152 0.16019 0.83352 -0.38092 0.044191 0.22782 -0.38651 -0.019875 -0.89481 -0.35736 -0.48555 0.036485 -0.43308 0.16881 1.0746 0.095382 0.54107 -0.38136 -1.2123 0.51573 0.16573 0.67943 0.35327 0.17672 0.25803 0.068445 -1.2016 -0.20168
Channel	-0.21183 -1.0356 -0.15551 -0.37222 0.59516 -0.61258 0.095454 0.6933 0.084845 -0.17706 0.40876 0.2905 -0.1977 -0.39707 0.81058 -0.88032 0.18668 -0.85614 0.18177 0.82489 -0.44555 0.3703 0.28281 -0.3446 0.55956 -0.16047 1.0885 1.0577 0.43939 0.58779 0.38117 1.5147 -0.07617 0.34365 0.44608 0.30725 -0.23173 0.18667 -0.13398 -0.02381 -0.021041 0.021072 -1.1615 0.76058 0.23605 0.045941 -0.53227 -0.27979 0.33013 0.38971 -0.72542 0.76411 0.6777 0.96306 -0.27921 -2.5852 -0.44701 -0.070762 1.8283 0.7398 -0.065619 0.096321 0.054782 -0.84523 1.1805 0.6343 -0.34937 -0.089156 -0.11439 0.5795 0.06313 -0.37526 1.1238 0.31467 0.041778 0.19712 0.50768 0.68044 -0.39634 0.19469 -0.1276 -0.89352 0.27615 0.53791 -0.53131 -0.28043 -0.32583 0.39853 0.059562 0.22711 -0.34127 0.50271 -0.28149 -0.18473 -0.4278 -0.036081 0.13049 -0.69925 1.0117 0.66525
Endpoint	-0.43466 -0.029868 0.42223 0.14847 0.20019 -0.70884 0.24763 -0.32164 -0.41664 -0.24661 -0.066658 0.25426 0.113 0.054136 0.87193 -0.36828 0.56226 0.12592 0.11637 -0.16772 -0.1629 -1.5835 -0.2748 0.60253 -0.24364 0.36265 1.4485 0.58378 -0.5754 -0.35862 0.25015 0.26761 0.15773 0.13475 0.48609 0.15356 -0.93684 0.23149 0.80091 0.097016 0.17034 0.095056 -0.004704 0.60581 -0.21707 0.65593 0.49327 0.31674 -0.56774 0.36869 0.47387 -0.62113 0.52422 0.53371 0.55166 -0.024981 0.19483 -0.46835 -0.31824 -0.46648 0.44346 -1.0218 0.29387 0.29543 -0.16327 -0.48883 0.34142 0.15798 -0.32308 0.055614 -0.85859 -0.095256 0.18669 -0.74703 -0.23868 -1.1575 0.091269 -0.83514 0.073797 -0.51296 0.3025 0.7619 -0.46405 0.23173 -0.65475 0.65603 0.67513 0.46876 0.55823 0.094186 0.16143 0.64319 0.45238 0.78366 0.031424 0.46496 0.0058664 0.024866 -0.21466 1.1298
Impl	
update	-1.0623 0.090035 0.96172 -0.10643 -0.27478 0.037278 0.40415 0.17023 0.38897 0.32651 0.51442 -0.38527 0.207 -0.70115 -0.00022749 0.87222 0.21298 -0.5857 -0.40535 0.33228 -0.51375 -1.258 0.34282 1.5539 -0.0069743 -0.69287 0.024592 0.34296 -0.14645 0.36814 -0.27527 0.25015 -0.96372 0.043673 -0.16087 0.039744 -1.0174 -0.38467 -0.14358 0.1184 -0.096153 -0.30695 -0.30703 -0.42716 -0.16304 -0.034592 -0.6598 -0.62339 0.46568 -1.0385 0.55816 0.10858 -0.13458 0.18996 -0.28642 -1.5753 0.18356 -0.022364 0.93267 0.4239 -0.71565 0.3302 -0.51638 -0.18017 0.59509 0.037506 -1.0431 -0.24367 0.25518 -0.025338 0.17841 0.063136 -0.45966 -0.81717 0.60373 0.36369 0.13682 0.20554 -0.30188 -1.0033 0.2271 -1.0254 -0.045123 -0.0050938 -0.56704 0.36792 0.034006 -0.040171 -0.34591 0.27357 0.57867 0.34305 -0.021557 -0.52365 -0.011455 0.010533 0.71917 0.047444 0.38736 0.24978
Topics	-0.76315 0.78953 0.14181 0.93695 0.82836 -0.09087 -0.16379 -0.62324 -0.19911 -0.17706 0.004045 -0.48002 0.26612 0.037568 0.14074 -0.0070443 -0.07767 0.087379 -0.93321 -0.66223 -0.50408 -0.44773 0.072158 -0.098845 -0.2082 -0.43519 0.54277 0.16382 -0.84439 0.78023 -0.99654 -0.098011 0.10537 0.33527 -0.48533 0.64437 -0.033894 -0.042137 -0.85586 0.57716 -0.38489 -0.39085 -0.25316 -0.057873 -1.4128 -0.13993 -0.33945 0.31405 0.046393 -0.23941 1.0566 0.21696 -0.37941 0.13309 0.081822 -0.35632 0.60718 0.048663 1.1658 0.61503 -0.28101 1.3287 -0.038319 -1.2801 1.4241 -0.19304 0.73402 -0.38405 0.8827 -0.084528 -0.18745 0.075745 0.24653 0.25188 -1.1954 -8.9954e-05 -0.22996 0.1006 -0.26922 -0.38144 -0.14221 0.070874 0.57154 -0.52055 -1.7545 0.0064946 -0.4456 -0.092645 -0.056192 -0.59233 -0.27924 0.53562 0.012357 -0.24138 -0.27452 0.73284 -0.5727 -0.48476 1.2226 0.70349
topics	-0.76315 0.78953 0.14181 0.93695 0.82836 -0.09087 -0.16379 -0.62324 -0.19911 -0.17706 0.004045 -0.48002 0.26612 0.037568 0.14074 -0.0070443 -0.07767 0.087379 -0.93321 -0.66223 -0.50408 -0.44773 0.072158 -0.098845 -0.2082 -0.43519 0.54277 0.16382 -0.84439 0.78023 -0.99654 -0.098011 0.10537 0.33527 -0.48533 0.64437 -0.033894 -0.042137 -0.85586 0.57716 -0.38489 -0.39085 -0.25316 -0.057873 -1.4128 -0.13993 -0.33945 0.31405 0.046393 -0.23941 1.0566 0.21696 -0.37941 0.13309 0.081822 -0.35632 0.60718 0.048663 1.1658 0.61503 -0.28101 1.3287 -0.038319 -1.2801 1.4241 -0.19304 0.73402 -0.38405 0.8827 -0.084528 -0.18745 0.075745 0.24653 0.25188 -1.1954 -8.9954e-05 -0.22996 0.1006 -0.26922 -0.38144 -0.14221 0.070874 0.57154 -0.52055 -1.7545 0.0064946 -0.4456 -0.092645 -0.056192 -0.59233 -0.27924 0.53562 0.012357 -0.24138 -0.27452 0.73284 -0.5727 -0.48476 1.2226 0.70349

