Bug	-0.42404 -0.11038 0.94873 -0.71327 -0.19712 0.077077 0.96163 -0.35674 0.8292 -0.3676 0.15004 0.62746 0.091752 0.11142 -0.015791 0.84124 0.24467 0.023366 0.54286 -0.068057 -0.87995 -0.59202 0.18641 0.50787 0.55458 0.48448 -0.42383 0.22249 -0.8823 -0.041186 -0.049256 0.31483 0.25182 0.10876 0.45824 -0.12085 -0.96037 -0.69492 0.93473 -0.31937 -0.31673 0.24099 -0.3822 -0.72243 0.18017 0.62991 0.0030923 -0.36699 -0.21576 -0.1654 -0.55928 0.11278 -0.62944 0.56955 -0.59166 -0.92922 0.044769 0.32981 0.697 -0.13983 0.40377 1.7035 -0.68531 0.49846 0.29719 0.27865 -0.18668 -0.93605 0.66117 0.01478 -0.30582 -0.4491 -0.44983 -0.39544 -0.37577 -0.18869 0.06883 -0.04811 -0.33131 1.0204 0.32457 -0.88047 0.018825 -0.303 -0.88685 0.35682 -0.3993 -0.10512 -0.86557 0.37554 0.48771 -0.28133 0.12722 -0.56959 0.33936 0.40162 0.1109 -0.20506 0.18093 -0.23185
OSGi	-0.37795 -0.031709 -0.29217 0.37885 -0.0093681 -0.46986 -0.15781 -0.0029426 0.0086481 0.25445 0.25601 -0.11514 0.38215 -0.11684 -0.070884 0.089214 -0.036241 -0.25663 0.00065043 -0.4485 -0.25641 -1.2952 0.27854 0.13715 0.16021 0.53533 0.069381 0.046408 -0.73357 0.32906 -0.25523 -0.37222 -0.092247 -0.42314 0.66199 0.46242 0.17882 0.24084 -0.16503 0.0040174 0.16276 0.43897 0.17825 0.48545 -0.09885 -0.034278 -0.042433 0.29371 -0.059853 0.52794 0.23339 -0.03977 0.035652 -0.5552 0.19313 1.1382 0.50249 -0.19221 0.48159 0.18333 0.017285 -0.42132 -0.42251 -0.30724 -0.68625 0.2257 -0.86919 -0.55742 -0.20116 -0.6454 -0.50187 -0.14346 -0.15677 -0.17954 -0.026552 -0.06578 0.2115 0.011541 0.41488 -0.25285 -0.38278 0.32508 0.74619 0.061889 0.79224 0.3959 -0.024943 0.37376 0.06846 0.27646 0.43657 0.021254 -0.14969 -0.14708 0.31567 -0.35839 -0.00037793 0.099856 0.21925 0.36211
NPE	0.39251 -0.064694 0.11221 -0.22993 -0.12931 -0.053765 0.013014 -0.065165 0.41 -0.57137 0.20531 -0.15271 -0.17004 0.19628 -0.079155 -0.0063398 0.19393 0.051485 0.25361 -0.32935 -0.55224 -0.032055 -0.29888 -0.11455 -0.019655 -0.0020003 0.20582 0.30757 -0.22034 -0.028855 -0.41733 0.54863 -0.14247 -0.46483 0.041835 -0.25208 0.16966 -0.30392 0.058037 0.61425 0.12493 0.27531 -0.093505 0.17293 -0.0044496 -0.59671 0.47847 -0.039082 -0.08129 0.21153 0.11132 0.30671 0.064612 -0.34849 0.37612 0.95869 0.42642 0.10971 -0.31907 -0.40349 -0.030294 -0.076926 -0.0063728 0.21734 -0.012176 0.13844 -0.33649 -0.45742 -0.033514 -0.24054 0.47394 -0.12294 -0.10005 0.16051 -0.0052661 -0.54318 0.0015187 0.38131 0.57936 -0.38196 -0.74615 -0.31416 0.66946 0.10078 0.50739 0.65004 0.11255 -0.027731 -0.060296 0.36606 -0.10761 0.20241 -0.35833 -0.13492 0.50889 -0.078604 0.25939 -0.25905 -0.061294 -0.15575
ethz	
iks	-0.080062 -0.3484 -0.38507 -0.1695 -0.4031 -0.29591 -0.21226 -0.050703 0.38092 -0.44563 0.30051 0.18095 0.14389 0.025896 -0.26184 -0.17336 -0.40757 0.14746 0.39552 0.19272 -0.19294 0.11532 -0.40979 -0.16688 -0.07782 0.096655 -0.2007 0.46117 0.29432 0.29171 -0.095117 0.086778 -0.1858 -0.54771 -0.11651 -0.62836 0.068057 -0.1594 -0.19208 -0.12039 0.12573 0.41224 -0.32387 0.22264 0.041821 -0.27623 -0.36403 0.011841 0.012954 0.56891 0.17974 0.53234 0.23036 -0.34498 0.0085814 1.0271 0.60487 0.27368 -0.47356 -0.56895 -0.15906 -0.027487 -0.15211 -0.32772 0.11374 0.13932 -0.5044 -0.43952 -0.037613 -0.14078 0.17216 0.38055 0.061573 0.16026 -0.19471 -0.36092 0.058694 0.18771 0.59178 -0.095677 -0.4716 -0.022771 0.53358 -0.23155 -0.055555 0.35974 0.13737 0.086697 0.33968 0.57227 -0.13655 0.39691 -0.030425 -0.11664 0.53764 -0.084548 0.063209 -0.35982 -0.14261 0.027601
osgi	-0.37795 -0.031709 -0.29217 0.37885 -0.0093681 -0.46986 -0.15781 -0.0029426 0.0086481 0.25445 0.25601 -0.11514 0.38215 -0.11684 -0.070884 0.089214 -0.036241 -0.25663 0.00065043 -0.4485 -0.25641 -1.2952 0.27854 0.13715 0.16021 0.53533 0.069381 0.046408 -0.73357 0.32906 -0.25523 -0.37222 -0.092247 -0.42314 0.66199 0.46242 0.17882 0.24084 -0.16503 0.0040174 0.16276 0.43897 0.17825 0.48545 -0.09885 -0.034278 -0.042433 0.29371 -0.059853 0.52794 0.23339 -0.03977 0.035652 -0.5552 0.19313 1.1382 0.50249 -0.19221 0.48159 0.18333 0.017285 -0.42132 -0.42251 -0.30724 -0.68625 0.2257 -0.86919 -0.55742 -0.20116 -0.6454 -0.50187 -0.14346 -0.15677 -0.17954 -0.026552 -0.06578 0.2115 0.011541 0.41488 -0.25285 -0.38278 0.32508 0.74619 0.061889 0.79224 0.3959 -0.024943 0.37376 0.06846 0.27646 0.43657 0.021254 -0.14969 -0.14708 0.31567 -0.35839 -0.00037793 0.099856 0.21925 0.36211
impl	
ChannelEndpointImpl	
handleMessage	
RemoteOSGiMessage	
SERVICE	-0.4224 -0.13313 -0.41418 -0.23677 0.19041 -0.32738 -0.23698 0.57607 -0.072985 0.035825 0.31916 -0.33207 0.26005 0.29836 0.026027 -1.0519 1.4233 -0.28315 -0.75118 0.19966 -0.44334 -0.25169 0.12302 0.12018 0.48829 -0.29525 -0.095826 0.37184 0.046189 0.029206 0.12688 1.0816 -0.25109 -0.42187 0.22496 0.44294 -0.98031 -0.070257 0.2825 -0.069401 0.40148 -0.34647 -0.22201 -0.044113 0.62697 -0.035738 0.35029 -0.80169 0.4902 -0.30755 0.72715 0.19385 -0.066447 0.93629 -0.035545 -1.9468 0.3688 -0.32078 3.1815 0.70017 -0.1323 -0.32202 0.35374 -0.22017 -0.014307 -0.2664 -0.24965 -0.057606 1.3354 0.63444 -0.22013 -0.44862 0.1921 -0.61758 0.73737 0.19194 0.67979 0.49879 -0.96222 -0.85897 0.41978 -0.16459 0.50896 0.52286 -1.6638 -0.25474 -0.14021 -0.13866 -0.079462 -0.056038 0.30532 -0.15325 0.21708 0.14577 -0.6953 0.046071 0.48616 -0.070558 0.12285 0.434
MODIFIED	-0.57299 -0.072105 -0.033707 0.28248 -0.27585 -0.32891 0.66587 0.11137 -0.083476 0.6268 -0.45585 -0.08344 0.41354 0.059321 0.3866 -0.020309 0.13512 0.6808 0.26276 -0.41172 -0.015604 -0.5012 0.63875 0.35677 0.40393 -0.22355 -0.8361 -0.88343 -0.37216 0.94311 0.17267 0.81496 -0.88381 -0.18278 0.4917 0.67024 0.32318 -0.33222 -0.41678 0.44295 0.050508 -0.94058 -0.02489 0.10113 0.33222 0.14768 -0.015098 -0.021144 -0.45126 -0.81378 0.025543 0.50494 0.2735 0.42298 -0.028807 -0.82758 -0.15562 0.2987 1.1048 -0.29258 0.18356 0.72251 0.42941 0.69848 0.87664 -0.49326 -0.86584 0.3755 -0.12117 -0.16145 -0.023796 -0.016667 0.10171 0.21019 -0.098235 0.20523 -0.19238 0.29608 -0.44475 -0.084087 -0.29761 -1.1081 -0.96497 0.28621 -0.64144 0.56024 0.86755 -0.77715 -0.54883 0.53558 -0.57273 -0.42069 -0.48895 -0.25948 0.35479 -0.44888 -0.82519 -0.29903 0.73412 -0.51524
received	0.6316 0.19742 -0.34281 -0.1557 0.68986 0.16975 0.35076 0.6097 -0.38117 0.13524 0.16673 -0.14274 0.15941 0.4306 0.21481 -0.47025 0.43005 -0.51582 -0.19327 0.73749 -0.28354 -0.24956 -0.15329 0.11363 -0.12924 -0.36787 0.11971 0.065129 0.74818 -0.3802 0.67221 0.87122 -0.092059 0.88669 -0.0016122 0.42023 -0.22736 0.51928 -1.0758 0.63688 -0.51272 0.060229 0.098448 -0.41515 0.61589 -0.31828 -0.014354 -0.39628 0.44775 -0.42946 0.24903 -0.021769 0.56386 0.38557 -0.65593 -1.9108 0.22578 -0.4925 1.3608 0.2922 0.44959 0.74226 -0.63361 0.30804 0.21659 -1.037 -0.21264 0.55096 0.45619 0.72729 -0.45986 0.23555 -0.0067362 0.25746 -0.0058665 1.0185 -0.52697 0.071986 -1.5352 -0.42067 0.76987 -0.26881 -0.31529 -0.5354 -1.3532 -0.338 0.62168 -0.74892 -0.059436 -0.38819 0.07084 -0.54418 -0.15339 0.31758 -0.26523 0.55795 -0.17072 0.27281 0.35882 -0.20648
SERVICE	-0.4224 -0.13313 -0.41418 -0.23677 0.19041 -0.32738 -0.23698 0.57607 -0.072985 0.035825 0.31916 -0.33207 0.26005 0.29836 0.026027 -1.0519 1.4233 -0.28315 -0.75118 0.19966 -0.44334 -0.25169 0.12302 0.12018 0.48829 -0.29525 -0.095826 0.37184 0.046189 0.029206 0.12688 1.0816 -0.25109 -0.42187 0.22496 0.44294 -0.98031 -0.070257 0.2825 -0.069401 0.40148 -0.34647 -0.22201 -0.044113 0.62697 -0.035738 0.35029 -0.80169 0.4902 -0.30755 0.72715 0.19385 -0.066447 0.93629 -0.035545 -1.9468 0.3688 -0.32078 3.1815 0.70017 -0.1323 -0.32202 0.35374 -0.22017 -0.014307 -0.2664 -0.24965 -0.057606 1.3354 0.63444 -0.22013 -0.44862 0.1921 -0.61758 0.73737 0.19194 0.67979 0.49879 -0.96222 -0.85897 0.41978 -0.16459 0.50896 0.52286 -1.6638 -0.25474 -0.14021 -0.13866 -0.079462 -0.056038 0.30532 -0.15325 0.21708 0.14577 -0.6953 0.046071 0.48616 -0.070558 0.12285 0.434
Channel	-0.21183 -1.0356 -0.15551 -0.37222 0.59516 -0.61258 0.095454 0.6933 0.084845 -0.17706 0.40876 0.2905 -0.1977 -0.39707 0.81058 -0.88032 0.18668 -0.85614 0.18177 0.82489 -0.44555 0.3703 0.28281 -0.3446 0.55956 -0.16047 1.0885 1.0577 0.43939 0.58779 0.38117 1.5147 -0.07617 0.34365 0.44608 0.30725 -0.23173 0.18667 -0.13398 -0.02381 -0.021041 0.021072 -1.1615 0.76058 0.23605 0.045941 -0.53227 -0.27979 0.33013 0.38971 -0.72542 0.76411 0.6777 0.96306 -0.27921 -2.5852 -0.44701 -0.070762 1.8283 0.7398 -0.065619 0.096321 0.054782 -0.84523 1.1805 0.6343 -0.34937 -0.089156 -0.11439 0.5795 0.06313 -0.37526 1.1238 0.31467 0.041778 0.19712 0.50768 0.68044 -0.39634 0.19469 -0.1276 -0.89352 0.27615 0.53791 -0.53131 -0.28043 -0.32583 0.39853 0.059562 0.22711 -0.34127 0.50271 -0.28149 -0.18473 -0.4278 -0.036081 0.13049 -0.69925 1.0117 0.66525
Endpoint	-0.43466 -0.029868 0.42223 0.14847 0.20019 -0.70884 0.24763 -0.32164 -0.41664 -0.24661 -0.066658 0.25426 0.113 0.054136 0.87193 -0.36828 0.56226 0.12592 0.11637 -0.16772 -0.1629 -1.5835 -0.2748 0.60253 -0.24364 0.36265 1.4485 0.58378 -0.5754 -0.35862 0.25015 0.26761 0.15773 0.13475 0.48609 0.15356 -0.93684 0.23149 0.80091 0.097016 0.17034 0.095056 -0.004704 0.60581 -0.21707 0.65593 0.49327 0.31674 -0.56774 0.36869 0.47387 -0.62113 0.52422 0.53371 0.55166 -0.024981 0.19483 -0.46835 -0.31824 -0.46648 0.44346 -1.0218 0.29387 0.29543 -0.16327 -0.48883 0.34142 0.15798 -0.32308 0.055614 -0.85859 -0.095256 0.18669 -0.74703 -0.23868 -1.1575 0.091269 -0.83514 0.073797 -0.51296 0.3025 0.7619 -0.46405 0.23173 -0.65475 0.65603 0.67513 0.46876 0.55823 0.094186 0.16143 0.64319 0.45238 0.78366 0.031424 0.46496 0.0058664 0.024866 -0.21466 1.1298
Impl	
handle	-0.47422 0.19725 -0.19055 -0.10651 -0.441 -0.039294 -0.76556 0.0376 0.50893 0.043533 0.24509 -0.149 0.60324 0.23234 -0.16092 -0.5175 -0.043791 0.58859 -0.15779 -0.4135 -0.097193 -0.28593 0.10204 -0.80818 -0.11255 -0.33566 -0.3259 -0.095823 0.21637 0.068409 -0.19144 0.54663 0.22971 0.095255 0.26711 0.093249 -0.047601 -0.17225 0.43808 0.052996 0.10351 -0.6921 -0.017864 -0.91947 -0.47246 0.61687 0.038059 -0.7117 0.075603 -0.61783 0.25808 0.1338 0.16201 0.85263 0.37208 -1.2243 0.50421 -0.12029 1.7033 0.16511 -0.20754 0.51839 -0.27295 -0.097981 0.34696 -0.34162 0.47405 0.53289 0.20428 0.30626 0.35061 -0.30196 0.1209 0.14498 1.0501 -0.046025 -0.78583 0.20823 0.13124 0.10774 1.1869 -0.055845 -0.49904 0.39575 -1.2235 -0.13159 0.25856 0.11442 -0.52661 -0.14896 -0.023413 0.90592 -0.094114 -1.0711 0.58785 0.11419 -0.14405 0.017651 0.90622 -0.14031
Message	-0.23549 0.17612 0.53694 -0.58153 0.76628 0.73879 0.088641 -0.69096 0.21927 -0.017776 -0.3396 -0.24198 -0.09196 -0.050946 0.4522 0.24603 -0.011776 -0.53467 -0.71997 -0.40876 -0.12933 -0.29109 -0.2786 -0.21827 -0.3356 0.3022 0.049955 1.0597 0.16311 0.062913 0.81497 0.81367 0.59378 0.58384 -0.11084 0.4228 -0.20897 0.017249 0.13114 -0.18551 -0.71765 -0.092925 0.54056 -0.025434 -0.58047 -0.34943 -0.17878 -0.14287 -0.064676 -0.65752 0.6238 0.44283 0.57329 0.69715 0.10428 -2.1677 -0.038487 0.094699 1.8683 -0.18477 0.15101 0.39202 -0.39221 -1.077 -0.058489 0.13997 -0.0010061 0.52575 0.10363 -0.46691 0.11698 -0.26252 0.33884 -1.3263 0.5787 1.063 0.35233 0.051346 -0.78228 -0.40203 0.033155 -0.60208 -0.60119 -0.39992 -1.7239 -0.27857 0.072127 -0.23671 -0.23954 -0.60354 -0.17496 0.49701 0.13858 0.36011 -0.085541 -0.45082 -0.083446 -0.50042 0.022629 0.83562
Remote	-0.92426 0.002137 1.0598 0.80448 0.42972 0.1274 -0.33902 0.67243 0.50649 0.38664 -0.096546 0.31104 0.55 -0.4653 0.36418 -0.18728 0.3153 -0.28295 -0.27222 0.50816 0.61652 0.69373 1.1713 -0.0074617 -0.088432 -0.21183 -0.15497 0.57059 -0.77853 0.42271 0.10135 -0.18357 0.010991 0.18982 0.99748 -0.3281 -0.50212 0.1803 0.97769 -0.60997 -0.51786 0.2914 0.42117 -0.14002 -0.097268 -0.021106 0.47643 0.69069 0.55734 0.12562 -0.48901 0.81874 -0.13408 0.52117 0.61787 -1.4667 -0.040906 -0.4764 2.0733 0.068914 0.014473 0.92739 0.8678 -0.15539 0.69516 -0.075412 0.15799 -0.70059 0.35172 -0.019877 -0.47683 -0.12152 0.57463 -0.30261 0.11891 -0.094136 0.37958 0.34579 -0.00077569 0.53967 0.80532 0.073346 -0.62746 -0.45651 -1.1421 0.76608 1.0947 0.42176 -0.26085 0.27456 0.65101 0.69481 0.46027 0.12029 -0.64123 0.39166 -0.36322 0.16798 0.13559 -0.50229
OSGi	-0.37795 -0.031709 -0.29217 0.37885 -0.0093681 -0.46986 -0.15781 -0.0029426 0.0086481 0.25445 0.25601 -0.11514 0.38215 -0.11684 -0.070884 0.089214 -0.036241 -0.25663 0.00065043 -0.4485 -0.25641 -1.2952 0.27854 0.13715 0.16021 0.53533 0.069381 0.046408 -0.73357 0.32906 -0.25523 -0.37222 -0.092247 -0.42314 0.66199 0.46242 0.17882 0.24084 -0.16503 0.0040174 0.16276 0.43897 0.17825 0.48545 -0.09885 -0.034278 -0.042433 0.29371 -0.059853 0.52794 0.23339 -0.03977 0.035652 -0.5552 0.19313 1.1382 0.50249 -0.19221 0.48159 0.18333 0.017285 -0.42132 -0.42251 -0.30724 -0.68625 0.2257 -0.86919 -0.55742 -0.20116 -0.6454 -0.50187 -0.14346 -0.15677 -0.17954 -0.026552 -0.06578 0.2115 0.011541 0.41488 -0.25285 -0.38278 0.32508 0.74619 0.061889 0.79224 0.3959 -0.024943 0.37376 0.06846 0.27646 0.43657 0.021254 -0.14969 -0.14708 0.31567 -0.35839 -0.00037793 0.099856 0.21925 0.36211
Message	-0.23549 0.17612 0.53694 -0.58153 0.76628 0.73879 0.088641 -0.69096 0.21927 -0.017776 -0.3396 -0.24198 -0.09196 -0.050946 0.4522 0.24603 -0.011776 -0.53467 -0.71997 -0.40876 -0.12933 -0.29109 -0.2786 -0.21827 -0.3356 0.3022 0.049955 1.0597 0.16311 0.062913 0.81497 0.81367 0.59378 0.58384 -0.11084 0.4228 -0.20897 0.017249 0.13114 -0.18551 -0.71765 -0.092925 0.54056 -0.025434 -0.58047 -0.34943 -0.17878 -0.14287 -0.064676 -0.65752 0.6238 0.44283 0.57329 0.69715 0.10428 -2.1677 -0.038487 0.094699 1.8683 -0.18477 0.15101 0.39202 -0.39221 -1.077 -0.058489 0.13997 -0.0010061 0.52575 0.10363 -0.46691 0.11698 -0.26252 0.33884 -1.3263 0.5787 1.063 0.35233 0.051346 -0.78228 -0.40203 0.033155 -0.60208 -0.60119 -0.39992 -1.7239 -0.27857 0.072127 -0.23671 -0.23954 -0.60354 -0.17496 0.49701 0.13858 0.36011 -0.085541 -0.45082 -0.083446 -0.50042 0.022629 0.83562

OSGi	-0.37795 -0.031709 -0.29217 0.37885 -0.0093681 -0.46986 -0.15781 -0.0029426 0.0086481 0.25445 0.25601 -0.11514 0.38215 -0.11684 -0.070884 0.089214 -0.036241 -0.25663 0.00065043 -0.4485 -0.25641 -1.2952 0.27854 0.13715 0.16021 0.53533 0.069381 0.046408 -0.73357 0.32906 -0.25523 -0.37222 -0.092247 -0.42314 0.66199 0.46242 0.17882 0.24084 -0.16503 0.0040174 0.16276 0.43897 0.17825 0.48545 -0.09885 -0.034278 -0.042433 0.29371 -0.059853 0.52794 0.23339 -0.03977 0.035652 -0.5552 0.19313 1.1382 0.50249 -0.19221 0.48159 0.18333 0.017285 -0.42132 -0.42251 -0.30724 -0.68625 0.2257 -0.86919 -0.55742 -0.20116 -0.6454 -0.50187 -0.14346 -0.15677 -0.17954 -0.026552 -0.06578 0.2115 0.011541 0.41488 -0.25285 -0.38278 0.32508 0.74619 0.061889 0.79224 0.3959 -0.024943 0.37376 0.06846 0.27646 0.43657 0.021254 -0.14969 -0.14708 0.31567 -0.35839 -0.00037793 0.099856 0.21925 0.36211
receives	-0.19272 0.71461 0.46095 0.07135 0.68999 0.33132 -0.36601 0.9055 0.39763 -0.69718 -0.10938 0.077611 0.10884 0.32812 0.040642 -0.26969 0.15665 -0.61087 0.77573 0.96919 -1.0859 -0.27359 -0.51037 0.13071 -0.1501 -0.063095 -0.39046 -0.00077296 0.55641 -0.86436 0.15477 0.96299 -0.0014003 0.49057 0.20279 0.41786 -0.48251 -0.10591 -0.6712 0.76307 -0.1241 0.12445 0.23701 -0.31992 0.42837 -0.10806 -0.45502 -0.38007 0.29511 0.1543 0.59342 -0.16789 0.76597 0.16389 -0.21383 -1.0137 0.01751 -0.86047 1.099 -0.20536 0.80904 -0.054566 0.094257 -0.41929 0.27937 -0.2392 -0.25783 -0.11418 0.60758 0.37147 -0.1273 -0.29018 0.2728 0.31615 0.85035 0.71929 -0.19906 -0.82973 -0.93542 0.17182 0.73376 0.29851 -0.97289 -0.4459 -0.48784 -0.03211 0.26676 -0.062082 0.9834 -0.083339 0.23134 0.15895 0.21944 -0.23312 -0.082546 0.41172 0.1839 0.11743 0.62688 -0.15195
SERVICE	-0.4224 -0.13313 -0.41418 -0.23677 0.19041 -0.32738 -0.23698 0.57607 -0.072985 0.035825 0.31916 -0.33207 0.26005 0.29836 0.026027 -1.0519 1.4233 -0.28315 -0.75118 0.19966 -0.44334 -0.25169 0.12302 0.12018 0.48829 -0.29525 -0.095826 0.37184 0.046189 0.029206 0.12688 1.0816 -0.25109 -0.42187 0.22496 0.44294 -0.98031 -0.070257 0.2825 -0.069401 0.40148 -0.34647 -0.22201 -0.044113 0.62697 -0.035738 0.35029 -0.80169 0.4902 -0.30755 0.72715 0.19385 -0.066447 0.93629 -0.035545 -1.9468 0.3688 -0.32078 3.1815 0.70017 -0.1323 -0.32202 0.35374 -0.22017 -0.014307 -0.2664 -0.24965 -0.057606 1.3354 0.63444 -0.22013 -0.44862 0.1921 -0.61758 0.73737 0.19194 0.67979 0.49879 -0.96222 -0.85897 0.41978 -0.16459 0.50896 0.52286 -1.6638 -0.25474 -0.14021 -0.13866 -0.079462 -0.056038 0.30532 -0.15325 0.21708 0.14577 -0.6953 0.046071 0.48616 -0.070558 0.12285 0.434
MODIFIED	-0.57299 -0.072105 -0.033707 0.28248 -0.27585 -0.32891 0.66587 0.11137 -0.083476 0.6268 -0.45585 -0.08344 0.41354 0.059321 0.3866 -0.020309 0.13512 0.6808 0.26276 -0.41172 -0.015604 -0.5012 0.63875 0.35677 0.40393 -0.22355 -0.8361 -0.88343 -0.37216 0.94311 0.17267 0.81496 -0.88381 -0.18278 0.4917 0.67024 0.32318 -0.33222 -0.41678 0.44295 0.050508 -0.94058 -0.02489 0.10113 0.33222 0.14768 -0.015098 -0.021144 -0.45126 -0.81378 0.025543 0.50494 0.2735 0.42298 -0.028807 -0.82758 -0.15562 0.2987 1.1048 -0.29258 0.18356 0.72251 0.42941 0.69848 0.87664 -0.49326 -0.86584 0.3755 -0.12117 -0.16145 -0.023796 -0.016667 0.10171 0.21019 -0.098235 0.20523 -0.19238 0.29608 -0.44475 -0.084087 -0.29761 -1.1081 -0.96497 0.28621 -0.64144 0.56024 0.86755 -0.77715 -0.54883 0.53558 -0.57273 -0.42069 -0.48895 -0.25948 0.35479 -0.44888 -0.82519 -0.29903 0.73412 -0.51524
service	-0.4224 -0.13313 -0.41418 -0.23677 0.19041 -0.32738 -0.23698 0.57607 -0.072985 0.035825 0.31916 -0.33207 0.26005 0.29836 0.026027 -1.0519 1.4233 -0.28315 -0.75118 0.19966 -0.44334 -0.25169 0.12302 0.12018 0.48829 -0.29525 -0.095826 0.37184 0.046189 0.029206 0.12688 1.0816 -0.25109 -0.42187 0.22496 0.44294 -0.98031 -0.070257 0.2825 -0.069401 0.40148 -0.34647 -0.22201 -0.044113 0.62697 -0.035738 0.35029 -0.80169 0.4902 -0.30755 0.72715 0.19385 -0.066447 0.93629 -0.035545 -1.9468 0.3688 -0.32078 3.1815 0.70017 -0.1323 -0.32202 0.35374 -0.22017 -0.014307 -0.2664 -0.24965 -0.057606 1.3354 0.63444 -0.22013 -0.44862 0.1921 -0.61758 0.73737 0.19194 0.67979 0.49879 -0.96222 -0.85897 0.41978 -0.16459 0.50896 0.52286 -1.6638 -0.25474 -0.14021 -0.13866 -0.079462 -0.056038 0.30532 -0.15325 0.21708 0.14577 -0.6953 0.046071 0.48616 -0.070558 0.12285 0.434
SERVICE	-0.4224 -0.13313 -0.41418 -0.23677 0.19041 -0.32738 -0.23698 0.57607 -0.072985 0.035825 0.31916 -0.33207 0.26005 0.29836 0.026027 -1.0519 1.4233 -0.28315 -0.75118 0.19966 -0.44334 -0.25169 0.12302 0.12018 0.48829 -0.29525 -0.095826 0.37184 0.046189 0.029206 0.12688 1.0816 -0.25109 -0.42187 0.22496 0.44294 -0.98031 -0.070257 0.2825 -0.069401 0.40148 -0.34647 -0.22201 -0.044113 0.62697 -0.035738 0.35029 -0.80169 0.4902 -0.30755 0.72715 0.19385 -0.066447 0.93629 -0.035545 -1.9468 0.3688 -0.32078 3.1815 0.70017 -0.1323 -0.32202 0.35374 -0.22017 -0.014307 -0.2664 -0.24965 -0.057606 1.3354 0.63444 -0.22013 -0.44862 0.1921 -0.61758 0.73737 0.19194 0.67979 0.49879 -0.96222 -0.85897 0.41978 -0.16459 0.50896 0.52286 -1.6638 -0.25474 -0.14021 -0.13866 -0.079462 -0.056038 0.30532 -0.15325 0.21708 0.14577 -0.6953 0.046071 0.48616 -0.070558 0.12285 0.434
updating	-0.63828 -0.10633 0.63068 0.49024 0.12774 0.37407 -0.34377 0.049221 0.34509 0.68783 0.32471 -0.44997 0.010203 -0.66059 0.029517 0.068902 0.46978 -0.25609 0.5729 0.24016 -0.89959 -0.32508 0.35119 0.39893 0.17261 -0.63212 -0.14049 -0.040108 -0.39655 0.21521 -0.34456 -0.11776 -0.33407 -0.11272 -0.64475 -0.37493 -0.57005 -0.95861 -0.22841 0.048008 0.16017 0.29906 -0.064011 0.37149 -0.54295 0.23759 -0.57138 -0.82637 0.26782 -0.89169 0.92317 0.1377 -0.25676 0.4254 -0.35004 -0.3061 0.72419 -0.0074224 0.17703 0.098961 -0.40171 0.081845 0.023853 0.38327 0.1426 0.42065 -0.43683 -0.1042 0.4276 0.13609 0.20292 0.19379 -0.14507 -0.69031 0.24541 0.10835 -0.00032783 0.079749 -0.45863 -0.61777 0.013025 -0.69507 -0.11467 0.42916 -0.45446 0.77966 0.31102 -0.19471 -1.3336 0.083431 0.3342 0.16389 0.017275 -0.70542 -0.15548 -0.79307 0.35215 -0.58699 0.54297 0.83958
local	-0.25705 -0.056895 -0.38103 -0.1633 -0.19937 0.73123 -0.83978 0.12207 0.064 -0.051298 -0.20529 -0.51608 1.0715 -0.39833 -0.011018 -0.67058 0.61779 -0.46179 -0.6028 0.58382 0.058594 -0.11426 0.30986 -0.45358 -0.64295 -0.56793 0.49637 -0.21814 -0.37259 0.51212 -0.30333 0.49532 -0.01094 -0.20761 -0.29515 -0.091099 -0.19297 0.08766 0.22425 -0.28002 -0.36694 -0.53684 -0.33855 -0.08138 0.34688 -0.36968 -0.48864 -0.32651 0.17115 -0.51082 -0.83976 -0.12183 0.040502 0.85973 -0.027636 -1.8123 -0.46292 -0.089537 2.125 0.21124 -0.3513 0.38008 -0.038145 0.41435 0.95104 -0.36015 -0.39613 -0.081013 1.2736 -0.18993 -0.57729 -0.10705 0.31843 -0.58925 0.59191 0.031524 0.21643 0.033633 -1.4361 -0.10702 1.1811 -0.36954 0.1076 -0.2687 -0.99119 -0.19391 -0.72232 0.47841 -0.052689 -0.20413 0.50409 -0.18552 -0.46622 0.38134 -1.3392 0.0072733 -0.18733 -0.21285 1.1771 0.13427
service	-0.4224 -0.13313 -0.41418 -0.23677 0.19041 -0.32738 -0.23698 0.57607 -0.072985 0.035825 0.31916 -0.33207 0.26005 0.29836 0.026027 -1.0519 1.4233 -0.28315 -0.75118 0.19966 -0.44334 -0.25169 0.12302 0.12018 0.48829 -0.29525 -0.095826 0.37184 0.046189 0.029206 0.12688 1.0816 -0.25109 -0.42187 0.22496 0.44294 -0.98031 -0.070257 0.2825 -0.069401 0.40148 -0.34647 -0.22201 -0.044113 0.62697 -0.035738 0.35029 -0.80169 0.4902 -0.30755 0.72715 0.19385 -0.066447 0.93629 -0.035545 -1.9468 0.3688 -0.32078 3.1815 0.70017 -0.1323 -0.32202 0.35374 -0.22017 -0.014307 -0.2664 -0.24965 -0.057606 1.3354 0.63444 -0.22013 -0.44862 0.1921 -0.61758 0.73737 0.19194 0.67979 0.49879 -0.96222 -0.85897 0.41978 -0.16459 0.50896 0.52286 -1.6638 -0.25474 -0.14021 -0.13866 -0.079462 -0.056038 0.30532 -0.15325 0.21708 0.14577 -0.6953 0.046071 0.48616 -0.070558 0.12285 0.434
instance	0.010899 0.39406 0.29634 0.36196 0.17799 0.17844 -0.075818 -0.11781 0.14571 -0.32329 -0.13999 -0.53306 0.042798 0.060121 0.011715 -0.053521 -0.027406 0.16515 -0.18966 0.38056 -0.068888 -0.32456 0.0047983 0.0028581 -0.086792 -0.12493 -0.0851 -0.38793 -0.33017 -0.27078 0.30466 0.64281 -0.10773 -0.33889 0.24451 0.22412 0.18467 -0.073845 0.43074 -0.33632 0.018725 -0.10932 -0.23746 -0.082098 -0.36712 -0.022573 0.46992 -0.29503 -0.22163 -0.57501 0.64988 -0.072025 0.11586 0.53095 -0.30042 -1.3944 -0.18381 -0.081316 1.1893 0.28351 -0.31151 0.35893 0.26718 -0.27926 1.049 -0.15551 0.17589 0.010665 0.30881 0.075101 -0.2255 0.11474 0.12657 0.29895 0.15033 0.032254 0.14809 -0.24944 -0.56316 0.038885 0.28959 -0.47264 -0.42758 -0.36073 -1.387 -0.0091781 0.014228 -0.39159 -0.043444 -0.10748 -0.030113 -0.24122 0.21177 -0.10005 -0.20015 0.16969 -0.26354 -0.4874 0.44446 -0.053874

