Wizards	0.45277 -0.95145 1.2588 -1.5291 -0.24464 0.11584 0.72555 -0.20202 -0.80939 -0.49523 -0.10235 -1.4332 -0.06722 -0.91237 -0.40223 0.092464 -0.31528 0.98513 -0.85956 -0.18487 0.1288 0.083957 -0.65702 0.10178 0.18702 -0.57933 0.48097 -0.27341 -0.13657 -0.50665 0.0012894 0.39486 -1.0932 0.29409 -0.74907 -0.60957 -0.23074 0.1075 0.30048 0.37791 0.17599 -0.28051 -0.14187 -0.17389 0.20343 -0.10671 -0.092883 0.38577 0.74928 0.17776 -0.37183 0.096758 -0.24412 0.13483 0.047138 -0.83617 -0.41267 -0.17634 -0.57611 0.48477 -0.96287 0.0022048 -0.61977 0.034388 -0.30046 0.66928 1.0604 0.62802 -0.8481 -0.1519 -0.64895 -0.60836 0.053187 0.56528 -0.5234 -0.16795 -0.21193 0.79166 -0.24749 0.084468 0.11215 0.76661 -0.70327 0.37404 -0.28349 0.55021 0.37191 0.16978 0.59537 0.022517 -0.51079 0.12896 0.07076 -0.28297 -0.73806 -0.66836 -0.039209 0.082565 0.31097 -0.21282
Wizards	0.45277 -0.95145 1.2588 -1.5291 -0.24464 0.11584 0.72555 -0.20202 -0.80939 -0.49523 -0.10235 -1.4332 -0.06722 -0.91237 -0.40223 0.092464 -0.31528 0.98513 -0.85956 -0.18487 0.1288 0.083957 -0.65702 0.10178 0.18702 -0.57933 0.48097 -0.27341 -0.13657 -0.50665 0.0012894 0.39486 -1.0932 0.29409 -0.74907 -0.60957 -0.23074 0.1075 0.30048 0.37791 0.17599 -0.28051 -0.14187 -0.17389 0.20343 -0.10671 -0.092883 0.38577 0.74928 0.17776 -0.37183 0.096758 -0.24412 0.13483 0.047138 -0.83617 -0.41267 -0.17634 -0.57611 0.48477 -0.96287 0.0022048 -0.61977 0.034388 -0.30046 0.66928 1.0604 0.62802 -0.8481 -0.1519 -0.64895 -0.60836 0.053187 0.56528 -0.5234 -0.16795 -0.21193 0.79166 -0.24749 0.084468 0.11215 0.76661 -0.70327 0.37404 -0.28349 0.55021 0.37191 0.16978 0.59537 0.022517 -0.51079 0.12896 0.07076 -0.28297 -0.73806 -0.66836 -0.039209 0.082565 0.31097 -0.21282
recreated	-0.6076 -0.1436 0.13657 0.31645 0.303 0.53922 -0.070636 0.56951 0.19211 0.20391 -0.30808 0.19248 0.36101 -0.31237 0.32566 0.13414 0.65195 0.53343 0.011592 -0.37805 0.17804 -0.27599 0.50932 -0.20732 -0.28481 -1.1494 -0.13828 0.28408 -0.020472 -0.14797 0.090882 -0.10384 -0.46105 0.084173 0.17937 -0.15171 -0.23862 -0.39986 -0.16441 -0.58889 0.24917 0.029232 -0.28218 0.54152 0.29189 0.38512 0.20635 -0.07696 0.26797 -0.094417 -0.3215 0.0069139 0.50965 0.18372 -0.18339 -0.33611 0.011233 0.19685 -0.68992 -0.12705 -0.14382 1.2394 -0.052745 0.56459 0.30282 -0.39634 0.12719 -0.16377 -0.24655 0.27623 0.42495 0.22507 0.062487 0.42957 0.27855 -0.34441 -0.056114 -0.14166 -0.041574 0.070249 -0.90741 -0.38047 0.30854 0.74475 -0.31242 0.20339 0.071889 -0.23964 -0.70043 -0.07304 -0.027882 -0.28633 0.042199 0.18505 0.26848 -0.57898 0.14731 0.024605 -0.15719 -0.12122
returning	0.061297 -0.33366 0.24505 -0.19957 0.13337 0.33015 -0.10175 0.29849 -0.0013691 -0.17069 0.020092 -0.23834 0.34436 0.35326 0.08084 -0.8793 0.32703 -0.11315 -0.013888 0.27443 0.054094 0.19363 -0.047026 -0.014907 0.08251 -0.019807 -0.33673 -0.29679 0.95611 0.25216 -0.76916 -0.041171 -0.36759 -0.2032 0.1487 -0.2589 -0.25997 0.27002 -0.61829 -0.27136 -1.1572 -0.2647 0.66423 -0.098217 0.6172 0.18932 -0.10701 -0.24379 0.3459 -0.51181 0.27908 -0.23308 0.053982 0.69566 0.023422 -1.6845 -0.29688 -0.76262 1.3091 0.58675 -0.33141 0.76236 -0.14551 -0.33709 0.066883 0.46721 -0.10996 -0.10507 -0.39426 0.46763 -0.37424 -0.3342 -0.48735 -0.21112 0.0067021 0.36046 -0.095067 0.43507 -0.21564 -0.252 0.14487 0.56545 -0.2892 0.17986 -0.52848 0.021508 0.13388 -0.030233 -0.79944 -0.39235 -0.4702 -0.21939 0.56069 0.12634 -1.1697 -0.16777 0.16169 0.91045 0.19705 -0.17221

WizardDialog	
showPage	
showStartingPage	
Wizard	0.30943 -0.027142 0.57865 -0.66131 -0.37233 0.40766 -0.28125 0.19348 -0.63497 -0.15076 0.51541 -0.29725 -0.44139 -0.18555 -0.050061 0.23124 0.72155 0.48756 -0.11408 0.27156 -0.11943 -0.59162 -0.41341 -0.58532 0.72202 0.57366 -0.045198 -0.10238 -0.73343 0.17508 0.19473 0.20816 -0.71834 -0.498 -0.28099 0.068696 -0.45862 -0.085602 0.61675 -0.67167 -0.4965 0.9813 0.049607 -0.33754 0.3795 0.013658 -0.24706 0.27496 1.0845 0.31973 -0.61015 0.4988 0.80413 0.6645 0.38931 -1.1298 -0.64792 0.81243 -0.25604 0.24574 0.33378 0.6617 -0.60108 0.48613 -0.055998 -0.12294 0.66535 0.083019 0.34038 -0.046341 0.21789 -0.40441 -0.6909 0.23113 -0.71145 0.43484 0.29558 0.061657 0.40441 -0.46717 0.31722 0.24555 -0.27227 0.0086042 -0.80633 1.0741 -0.28451 -0.53425 1.1546 -0.058712 -0.2407 0.43571 0.69136 -0.12494 0.80896 -0.69991 0.15549 -0.49105 -0.28633 -0.18998
Dialog	-0.081726 0.46417 0.20835 0.59733 0.5076 0.24623 -0.13514 -0.41612 0.43315 -0.085536 -0.29076 0.88614 0.39575 0.38106 0.19287 0.90484 -0.28599 -0.43945 0.38552 -0.94508 -0.66604 -0.48327 -0.13192 -0.81865 0.43309 -0.79142 0.61244 1.2519 -0.25977 -0.21395 -0.60279 0.65817 -0.23389 0.066654 0.98833 0.081069 0.5182 -0.062422 0.077954 -1.0651 0.34212 -0.093344 -1.0221 0.071683 -0.65329 -0.36073 -0.50563 -0.31165 -0.54867 -0.01472 -0.1783 0.27972 -0.56301 -0.17574 -0.47528 -0.71143 -0.03896 -0.45062 0.11495 0.36484 -0.987 -0.56469 -0.29624 -0.023949 0.042657 0.41057 0.46729 0.52483 0.58186 -0.071147 0.1943 0.24283 0.50402 -1.5412 0.013025 0.048709 -0.64216 0.24544 -0.60686 -0.12898 0.46033 0.36024 0.76082 0.42447 -0.31352 0.4349 0.15701 0.17892 0.28682 -0.58243 -0.49924 0.42192 -0.30452 -0.052803 0.16577 0.25134 0.78216 -0.3713 -0.28215 0.93175
Starting	0.20172 0.14368 -0.12133 -0.2206 -0.37562 -0.2354 0.29085 0.35257 -0.65712 -0.24699 0.006175 -0.34474 0.099506 0.13032 0.32152 -0.67671 0.0087178 0.29792 -0.15313 -0.065781 0.0024514 -0.020527 -0.25675 0.44415 0.47527 -0.55734 -0.07921 -0.30109 0.44649 0.16095 -0.75398 0.38665 0.16623 -0.54103 -0.14813 -0.0464 -0.88903 -0.030756 -0.32196 -0.10086 0.18451 0.15912 0.37827 0.042027 0.024586 -0.097004 0.14191 -0.65628 0.49297 -1.0124 0.066858 -0.053274 -0.78622 0.79071 -0.010298 -2.2708 -0.66974 -0.30863 1.6505 0.62217 -0.93061 0.92424 -0.37226 -0.049971 0.85103 0.22992 -0.031587 0.17209 -0.23089 -0.096218 -0.053722 -0.25272 -0.71172 -0.29482 -0.12169 -0.11225 -0.26362 0.38699 -0.18138 -0.27327 0.18755 -0.1164 -0.89962 -0.33885 -0.45338 0.19239 0.26671 -0.23087 -0.36193 -0.093989 -0.52182 0.53313 -0.22165 0.11112 -0.68253 0.22489 -0.0090306 0.25981 0.9567 0.14462

getControl	
null	0.079432 -0.14054 -0.10462 -0.36259 -0.22721 -0.13612 0.74755 0.32809 0.54364 0.12091 -0.53579 -0.093852 -0.1253 0.0075018 0.54402 -0.51891 0.34596 1.3306 1.0153 0.31239 0.16274 -0.026524 0.73949 0.5574 1.1129 -0.44905 1.0968 0.73696 -0.44728 0.032219 1.1976 0.059368 -0.37853 -0.21233 0.1351 -0.34381 0.48377 0.017526 -0.46031 -0.77044 -0.85068 0.30327 0.11417 -0.25013 0.014417 -0.05347 -0.30477 0.40744 -1.4463 0.85099 0.66363 0.0049562 0.57099 0.27496 0.0087559 -0.84859 0.74672 0.51043 0.18724 -0.012529 -0.42562 -0.84412 -0.50242 0.016912 0.41224 0.25004 0.12519 0.56298 -1.0472 -1.0784 -0.88615 0.11577 0.85152 0.16019 0.83352 -0.38092 0.044191 0.22782 -0.38651 -0.019875 -0.89481 -0.35736 -0.48555 0.036485 -0.43308 0.16881 1.0746 0.095382 0.54107 -0.38136 -1.2123 0.51573 0.16573 0.67943 0.35327 0.17672 0.25803 0.068445 -1.2016 -0.20168
support	-0.56889 1.0741 -0.47046 -0.0033372 0.3851 -0.14175 -0.5763 -0.30484 -0.095918 0.17786 -0.24177 -0.49157 -0.11069 -0.50345 0.091845 -0.40238 0.044992 -0.44403 -0.40238 0.56918 -0.11842 -0.29087 0.40975 -0.11389 -0.29725 -0.086441 0.014207 -0.26746 0.5926 0.066809 0.37691 0.71682 -0.028315 0.53827 0.29448 0.45476 0.5612 0.26344 -0.27477 0.2525 -0.64092 -0.3026 0.86114 -0.091432 0.08479 -0.73649 0.118 -0.26196 -0.30272 -0.81631 -0.31151 0.59154 0.12937 1.133 0.26651 -2.3144 0.79084 -1.2599 2.0374 0.2555 0.058432 -0.43257 0.054661 0.62745 0.58952 0.3839 -0.34004 0.39992 0.41631 -0.020312 0.65422 -0.17546 -0.58449 -1.0952 0.12616 0.40292 -0.32494 0.60967 -1.0284 -0.13108 0.40814 -0.0091753 0.034471 -0.035219 -1.507 0.044173 0.52328 0.53537 -0.21608 -0.62004 -0.1398 -0.37402 -0.13175 0.73579 -0.35415 -0.23068 -0.21276 -0.11696 0.77543 0.65422
lazy	0.14481 -0.20397 0.3596 -0.59938 -0.93979 0.59784 -0.21619 0.73051 -0.36588 -0.19962 0.14571 0.1642 0.1086 -0.78575 0.53327 0.37127 -0.33013 -0.082276 0.73923 0.86931 0.37934 1.2427 -0.19554 -0.53849 0.20681 0.76727 -0.9714 -0.016255 -0.12529 0.36231 0.13313 0.60993 0.44345 -0.3654 0.22531 0.72985 -0.69992 0.14427 0.85324 0.21268 -0.46674 0.25746 -0.88493 0.042164 -0.24125 -0.11241 -0.52837 0.38905 0.35523 0.29078 -0.47363 -0.30561 0.072255 0.31778 -0.64297 -0.3527 0.49651 0.29722 0.68888 -0.54184 0.04863 0.26221 -0.61438 -0.2591 0.66305 0.25526 0.42406 -0.22196 -0.053041 -0.80721 -0.89748 -0.1165 0.45258 0.24817 -0.14874 -0.20952 -0.58499 0.5573 0.47503 -0.6429 -0.11219 0.2627 -0.4951 -0.0085495 -0.86135 -0.21422 0.0086754 0.35554 -0.48077 -0.39897 -0.012746 0.13761 -0.20283 0.40565 0.056275 -0.35009 -0.745 -0.42987 -0.56238 -0.13433
control	-0.16488 -1.027 0.58678 -0.084775 -0.14952 0.20733 -0.5558 -0.23405 0.28853 0.22328 0.01886 0.076547 0.21697 -0.15205 -0.091678 -0.16133 0.014861 -0.15468 -0.16224 -0.59454 0.45081 -0.35927 0.56715 -0.52683 -0.2661 -0.42756 -0.030021 -0.25014 -0.022355 -0.13324 0.28761 0.42139 -0.054242 0.060897 0.035595 -0.28559 0.11626 0.35641 -0.097582 0.027215 -0.29012 -0.40101 0.14145 -0.76829 0.22792 0.072385 -0.21202 -0.068352 -0.030707 -0.65373 -0.12439 0.57447 -0.56502 1.5445 0.95812 -2.3604 0.34269 -0.11281 1.9797 0.31825 0.65544 0.085859 0.20073 0.43008 0.79615 0.66409 -0.07841 -0.093079 0.25357 0.46342 0.063688 -0.60433 0.33363 -0.045715 -0.086716 -0.93347 -0.8118 0.12537 -1.1177 0.43213 0.83994 -0.35018 -0.85687 0.54444 -1.4956 0.93219 0.99946 -0.1268 -0.24329 -0.23052 0.33069 -0.33041 0.015818 0.47067 -0.3768 0.42395 0.05533 -0.34021 0.78655 0.076509
creation	0.17944 -0.088062 -0.16082 0.61237 1.0264 -0.22088 -0.16349 -0.12031 0.17207 -0.11329 -0.33891 -0.53967 -0.015016 -0.25236 0.39759 0.045371 0.6166 0.38142 -0.26401 0.26512 -0.35386 -0.48183 -0.041926 -0.40655 -0.0099894 -0.5701 -0.26383 -0.13589 -0.43555 0.30042 -0.26851 -0.017507 -0.33034 -0.67307 0.016519 -0.47516 0.25198 -0.1118 -0.43179 -0.41754 -0.33294 0.046192 0.10528 0.43216 0.18193 -0.16754 0.23906 -0.048331 -0.30776 -0.49652 -0.16056 0.36711 0.11986 0.89555 -0.31453 -2.0169 0.57157 -0.15586 1.0873 0.2497 0.066777 0.36691 0.17716 -0.052086 1.3411 0.078942 -0.35478 -0.013582 0.41791 -0.50084 0.88195 0.38367 -0.66495 -0.41454 0.18591 -0.22261 -0.11167 0.10845 -0.9898 -0.27103 0.25306 0.45618 0.14429 0.28094 -0.96747 0.645 0.30052 -0.69324 0.46393 -0.47057 0.51243 -0.28354 -0.28656 0.23388 -0.10315 -0.72414 0.05555 -0.24718 0.47394 -0.17682
Control	-0.16488 -1.027 0.58678 -0.084775 -0.14952 0.20733 -0.5558 -0.23405 0.28853 0.22328 0.01886 0.076547 0.21697 -0.15205 -0.091678 -0.16133 0.014861 -0.15468 -0.16224 -0.59454 0.45081 -0.35927 0.56715 -0.52683 -0.2661 -0.42756 -0.030021 -0.25014 -0.022355 -0.13324 0.28761 0.42139 -0.054242 0.060897 0.035595 -0.28559 0.11626 0.35641 -0.097582 0.027215 -0.29012 -0.40101 0.14145 -0.76829 0.22792 0.072385 -0.21202 -0.068352 -0.030707 -0.65373 -0.12439 0.57447 -0.56502 1.5445 0.95812 -2.3604 0.34269 -0.11281 1.9797 0.31825 0.65544 0.085859 0.20073 0.43008 0.79615 0.66409 -0.07841 -0.093079 0.25357 0.46342 0.063688 -0.60433 0.33363 -0.045715 -0.086716 -0.93347 -0.8118 0.12537 -1.1177 0.43213 0.83994 -0.35018 -0.85687 0.54444 -1.4956 0.93219 0.99946 -0.1268 -0.24329 -0.23052 0.33069 -0.33041 0.015818 0.47067 -0.3768 0.42395 0.05533 -0.34021 0.78655 0.076509

works	-0.079342 0.88869 -0.71956 0.24012 1.1896 -0.13472 0.0095736 0.087755 -0.15262 0.0027888 0.20899 -0.57707 0.072431 0.076252 -0.61896 0.03513 0.56163 0.20249 -0.28069 0.53517 -0.11662 -0.060167 0.13314 -0.3963 0.11516 -1.0176 -0.20965 -0.54887 -0.28352 0.12293 -0.78741 0.42936 -0.51052 0.079762 -0.79634 0.57639 0.035476 -0.21602 -0.14236 -0.468 0.15326 0.027309 -0.20222 -0.0085887 -0.18857 -0.39865 -0.19507 -0.78061 0.08192 0.23113 0.22329 0.24319 0.23046 0.66039 -0.24258 -1.9062 -0.6284 -0.14386 0.92526 0.4749 0.29137 1.3036 -0.061828 0.43589 0.82714 -0.034249 0.80185 0.27866 0.24371 -0.27167 0.19863 0.23514 0.34294 -0.10369 0.71449 -0.34038 0.16422 0.31858 -0.52167 -0.12131 0.27495 0.25664 -0.13082 0.24142 -1.9623 0.40121 -0.45484 -0.90618 -0.21689 -0.54578 0.27799 -0.6985 0.33897 0.16657 -0.30725 0.34652 -0.53584 -0.93369 0.46869 0.2453
fine	0.50524 0.49487 -0.57382 -0.19878 0.16578 0.64916 -0.14788 0.65114 -0.86498 0.4144 0.21107 -0.1121 0.0033262 0.42904 -0.49725 0.15506 0.087368 -0.12598 0.11332 0.60715 -0.014731 0.34582 0.024792 -0.84266 0.813 0.24279 -0.11892 -0.76233 -0.2967 -0.556 -0.48954 0.39169 -0.51243 -0.65189 -0.011227 0.32606 -0.38608 0.12961 -0.20578 -0.20629 0.015644 -0.62893 -0.21359 -0.54267 0.066605 -0.12273 0.33461 -0.71913 0.053859 -0.5573 1.095 -0.99758 0.38914 0.24758 -0.80934 -1.6869 -0.075219 0.12027 1.784 -0.014464 0.11521 0.76813 -1.2293 0.38979 0.24426 -0.67547 0.78261 0.39327 0.10033 -0.44015 0.10121 0.44044 0.29407 0.24318 0.61026 0.081601 -0.301 0.12639 0.33326 0.59611 0.71209 -0.32781 -0.22155 -0.33511 -0.76758 0.061699 0.049072 -0.025772 -0.18831 -0.60968 -0.059103 -0.70868 -0.061518 -0.51614 -0.27847 0.21651 -0.43209 -0.41922 0.66612 -0.1165
wizard	0.30943 -0.027142 0.57865 -0.66131 -0.37233 0.40766 -0.28125 0.19348 -0.63497 -0.15076 0.51541 -0.29725 -0.44139 -0.18555 -0.050061 0.23124 0.72155 0.48756 -0.11408 0.27156 -0.11943 -0.59162 -0.41341 -0.58532 0.72202 0.57366 -0.045198 -0.10238 -0.73343 0.17508 0.19473 0.20816 -0.71834 -0.498 -0.28099 0.068696 -0.45862 -0.085602 0.61675 -0.67167 -0.4965 0.9813 0.049607 -0.33754 0.3795 0.013658 -0.24706 0.27496 1.0845 0.31973 -0.61015 0.4988 0.80413 0.6645 0.38931 -1.1298 -0.64792 0.81243 -0.25604 0.24574 0.33378 0.6617 -0.60108 0.48613 -0.055998 -0.12294 0.66535 0.083019 0.34038 -0.046341 0.21789 -0.40441 -0.6909 0.23113 -0.71145 0.43484 0.29558 0.061657 0.40441 -0.46717 0.31722 0.24555 -0.27227 0.0086042 -0.80633 1.0741 -0.28451 -0.53425 1.1546 -0.058712 -0.2407 0.43571 0.69136 -0.12494 0.80896 -0.69991 0.15549 -0.49105 -0.28633 -0.18998
called	-0.69321 -0.4055 -0.097805 -0.24244 0.17236 0.08163 -0.047831 0.44821 -0.24222 -0.065717 -0.53115 -0.40135 0.28277 0.20314 0.30505 0.14683 0.72686 -0.12494 -0.42272 0.016589 0.2993 -0.23278 -0.34599 -0.28389 0.21532 0.072135 -0.080068 -0.097477 0.039596 0.54599 0.31484 0.75374 -0.12927 0.39599 0.5641 0.14666 0.42306 0.27284 0.1955 -0.12319 -0.65589 0.27151 0.23175 -0.35651 -0.0093057 -0.095994 -0.30947 -0.0073496 -0.078173 0.085239 -0.18881 0.14317 0.46056 0.70236 -1.0063 -2.6236 -0.20536 -0.08254 1.3812 0.91392 -0.03478 0.22303 -0.038465 -0.35531 0.97832 -0.3384 0.42215 0.504 0.24439 -0.40787 0.10728 -0.2331 -0.48326 -0.39685 -0.10597 -0.047702 0.20389 0.28397 -1.0879 0.045633 0.61092 -0.44083 -0.58399 0.007972 -1.478 0.15884 0.17551 -0.25211 0.096376 -0.50949 0.11716 -0.3603 -0.4453 0.65606 -0.046028 -0.45997 -0.47293 -0.48659 0.58224 -0.033299
time	-0.024221 -0.034855 0.3571 -0.02155 -0.54804 0.31822 0.012929 0.35174 -0.4169 -0.29411 0.63723 -0.14859 -0.015264 -0.35811 0.12395 -0.67468 0.28165 -0.006541 -0.41743 0.0056387 0.26789 0.18282 0.077023 0.23808 0.505 -0.24993 -0.029143 -0.50666 0.42215 -0.097988 -0.45997 0.37969 -0.12402 -0.19568 -0.12479 0.24071 -0.51656 0.44866 -0.040484 -0.41001 -0.55576 -0.26892 0.19317 0.089754 -0.27962 -0.1567 0.39276 -0.97373 0.44148 -0.97508 0.0028868 -0.29774 0.33367 1.5798 -0.047833 -2.9699 -0.41627 0.034471 1.6993 0.8347 -0.28926 0.85307 -0.23608 0.12667 0.99202 -0.18601 0.28053 0.085047 0.27694 -0.030098 -0.30514 -0.29668 -0.027471 -0.2722 0.13718 -0.12591 -0.43509 -0.70461 -0.89953 -0.15115 0.50439 -0.23954 -0.5216 0.12224 -1.467 0.21616 -0.071825 -0.022067 -0.15128 -0.55081 -0.28592 0.32269 0.19877 0.14663 -0.81213 -0.30295 0.19865 -0.087568 0.25961 0.050783

disposing	-0.0029441 -0.11603 0.8743 0.33484 -0.17737 0.14935 -0.3293 0.21377 0.46629 0.68574 0.82822 0.58866 -0.026355 0.19336 0.10299 -0.75859 0.40074 0.33269 0.86859 0.059938 -0.25692 0.30198 0.32871 -0.090827 -0.38005 -0.068195 -0.37822 0.35008 -0.28415 0.44392 -0.12797 -0.62372 -0.46712 -0.43101 -0.6563 -0.90826 -0.2788 -0.40794 -0.48354 -0.27465 0.25089 -0.36716 0.56709 -0.18179 -0.33341 0.5395 -0.37752 0.082561 -0.74844 -0.19452 0.28158 0.015942 -0.33721 0.37265 -0.4447 0.23091 0.064332 -0.067958 -0.14879 -0.15443 0.076112 0.012149 0.53083 0.6984 -0.1712 -0.02417 0.65581 0.41212 0.18236 -0.61871 -0.2412 -0.33171 -0.15118 0.71038 -0.058812 0.15645 -0.54679 -0.2937 -0.61959 0.49926 0.63833 0.8617 -0.60765 0.8967 -0.47893 -0.23856 0.051937 0.45085 -0.72893 0.22617 -0.5299 -0.24464 0.49993 0.044856 0.12108 -0.32984 -0.042026 0.045119 0.25799 -0.25223
getControl	
returns	-0.26184 -0.068321 0.65651 -0.27272 0.22419 0.1484 -0.33381 0.22672 -0.36067 -0.42468 -0.39923 0.73907 0.10366 0.36317 0.081879 0.084346 0.27524 0.67599 0.74671 1.0309 0.11076 -0.36427 -0.38258 0.49518 -0.032814 -0.0063464 -0.30953 -0.14888 0.36374 -0.22739 0.139 0.29234 -0.38969 -0.064195 0.2059 0.13504 -0.097669 0.11701 -0.70768 -0.34341 -0.52104 -0.67879 0.11025 0.13458 0.013898 -0.24682 -0.71823 -0.52327 0.67018 -0.7898 0.23642 -0.33111 0.56724 0.71656 0.49129 -1.9061 -0.18881 -0.43991 1.1717 0.25765 -0.33979 -0.0081994 -0.31008 -0.12085 0.13278 0.12132 0.066898 -0.18057 -0.038645 0.21147 0.035013 -0.20757 -0.25776 -0.14444 0.5436 -0.050902 -0.59413 -0.34768 -0.28127 -0.099312 0.64265 1.1849 -0.45768 -0.70964 -0.3966 -0.47697 0.17949 -0.49912 0.01562 -0.43558 -0.35591 0.14599 0.50145 0.081388 -0.68451 0.29315 0.73244 0.29537 0.0050102 -0.10547
disposed	-0.21316 0.24365 0.46476 -0.050296 -0.14556 0.65056 0.059107 0.34559 0.62865 0.55568 0.64914 0.70878 0.22775 -0.40838 0.075318 -0.59841 0.39135 0.68605 -0.12239 -0.18568 0.16032 0.25002 0.16952 0.44829 -0.41409 0.093011 0.032708 0.12997 0.59392 0.23251 0.12134 -0.18303 -0.41657 -0.0032525 -0.010731 -0.087534 -0.24048 -0.68904 -0.55721 -0.37787 -0.020158 -0.7686 0.0006652 -0.25853 0.075052 0.24995 -0.14717 0.54063 -0.26025 -0.49113 0.22254 -0.11912 0.27392 0.26692 -0.36714 0.30531 -0.21207 0.0028085 0.38101 -0.43621 0.29057 0.26277 -0.093073 0.61551 0.19674 -0.34059 0.096595 1.1271 0.01056 -0.61109 0.12647 -0.4723 0.65114 0.23894 0.13671 -0.26536 -0.46473 -0.30478 -0.00991 0.23657 0.4113 0.97536 -0.55479 0.94436 -0.36198 -0.63844 0.27978 0.086316 -0.95516 -0.073498 -0.59353 -0.50726 0.17906 0.19202 0.0026695 0.25691 -0.23296 -0.30753 -0.15842 -0.26951
control	-0.16488 -1.027 0.58678 -0.084775 -0.14952 0.20733 -0.5558 -0.23405 0.28853 0.22328 0.01886 0.076547 0.21697 -0.15205 -0.091678 -0.16133 0.014861 -0.15468 -0.16224 -0.59454 0.45081 -0.35927 0.56715 -0.52683 -0.2661 -0.42756 -0.030021 -0.25014 -0.022355 -0.13324 0.28761 0.42139 -0.054242 0.060897 0.035595 -0.28559 0.11626 0.35641 -0.097582 0.027215 -0.29012 -0.40101 0.14145 -0.76829 0.22792 0.072385 -0.21202 -0.068352 -0.030707 -0.65373 -0.12439 0.57447 -0.56502 1.5445 0.95812 -2.3604 0.34269 -0.11281 1.9797 0.31825 0.65544 0.085859 0.20073 0.43008 0.79615 0.66409 -0.07841 -0.093079 0.25357 0.46342 0.063688 -0.60433 0.33363 -0.045715 -0.086716 -0.93347 -0.8118 0.12537 -1.1177 0.43213 0.83994 -0.35018 -0.85687 0.54444 -1.4956 0.93219 0.99946 -0.1268 -0.24329 -0.23052 0.33069 -0.33041 0.015818 0.47067 -0.3768 0.42395 0.05533 -0.34021 0.78655 0.076509
createControl	
pageContainer	
called	-0.69321 -0.4055 -0.097805 -0.24244 0.17236 0.08163 -0.047831 0.44821 -0.24222 -0.065717 -0.53115 -0.40135 0.28277 0.20314 0.30505 0.14683 0.72686 -0.12494 -0.42272 0.016589 0.2993 -0.23278 -0.34599 -0.28389 0.21532 0.072135 -0.080068 -0.097477 0.039596 0.54599 0.31484 0.75374 -0.12927 0.39599 0.5641 0.14666 0.42306 0.27284 0.1955 -0.12319 -0.65589 0.27151 0.23175 -0.35651 -0.0093057 -0.095994 -0.30947 -0.0073496 -0.078173 0.085239 -0.18881 0.14317 0.46056 0.70236 -1.0063 -2.6236 -0.20536 -0.08254 1.3812 0.91392 -0.03478 0.22303 -0.038465 -0.35531 0.97832 -0.3384 0.42215 0.504 0.24439 -0.40787 0.10728 -0.2331 -0.48326 -0.39685 -0.10597 -0.047702 0.20389 0.28397 -1.0879 0.045633 0.61092 -0.44083 -0.58399 0.007972 -1.478 0.15884 0.17551 -0.25211 0.096376 -0.50949 0.11716 -0.3603 -0.4453 0.65606 -0.046028 -0.45997 -0.47293 -0.48659 0.58224 -0.033299
Control	-0.16488 -1.027 0.58678 -0.084775 -0.14952 0.20733 -0.5558 -0.23405 0.28853 0.22328 0.01886 0.076547 0.21697 -0.15205 -0.091678 -0.16133 0.014861 -0.15468 -0.16224 -0.59454 0.45081 -0.35927 0.56715 -0.52683 -0.2661 -0.42756 -0.030021 -0.25014 -0.022355 -0.13324 0.28761 0.42139 -0.054242 0.060897 0.035595 -0.28559 0.11626 0.35641 -0.097582 0.027215 -0.29012 -0.40101 0.14145 -0.76829 0.22792 0.072385 -0.21202 -0.068352 -0.030707 -0.65373 -0.12439 0.57447 -0.56502 1.5445 0.95812 -2.3604 0.34269 -0.11281 1.9797 0.31825 0.65544 0.085859 0.20073 0.43008 0.79615 0.66409 -0.07841 -0.093079 0.25357 0.46342 0.063688 -0.60433 0.33363 -0.045715 -0.086716 -0.93347 -0.8118 0.12537 -1.1177 0.43213 0.83994 -0.35018 -0.85687 0.54444 -1.4956 0.93219 0.99946 -0.1268 -0.24329 -0.23052 0.33069 -0.33041 0.015818 0.47067 -0.3768 0.42395 0.05533 -0.34021 0.78655 0.076509
create	-0.26383 0.26373 -0.34955 0.083314 0.90819 -0.048935 -0.45747 -0.22535 0.30465 0.33276 -0.4685 -0.21108 -0.18969 -0.61031 -0.048294 -0.11973 0.42292 0.5067 -0.32303 0.1661 -0.015954 -0.48184 0.46411 -0.56109 -0.27748 -0.65359 -0.17535 -0.28018 -0.15452 -0.43765 -0.18374 0.76467 -0.52114 -0.58212 0.2433 -0.29428 0.49694 -0.34083 -0.26909 -0.090634 -0.10362 -0.016322 -0.79197 -0.6805 -0.25711 0.22994 0.074819 0.18185 -0.39566 -0.64057 -0.55135 -0.10861 -0.25924 0.77428 0.4059 -2.8124 0.54481 -0.11613 1.5227 0.19011 0.03108 0.89708 -0.22949 -0.073137 0.96343 0.00042938 0.33437 0.20522 0.35985 -0.93257 0.73966 -0.17801 -0.38467 -0.43444 0.43006 0.048868 -0.078963 -0.073633 -0.65398 0.40146 0.62592 -0.029576 -0.33386 0.34614 -1.1142 0.68437 0.56213 0.17745 -0.0098425 0.11455 0.35228 0.080023 -0.2583 -0.99062 0.16343 -0.47097 -0.062209 -0.66947 0.59345 0.15684
Control	-0.16488 -1.027 0.58678 -0.084775 -0.14952 0.20733 -0.5558 -0.23405 0.28853 0.22328 0.01886 0.076547 0.21697 -0.15205 -0.091678 -0.16133 0.014861 -0.15468 -0.16224 -0.59454 0.45081 -0.35927 0.56715 -0.52683 -0.2661 -0.42756 -0.030021 -0.25014 -0.022355 -0.13324 0.28761 0.42139 -0.054242 0.060897 0.035595 -0.28559 0.11626 0.35641 -0.097582 0.027215 -0.29012 -0.40101 0.14145 -0.76829 0.22792 0.072385 -0.21202 -0.068352 -0.030707 -0.65373 -0.12439 0.57447 -0.56502 1.5445 0.95812 -2.3604 0.34269 -0.11281 1.9797 0.31825 0.65544 0.085859 0.20073 0.43008 0.79615 0.66409 -0.07841 -0.093079 0.25357 0.46342 0.063688 -0.60433 0.33363 -0.045715 -0.086716 -0.93347 -0.8118 0.12537 -1.1177 0.43213 0.83994 -0.35018 -0.85687 0.54444 -1.4956 0.93219 0.99946 -0.1268 -0.24329 -0.23052 0.33069 -0.33041 0.015818 0.47067 -0.3768 0.42395 0.05533 -0.34021 0.78655 0.076509
Container	-0.53691 0.75403 -0.17696 -0.7852 0.60943 -0.37926 0.14557 0.3015 0.65837 0.75382 0.48499 0.16738 -0.0014981 0.20951 -0.13026 -0.52817 1.05 -0.022706 0.052769 -0.83676 0.20459 0.046919 -0.65499 -0.90565 0.66859 0.14865 -0.29753 -0.097838 -0.33528 0.19655 -0.65541 0.1225 0.20241 -0.48363 0.39642 0.43591 0.76766 0.35572 0.33537 -0.94622 0.38677 -1.9475 0.38365 -0.22641 1.2714 1.0482 -0.25872 0.1757 0.16909 0.19137 0.71686 0.30572 0.44394 0.99492 -0.39012 -0.32416 -0.51212 0.18436 1.9772 0.36626 -0.55893 -0.24723 -0.15982 0.37794 -0.43566 0.2984 0.06251 0.34564 0.17624 -0.45613 -0.48603 0.013189 1.3394 0.13604 0.11203 0.64447 0.61835 -0.64059 0.0018281 0.47992 0.67008 -0.18922 -0.62029 1.7233 -0.019753 -0.42511 0.78963 -0.88045 -0.32861 0.52335 0.24079 0.70806 -0.063399 -0.71556 0.59469 0.32397 0.2783 -0.19433 0.73652 -0.15364

overwrote	
method	-0.41796 0.53241 -0.33693 0.69262 0.068686 -0.087566 0.27663 -0.071203 -0.3353 0.33365 -0.52407 -0.53341 0.04046 -0.16659 0.45481 -0.34785 0.24926 0.022734 0.4212 0.0062452 -0.13359 -0.51309 0.21382 -0.24943 -0.36553 -0.01069 0.25961 -0.2909 -0.7678 0.037387 -0.46895 0.89278 -0.53101 -0.38841 0.35913 -0.4793 -0.33601 -0.20371 0.39182 -0.95175 -0.62779 0.17753 -0.035282 -0.12463 -0.84179 -0.34632 -0.19631 -0.84428 -0.54253 -0.19322 0.25287 -0.01299 -0.0014 1.4574 -0.76291 -1.5731 -0.23982 0.22269 0.87785 -0.034078 -0.036702 -0.31008 0.80324 0.61032 1.3546 -0.14522 -0.19501 -0.68654 -0.096186 -0.50487 -1.0144 0.37278 0.63403 0.66473 0.33144 -0.62283 -0.11496 -0.60323 -0.46632 -0.17908 0.23923 0.25257 -1.1826 -0.60126 -1.8759 0.92491 0.87735 -0.62709 -0.26522 -0.10025 -0.58459 0.12821 0.3471 0.52632 0.74769 -0.33396 -0.36954 -0.75431 0.34056 0.28563

public	0.27528 0.22559 -0.29646 -0.19067 0.18936 0.61855 -0.89264 0.28183 0.40389 -0.065414 -0.50938 -0.08886 -0.20152 -0.13439 -0.021077 -0.24169 0.54612 0.65442 -0.48053 0.39893 -0.28369 0.13064 0.28003 -0.58927 -0.35813 -0.58996 0.20764 0.030577 -0.24032 0.17751 0.38048 0.5518 -0.043817 0.59522 -0.83406 0.62643 -0.3808 0.0078803 -0.3535 0.4471 -0.30419 -0.55965 -0.28996 0.19426 0.20166 -0.27511 0.49588 -0.42664 0.10917 -0.87574 0.23565 -0.68206 0.22442 0.74806 -0.19348 -2.6988 0.71671 -0.45328 2.2088 0.02737 -0.099598 0.16888 0.14004 0.13678 0.78804 0.045185 0.42819 -0.036869 1.0838 0.062532 -0.040702 -0.27305 0.29982 -0.58137 -0.20059 0.29416 0.35478 0.28035 -1.3558 -0.53859 1.0382 0.010252 0.44126 0.46009 -1.5 -0.34445 -0.65755 0.6388 0.18468 -0.70406 0.25236 -0.50973 -0.17074 0.42255 -0.44975 0.63835 0.28452 -0.4795 0.59833 0.2318
void	0.45048 -0.29114 0.35896 -0.36875 -0.14341 0.21088 -0.40443 0.078197 0.66459 0.087894 -0.23002 -0.057786 0.31533 -0.63093 0.1943 -0.74203 0.60223 1.1905 0.26044 0.076813 -0.14641 0.19698 0.0020339 -0.32311 0.98226 -0.34056 0.52469 0.18156 0.2685 -0.24016 0.70354 -0.2537 -0.17451 -0.6449 -0.69952 -0.0025782 0.31347 0.10532 -0.53005 -0.38257 -0.0086198 0.12806 0.20828 -0.61822 -0.009817 -0.13673 -0.2286 0.88521 -0.66454 0.38073 0.19823 -0.013422 0.37759 0.7803 0.15908 -1.2115 0.49671 -0.27838 0.97573 0.49127 -0.33934 -0.24914 -0.39227 -0.15778 0.73134 -0.27663 0.75974 -0.48518 -0.85091 -0.78924 0.38686 -0.13663 -0.015907 -0.001638 0.2515 0.13338 -0.17415 0.067033 -0.080699 0.38118 -0.43479 -0.29665 0.032879 0.04926 -0.53724 -0.34685 0.63794 -0.1478 -0.13172 -0.43358 -0.56382 0.19125 -0.48291 0.71199 0.67556 0.28766 0.46217 0.36144 -0.50362 0.062256
dispose	0.045866 0.041949 0.35381 -0.10327 -0.68417 0.17603 -0.40863 0.29663 0.72323 0.73108 0.69751 0.98549 -0.068859 -0.23173 -0.084753 -0.84046 0.80175 0.57602 0.097736 0.019006 0.045649 0.0042335 0.31166 -0.18712 -0.48276 -0.42113 -0.57838 0.31288 0.21137 0.2358 -0.073236 0.021794 -0.62425 0.0066353 -0.64475 -0.26085 0.41053 -0.95489 -0.39728 -0.57427 0.6321 -0.45064 -0.012172 -0.5482 -0.47618 0.55941 -0.55504 0.23903 -0.81882 -0.28035 0.025116 0.10308 0.14588 0.31144 -0.14206 -0.16453 -0.24808 -0.29122 0.24978 -0.24318 0.26896 0.13995 0.16435 0.17654 0.045024 -0.2096 0.64906 0.62916 -0.16138 -0.85668 0.15417 -0.55402 0.2016 0.4384 0.27183 -0.078162 -1.1638 -0.022985 -0.43851 0.31993 1.123 0.70392 -0.56172 0.76155 -0.3841 -0.27979 0.2732 0.74242 -0.40215 0.59256 -0.4984 -0.18008 0.59983 -0.4947 -0.23999 -0.15649 0.14088 -0.26957 -0.10963 -0.43083
super	-0.44533 -0.44969 1.2393 -1.0486 -0.36844 -0.1852 0.35571 0.14081 -1.3656 -0.16783 0.58801 -0.95256 -0.49226 -0.39318 -0.26359 -0.01618 0.021069 0.31416 0.2168 0.22299 0.33585 -0.3546 -0.47979 -0.017641 0.22075 0.20135 -0.019484 -0.087378 -0.052559 0.70496 -0.24879 0.12083 -0.40985 -0.16628 1.0288 0.082121 -0.74541 1.2733 -0.63724 0.096175 0.74285 -0.53568 0.23198 -1.1901 0.19239 0.38015 0.2989 0.20202 0.24005 -0.59483 -1.0667 0.4612 0.50776 0.48553 0.46278 -2.1189 -0.16138 1.0984 0.87567 0.080837 -0.4985 0.30497 -0.15166 -0.18904 0.94573 0.38747 -0.49592 0.31328 -0.68862 0.43154 0.1418 -0.7425 -0.054038 1.1463 -0.47824 0.20536 -0.42666 0.097123 -0.49852 -0.098802 0.55622 -0.60768 -0.15279 0.46878 -0.66378 -0.30409 -0.18661 -0.73092 0.22037 0.1049 0.23679 0.82143 0.024779 -0.0415 -0.38468 -0.68156 -0.52885 0.65856 0.79881 -0.16019
dispose	0.045866 0.041949 0.35381 -0.10327 -0.68417 0.17603 -0.40863 0.29663 0.72323 0.73108 0.69751 0.98549 -0.068859 -0.23173 -0.084753 -0.84046 0.80175 0.57602 0.097736 0.019006 0.045649 0.0042335 0.31166 -0.18712 -0.48276 -0.42113 -0.57838 0.31288 0.21137 0.2358 -0.073236 0.021794 -0.62425 0.0066353 -0.64475 -0.26085 0.41053 -0.95489 -0.39728 -0.57427 0.6321 -0.45064 -0.012172 -0.5482 -0.47618 0.55941 -0.55504 0.23903 -0.81882 -0.28035 0.025116 0.10308 0.14588 0.31144 -0.14206 -0.16453 -0.24808 -0.29122 0.24978 -0.24318 0.26896 0.13995 0.16435 0.17654 0.045024 -0.2096 0.64906 0.62916 -0.16138 -0.85668 0.15417 -0.55402 0.2016 0.4384 0.27183 -0.078162 -1.1638 -0.022985 -0.43851 0.31993 1.123 0.70392 -0.56172 0.76155 -0.3841 -0.27979 0.2732 0.74242 -0.40215 0.59256 -0.4984 -0.18008 0.59983 -0.4947 -0.23999 -0.15649 0.14088 -0.26957 -0.10963 -0.43083

setControl	
null	0.079432 -0.14054 -0.10462 -0.36259 -0.22721 -0.13612 0.74755 0.32809 0.54364 0.12091 -0.53579 -0.093852 -0.1253 0.0075018 0.54402 -0.51891 0.34596 1.3306 1.0153 0.31239 0.16274 -0.026524 0.73949 0.5574 1.1129 -0.44905 1.0968 0.73696 -0.44728 0.032219 1.1976 0.059368 -0.37853 -0.21233 0.1351 -0.34381 0.48377 0.017526 -0.46031 -0.77044 -0.85068 0.30327 0.11417 -0.25013 0.014417 -0.05347 -0.30477 0.40744 -1.4463 0.85099 0.66363 0.0049562 0.57099 0.27496 0.0087559 -0.84859 0.74672 0.51043 0.18724 -0.012529 -0.42562 -0.84412 -0.50242 0.016912 0.41224 0.25004 0.12519 0.56298 -1.0472 -1.0784 -0.88615 0.11577 0.85152 0.16019 0.83352 -0.38092 0.044191 0.22782 -0.38651 -0.019875 -0.89481 -0.35736 -0.48555 0.036485 -0.43308 0.16881 1.0746 0.095382 0.54107 -0.38136 -1.2123 0.51573 0.16573 0.67943 0.35327 0.17672 0.25803 0.068445 -1.2016 -0.20168
workaround	-0.19618 0.48139 -0.14719 0.40986 -0.021891 -0.41573 0.42355 -0.35731 0.6842 -0.30248 -0.14666 0.4284 0.076784 -0.83378 0.22756 0.39217 -0.085666 0.26001 0.034305 -0.25386 -0.35511 -0.26154 -0.21224 0.15677 -0.22747 -0.18008 0.18584 0.0076346 -0.86203 -0.16536 -0.53046 0.22647 -0.3356 -0.2153 0.52194 0.91643 -0.29397 -0.89852 0.80455 -0.37748 0.018543 1.233 0.66829 -0.41391 0.12582 0.13621 0.099412 -0.36686 -0.29668 0.35122 0.056861 0.16353 -0.24488 0.29762 0.038902 0.046334 0.11879 -0.057017 0.051602 -0.35503 -0.44135 -0.65281 0.024125 0.48631 -0.1102 -0.084013 0.18507 -0.27718 -0.41164 -0.8039 -0.28124 0.34419 0.057944 0.20072 -0.0019732 -0.087045 0.39392 0.066741 0.15137 0.27179 -0.30283 -0.68978 0.029575 -0.19601 -0.067271 0.73769 0.63428 -0.21842 -0.517 0.22941 -0.12135 0.12808 -0.32429 -0.66243 1.0578 0.10287 0.006121 0.019229 -0.18267 0.27196
set	-0.026979 0.0054342 0.22934 0.1992 0.53153 0.46441 -0.16962 0.79351 -0.49407 0.27806 0.40256 0.028784 -0.21689 0.26313 -0.013339 0.24328 0.37118 0.83444 -0.78186 -0.49739 0.69664 -0.51034 0.89815 0.16294 0.81555 -0.64644 -0.1909 -0.24281 -0.27935 -0.30685 -0.60586 0.16049 -0.058313 0.11473 0.16565 -0.14386 -0.066771 -0.041341 -0.17164 -0.40261 -0.21321 -0.44287 0.2134 -0.088432 0.16284 -0.38352 -0.42738 -0.18242 0.16961 -0.70388 -0.13625 -0.28808 0.17642 1.4061 0.11511 -2.6623 -0.10834 0.32273 1.7832 1.0727 -0.11656 0.31391 -0.31614 0.2553 0.83315 -0.083177 -0.22755 0.76016 -0.071007 -0.64414 0.021925 -0.040112 -0.29247 -0.19531 -0.069206 -0.12067 -0.18983 -0.29643 -0.4019 -0.015466 0.87412 -0.047512 -0.72765 0.061269 -1.2187 0.24303 0.16417 0.075568 -0.15996 0.049251 -0.13424 0.27638 -0.35704 -0.22446 -0.57734 -0.048605 0.024131 -0.50613 0.29535 0.10395
Control	-0.16488 -1.027 0.58678 -0.084775 -0.14952 0.20733 -0.5558 -0.23405 0.28853 0.22328 0.01886 0.076547 0.21697 -0.15205 -0.091678 -0.16133 0.014861 -0.15468 -0.16224 -0.59454 0.45081 -0.35927 0.56715 -0.52683 -0.2661 -0.42756 -0.030021 -0.25014 -0.022355 -0.13324 0.28761 0.42139 -0.054242 0.060897 0.035595 -0.28559 0.11626 0.35641 -0.097582 0.027215 -0.29012 -0.40101 0.14145 -0.76829 0.22792 0.072385 -0.21202 -0.068352 -0.030707 -0.65373 -0.12439 0.57447 -0.56502 1.5445 0.95812 -2.3604 0.34269 -0.11281 1.9797 0.31825 0.65544 0.085859 0.20073 0.43008 0.79615 0.66409 -0.07841 -0.093079 0.25357 0.46342 0.063688 -0.60433 0.33363 -0.045715 -0.086716 -0.93347 -0.8118 0.12537 -1.1177 0.43213 0.83994 -0.35018 -0.85687 0.54444 -1.4956 0.93219 0.99946 -0.1268 -0.24329 -0.23052 0.33069 -0.33041 0.015818 0.47067 -0.3768 0.42395 0.05533 -0.34021 0.78655 0.076509

add	-1.2393 0.83369 0.083531 -0.20049 0.044739 0.17239 -0.055417 0.15202 0.44816 0.385 0.24907 0.010275 -0.41144 -0.02907 -0.20599 -0.27131 -0.14218 0.10789 -0.19982 0.27095 -0.2395 -0.25742 -0.0043475 0.071613 -0.094438 0.15071 0.21641 -0.33274 -0.22682 -0.58059 -0.22307 1.0125 -1.0421 -0.61377 -0.89869 0.096692 0.060472 0.081401 -0.13422 0.050974 0.35535 -2.0205 -0.54408 -1.1382 0.29522 0.31953 -0.15341 -0.6718 0.15143 -1.3308 0.28715 -0.0042643 -0.50928 0.84667 -0.40612 -2.1474 -0.031866 -0.09987 1.1884 0.21385 -0.27657 0.75467 -0.029299 -0.10579 1.0634 -0.42882 0.19238 0.080872 0.057819 -0.46434 0.08491 0.021788 -0.31292 0.017906 0.59227 0.5727 -0.61226 -0.23285 0.67923 0.11201 0.49559 -1.2237 -0.073271 0.23322 -0.67678 0.073403 0.45124 0.40009 0.30342 0.63034 -0.33873 0.54733 -0.53039 -1.2227 -0.62285 -0.95528 0.26866 -0.47723 0.57283 0.44464
method	-0.41796 0.53241 -0.33693 0.69262 0.068686 -0.087566 0.27663 -0.071203 -0.3353 0.33365 -0.52407 -0.53341 0.04046 -0.16659 0.45481 -0.34785 0.24926 0.022734 0.4212 0.0062452 -0.13359 -0.51309 0.21382 -0.24943 -0.36553 -0.01069 0.25961 -0.2909 -0.7678 0.037387 -0.46895 0.89278 -0.53101 -0.38841 0.35913 -0.4793 -0.33601 -0.20371 0.39182 -0.95175 -0.62779 0.17753 -0.035282 -0.12463 -0.84179 -0.34632 -0.19631 -0.84428 -0.54253 -0.19322 0.25287 -0.01299 -0.0014 1.4574 -0.76291 -1.5731 -0.23982 0.22269 0.87785 -0.034078 -0.036702 -0.31008 0.80324 0.61032 1.3546 -0.14522 -0.19501 -0.68654 -0.096186 -0.50487 -1.0144 0.37278 0.63403 0.66473 0.33144 -0.62283 -0.11496 -0.60323 -0.46632 -0.17908 0.23923 0.25257 -1.1826 -0.60126 -1.8759 0.92491 0.87735 -0.62709 -0.26522 -0.10025 -0.58459 0.12821 0.3471 0.52632 0.74769 -0.33396 -0.36954 -0.75431 0.34056 0.28563
WizardPage	
Wizard	0.30943 -0.027142 0.57865 -0.66131 -0.37233 0.40766 -0.28125 0.19348 -0.63497 -0.15076 0.51541 -0.29725 -0.44139 -0.18555 -0.050061 0.23124 0.72155 0.48756 -0.11408 0.27156 -0.11943 -0.59162 -0.41341 -0.58532 0.72202 0.57366 -0.045198 -0.10238 -0.73343 0.17508 0.19473 0.20816 -0.71834 -0.498 -0.28099 0.068696 -0.45862 -0.085602 0.61675 -0.67167 -0.4965 0.9813 0.049607 -0.33754 0.3795 0.013658 -0.24706 0.27496 1.0845 0.31973 -0.61015 0.4988 0.80413 0.6645 0.38931 -1.1298 -0.64792 0.81243 -0.25604 0.24574 0.33378 0.6617 -0.60108 0.48613 -0.055998 -0.12294 0.66535 0.083019 0.34038 -0.046341 0.21789 -0.40441 -0.6909 0.23113 -0.71145 0.43484 0.29558 0.061657 0.40441 -0.46717 0.31722 0.24555 -0.27227 0.0086042 -0.80633 1.0741 -0.28451 -0.53425 1.1546 -0.058712 -0.2407 0.43571 0.69136 -0.12494 0.80896 -0.69991 0.15549 -0.49105 -0.28633 -0.18998

