MatrixVectorView	
check	-0.27314 -0.17828 0.26394 -0.47224 -0.2855 0.47653 -0.27501 0.57198 0.34998 0.336 0.27987 0.37373 0.40312 0.26457 0.038978 0.11079 0.56687 0.00024736 -0.008156 -0.057403 -0.28108 0.1262 -0.65418 -0.53825 0.10259 -0.51373 -0.24087 -0.65683 -0.028279 -0.7707 0.20415 0.18323 0.12709 0.62394 0.15823 -0.0050464 -0.40865 -0.27617 0.17649 -0.48984 0.033228 -0.42428 -0.21466 -0.49541 -0.25184 0.22204 -0.81785 -0.72368 0.23574 -1.0678 1.0207 0.16764 -0.19304 0.79255 -0.048997 -1.2361 0.24788 -0.017531 2.227 -0.090285 -0.025205 0.61781 -0.15697 0.24095 0.56607 0.369 -0.014747 0.016142 0.56479 -0.054685 -0.64588 0.10025 0.10703 -0.55915 0.40791 0.44661 0.082875 -0.051264 -0.5306 -0.21603 0.97219 -0.18039 -0.43002 -0.5618 -1.0886 -0.16942 0.41837 0.16439 -0.85309 0.32493 -0.49075 0.76562 0.48373 -0.7059 -0.36424 0.20114 0.71274 0.068123 0.16072 -0.22105
error	-0.37751 -0.16363 0.9482 0.49473 -0.93882 0.29924 0.60475 -0.18593 0.31074 0.26725 0.09804 0.46036 -0.40026 -0.10194 0.88167 0.074454 -0.40784 0.33626 0.12905 0.54874 0.19636 -0.41899 -0.013323 0.35711 0.6171 -0.62658 0.035084 0.59917 0.10591 -0.3158 0.36572 0.30983 0.053684 0.23371 0.18553 -0.28993 -0.28857 0.66251 0.30571 -0.061962 0.044995 0.19384 -0.037629 -0.21041 -0.96828 -0.49412 0.75305 -0.85956 -1.2005 -0.051731 1.0943 0.19854 -0.72221 0.62149 -0.44581 -1.5249 0.14714 0.28686 1.6707 1.2289 -0.7995 -0.58901 -0.35022 0.27493 0.38007 -0.62959 -0.092304 -0.66897 0.17867 0.44893 -1.2392 0.94908 0.15577 0.10509 0.58715 0.66068 -0.018605 0.45815 -0.16067 0.56437 0.032039 0.71425 -1.098 -0.61696 -1.662 -0.52034 0.84659 0.017937 -0.33939 -0.37645 -0.82214 -0.039451 -0.48715 0.074561 0.26701 0.11305 0.26274 -0.78706 -0.26981 -0.44156
Matrix	-0.26638 0.44491 0.32743 0.43459 0.10528 0.31703 -0.34503 0.18147 -0.14878 0.84897 0.4721 -1.1558 0.099759 0.062035 0.47041 1.0013 0.018791 1.311 1.3388 -0.50075 0.32534 -0.84829 -0.40882 -0.18405 0.71325 0.03127 1.9998 0.59029 -0.21204 -0.44343 0.68245 0.94438 -0.119 -0.32573 1.083 0.20224 0.9864 0.44538 0.23942 -0.91462 0.32708 0.036551 -0.091388 -0.4554 -0.41849 0.5451 -0.5648 0.12676 -0.29724 0.39565 0.43511 -0.83701 0.10056 0.81198 0.07657 -0.50079 -0.63924 0.25515 0.56498 0.26425 -0.29232 0.2291 -0.23567 0.52685 1.6412 0.22546 0.99099 -0.083019 0.8046 0.14957 -0.18681 0.29335 -0.15312 -0.43332 0.36968 -1.0212 0.046447 -0.061121 -0.30038 -0.32563 -0.34144 0.47618 -0.8345 -0.047333 -0.35806 0.67309 0.66781 -0.92899 -0.13483 -0.27056 -1.1066 0.35388 -0.26355 0.59609 1.1334 -1.1025 0.77682 -0.17267 -0.53726 0.158
Vector	-0.56771 0.91216 -0.2829 0.5578 0.050398 0.40665 0.3673 -0.36428 -0.98524 0.26007 0.018096 -0.63123 -0.063122 -0.18705 0.57547 0.23842 -0.25555 1.069 1.0302 -0.83849 0.75157 -0.68062 0.12004 0.29099 0.78576 0.48795 1.2945 0.67044 -0.36405 -0.42256 0.21618 0.3502 -0.14259 0.53681 0.82246 0.15446 -0.07861 0.41013 0.086787 -0.84371 0.44019 -0.7558 -0.44159 -0.094715 0.032807 0.8449 -0.18331 0.27648 -0.72416 1.2323 0.785 -0.32615 0.76546 1.0035 0.6576 -0.017172 0.16064 0.33622 1.148 0.16761 0.072649 -0.46968 -0.13508 -0.066288 1.3862 1.0864 -0.040472 0.80728 0.37592 0.90444 -0.9964 0.13507 0.46792 -0.36232 1.5683 -0.74236 -0.03565 0.11809 -0.59792 0.37407 -0.2829 -0.58131 -1.7029 0.028298 -0.088614 0.57591 0.33803 -0.76718 0.45252 -1.5267 -1.1651 -0.049588 0.48192 -0.037205 0.91121 -0.41625 0.42605 -0.28347 0.25458 0.28664
View	-0.0085786 0.35776 0.46021 0.61771 -0.029219 -0.13133 -0.47453 -0.18702 -0.047032 -0.32174 -0.35914 0.20826 0.30963 -0.69908 0.41874 0.14162 -0.19106 0.11428 -0.36527 -0.04065 0.05244 -0.023493 -0.057483 -0.17304 -0.11279 -0.37172 0.2333 -0.20799 -0.35781 -0.21166 0.41573 0.44797 -0.37615 0.20038 0.35059 0.52065 0.1145 0.39491 0.2088 -0.60603 -0.93748 -0.32656 0.25322 0.28216 -0.19391 -0.35935 0.38819 0.090818 -0.22651 -0.54198 0.80793 -0.053227 0.16255 0.95487 -0.025891 -2.6606 0.98695 -0.24084 1.5639 -0.42432 -0.34843 0.73762 0.11912 -0.29186 0.68243 -0.01434 0.39927 0.20091 -0.57618 -0.070579 0.18856 0.22305 0.42452 -0.90022 -0.25709 -0.58333 0.29185 0.273 -0.28787 -0.50158 0.064233 0.48085 -0.22113 0.1687 -0.72951 -0.30876 -0.31125 -0.24448 0.36586 -0.41769 0.10837 -0.61625 0.048553 0.072565 -0.36181 0.064721 -0.64869 -0.67469 0.68357 0.56892

test	-0.58342 0.48631 0.7423 0.17875 -1.5873 -0.37499 0.37902 0.70767 -1.5402 0.74851 -0.0069018 -0.44981 -0.11125 0.17395 0.26005 0.27065 0.78731 0.84877 -0.099277 0.017688 0.44389 -0.873 0.4964 -0.1843 0.24894 0.24073 0.08446 0.070786 -0.23216 0.26685 -0.23519 0.45211 -0.39982 0.24936 0.73548 -0.072352 -0.81008 -0.15256 -1.0313 0.23067 -1.1634 0.20387 0.42369 -1.0589 0.29905 0.20036 0.63371 -0.57507 -0.4373 -0.55908 0.50811 0.32673 -0.4371 1.0702 -0.10418 -2.4432 -1.0739 0.10881 1.5446 -0.15633 -0.37779 0.15111 0.58397 0.5498 0.23775 0.8869 -0.1022 -0.041313 -0.19496 -0.1376 -0.00013191 0.6949 0.06623 -0.25647 -0.10539 0.5695 0.17414 -0.59899 -0.86757 -0.31254 0.5456 -0.092359 -0.12294 -0.19419 -1.9168 -0.044395 0.68561 0.2003 -0.37791 0.67436 -0.77218 0.49596 0.005819 0.53833 0.33367 0.97822 0.31984 -0.12619 -0.017724 0.18389
correct	-0.42353 0.015434 0.80792 0.632 -0.67265 -0.1566 0.32585 0.20396 0.090629 0.738 0.24955 0.52341 0.076482 0.059933 0.23876 0.25896 -0.095213 -0.46585 -0.32519 0.16045 -0.11664 -0.83848 0.061479 -0.0013031 -0.38165 -0.51826 -0.11978 -0.13733 0.29849 0.040132 0.29609 0.6677 -0.25964 -0.21514 -0.0012159 -0.13747 -0.81444 -0.25006 -0.10096 -0.15147 -0.29668 0.14655 -0.22017 -0.50157 -0.96013 -0.27073 -0.014319 -0.42051 -0.99362 -1.2697 0.94779 0.12329 0.1766 0.43339 -0.45925 -1.3536 0.60969 0.15825 1.4291 -0.15649 -0.56282 0.12701 -0.64863 0.22807 0.94565 -0.43435 -0.28775 -0.1794 -0.46697 -0.50885 -0.43532 0.65667 0.054082 -0.14311 1.3446 -0.25475 -0.40203 0.16337 -0.37873 -0.59173 -0.39615 -0.34033 -0.79722 -0.23125 -1.1982 -0.055201 0.023574 -0.16263 -0.49377 -0.058384 -0.52387 0.37151 0.16937 -0.53943 -0.12633 -0.28581 -0.023533 -1.04 -0.12783 0.085076

