tag	0.095882 0.28993 0.45714 -1.232 -0.010092 0.091512 -0.23637 -0.06988 0.1519 0.56847 0.61816 0.0045478 0.25487 -0.7488 0.48411 0.26572 0.77522 0.22571 0.64322 -0.67505 0.47005 -0.41316 -0.35463 0.29512 0.49891 0.18909 0.48532 -0.61319 0.55567 -0.31733 -0.014122 0.060914 -0.12145 0.15536 0.77139 -0.22017 -0.80766 -0.027994 -0.20706 -0.037029 0.616 -0.052176 0.027272 -0.52369 -0.74242 0.25527 0.021462 0.27614 -0.67737 -0.53429 -0.44589 0.53398 0.30001 0.66019 0.61198 -1.3397 0.13404 -0.24827 0.2337 0.71132 0.537 0.12585 -0.13889 0.1043 0.11275 -0.4906 -0.34827 0.71483 0.43609 -0.097671 -0.37496 -0.45046 -0.095552 0.31564 -0.14259 0.20665 -0.085943 -0.084777 -0.56675 0.26317 0.47959 -0.70189 -0.16652 -1.1029 -0.3942 -0.36596 -0.46478 -0.52499 0.091925 0.43484 -0.49327 0.7665 0.2745 0.24241 0.42228 -0.41325 -0.1662 0.65447 0.99698 -0.37701

Problem	-0.29581 0.30855 0.82131 0.0085845 -0.66401 -0.069684 0.085665 -0.46486 1.179 0.03124 -0.16966 0.19938 0.24664 0.16489 -0.35447 -0.33572 -0.44905 0.21919 -0.036618 -0.65902 -0.43739 -0.09481 -0.031618 -0.15844 0.014121 0.038115 0.18901 -0.61176 -0.59838 0.071352 -0.36706 0.14968 0.39045 0.049271 0.10153 0.13062 -0.038567 0.2845 0.51043 -0.22678 -0.74117 0.32308 0.26895 -0.77992 -0.28285 0.09795 0.527 -0.016245 -0.71906 -0.32505 0.63978 -0.21855 -0.66017 1.2624 0.32059 -2.2355 -0.091599 -0.10159 1.6238 0.73467 0.020861 0.24514 -0.327 -0.16384 1.3841 0.46869 0.58052 -0.35346 0.41557 -0.058828 -0.28866 -0.020676 -0.29129 0.063786 0.70216 -0.2204 -0.089771 0.29046 -0.86696 0.74243 0.57275 -0.14929 -0.73445 -0.21592 -1.772 0.17907 -0.36801 -0.17197 -1.1736 -0.55531 -0.59886 0.2586 -0.55728 -0.088817 0.21041 0.46815 0.079753 -0.35043 0.69074 -0.058652

aTunes	
set	-0.026979 0.0054342 0.22934 0.1992 0.53153 0.46441 -0.16962 0.79351 -0.49407 0.27806 0.40256 0.028784 -0.21689 0.26313 -0.013339 0.24328 0.37118 0.83444 -0.78186 -0.49739 0.69664 -0.51034 0.89815 0.16294 0.81555 -0.64644 -0.1909 -0.24281 -0.27935 -0.30685 -0.60586 0.16049 -0.058313 0.11473 0.16565 -0.14386 -0.066771 -0.041341 -0.17164 -0.40261 -0.21321 -0.44287 0.2134 -0.088432 0.16284 -0.38352 -0.42738 -0.18242 0.16961 -0.70388 -0.13625 -0.28808 0.17642 1.4061 0.11511 -2.6623 -0.10834 0.32273 1.7832 1.0727 -0.11656 0.31391 -0.31614 0.2553 0.83315 -0.083177 -0.22755 0.76016 -0.071007 -0.64414 0.021925 -0.040112 -0.29247 -0.19531 -0.069206 -0.12067 -0.18983 -0.29643 -0.4019 -0.015466 0.87412 -0.047512 -0.72765 0.061269 -1.2187 0.24303 0.16417 0.075568 -0.15996 0.049251 -0.13424 0.27638 -0.35704 -0.22446 -0.57734 -0.048605 0.024131 -0.50613 0.29535 0.10395
tags	-0.38178 0.048998 0.052368 -1.6191 0.35551 0.06946 -0.26487 -0.1312 0.32111 0.46051 0.20213 0.023657 0.59978 -0.23194 0.96242 0.61351 0.64808 0.13653 0.53338 -0.3857 -0.20838 -0.22508 -0.14528 -0.41609 0.49171 -0.24744 0.049507 -0.30775 0.016159 -0.76892 0.50154 -0.1493 -0.5285 0.71217 0.71628 0.47852 -0.1422 -0.17726 0.062664 -0.45098 0.46722 -0.23217 -0.090008 -0.53988 -1.3762 0.27386 -0.10538 0.77531 -0.15044 -0.7911 0.35029 0.44113 0.17646 0.44754 -0.48402 0.23503 0.15973 -0.6644 0.66519 0.3466 -0.076299 0.64572 0.027559 0.40984 0.54137 -0.16403 -0.27352 0.051797 0.55919 -0.31591 -0.77431 -0.043361 0.66751 -0.032455 0.25392 0.6046 0.72659 0.091611 -0.74535 -0.10874 0.17407 -0.77439 -0.3908 -1.3669 -0.3764 0.20252 0.21813 -0.42163 -0.36181 0.54403 -0.18807 0.91993 0.31707 -0.61171 -0.25137 -0.58294 -0.17993 -0.68281 0.40912 -0.16881
files	-0.37512 0.26203 0.48973 -0.71912 0.45776 0.55531 -0.10985 -0.33747 0.88074 -0.28614 1.3696 0.12411 0.057026 0.46044 -0.34576 0.47871 1.1395 0.42713 0.024764 0.58796 -0.50709 -0.047476 0.44359 0.45664 -0.012058 -1.1437 0.43816 0.0004513 -0.124 0.32061 1.4669 0.74359 -1.0922 0.52666 0.46334 -0.062609 0.094656 -1.0045 0.52551 -0.19425 -0.21145 -0.80361 -0.27913 0.038551 -0.59779 -0.13906 -0.34552 -0.11716 0.64193 -0.051352 1.3084 0.24359 0.10612 0.34545 -0.16806 -0.47761 -0.16982 -0.28244 1.9188 0.43093 -0.33077 0.93311 -0.024628 -0.39179 0.89157 -0.52329 0.7239 0.33864 0.2444 0.32011 0.41341 0.47137 0.13209 -0.55914 0.48867 0.33188 -0.56991 0.32097 -0.53676 0.43054 0.30282 -0.13521 0.066321 -0.023677 -1.256 0.43318 0.42487 -0.008962 0.097996 0.37559 -0.27374 0.86471 0.18942 0.094514 0.83627 -0.73639 0.76153 -0.23308 0.39213 -0.25542
Tunes	-0.29187 0.33232 0.4681 -0.77579 0.81135 1.2258 -0.51345 -0.65299 -0.71601 0.030777 0.12233 -0.091089 -0.46726 0.15562 0.30124 0.28178 0.32994 0.22413 0.65468 0.34816 0.69254 0.0084756 0.59063 -0.60799 0.063781 0.08747 -0.22971 0.22406 0.22862 0.39806 -0.21461 0.11772 0.12349 0.28939 -0.22524 0.26419 0.3025 -0.26803 -0.32398 -1.3107 0.6826 0.27075 -0.31983 0.58193 -0.43106 -0.15349 -0.19913 -0.65419 0.70497 -0.32442 -0.44355 0.066275 0.81383 -0.045263 0.094535 -0.83878 -0.053078 0.67294 0.31212 0.98029 0.71169 1.3815 -0.22218 0.0053254 0.39071 -0.32299 0.44147 0.09323 0.006116 -0.85849 -0.042438 -0.016212 -0.028115 0.066322 -0.027987 0.40752 -0.19201 0.2993 0.70017 -0.4259 -0.1179 -0.84914 0.49191 -0.19171 -1.2826 0.3541 -0.52327 -0.63548 -0.48123 0.85123 -0.28465 0.53255 -0.40995 -0.44962 -0.84096 -0.51235 -1.0909 -0.4977 0.1606 0.72058

investigated	-0.065392 -0.35683 -0.37739 0.3183 0.025487 0.22394 0.28991 0.36375 0.20796 0.22876 0.30949 0.64224 0.69943 0.2816 -0.32673 -0.012818 0.076488 0.099755 -1.1594 0.29107 -0.069093 -0.23513 -0.034342 -0.3061 -0.94728 -0.62386 0.47035 0.13447 -0.42196 0.44321 0.60193 0.05944 -0.41473 0.42768 -0.15831 -0.23716 -0.46589 -0.30085 0.14407 0.28863 -0.70053 -0.45912 -0.097348 -0.31647 0.016463 0.49265 0.3536 -0.31547 0.031276 -0.84855 0.90403 -0.2559 -0.12413 0.72594 -0.59232 -0.14474 -0.14202 0.25859 0.74949 0.47661 -0.50522 0.41435 -0.054405 -0.02283 1.0169 -0.60738 0.21154 0.6183 0.45419 0.909 0.16449 -0.13627 -0.049526 0.47615 -0.091446 -0.45692 0.23278 -0.42196 -1.3264 0.38805 0.53977 0.39247 0.15028 0.39075 -0.80428 -0.32212 0.10052 0.45731 -0.83618 -0.40472 -0.51531 -0.48251 -0.56534 0.0082466 0.93947 0.89816 -0.60541 -0.32857 0.16589 -0.77954
file	-0.60503 0.35632 0.1698 -0.51579 0.009306 0.82095 -0.40203 -0.084497 0.65832 0.058716 0.56399 -0.050261 0.16651 -0.36767 -0.31027 0.27058 1.0288 0.22855 -0.065088 0.2218 -0.44795 -0.19292 0.11469 0.5347 0.051205 -0.61287 0.34666 -0.040078 0.18243 0.14441 1.2159 0.86157 -0.78381 -0.0011178 0.74628 -0.055603 0.15441 -1.2228 0.79672 -0.35888 -0.21182 -0.47853 0.01186 -0.47172 -0.49861 -0.39775 -0.41579 -0.27676 0.42101 -0.04458 0.83172 -0.00098274 0.14445 0.27897 -0.26859 -0.64422 0.15731 -0.74363 2.509 0.66098 -0.56585 0.37698 -0.3521 -0.36562 1.0618 -0.35677 0.34652 0.56724 -0.22367 -0.022239 -0.10702 0.67992 -0.011677 -0.95433 0.49309 0.25246 -0.45971 -0.27715 -0.54709 0.019738 0.20717 -0.56079 -0.18183 -0.54051 -0.95395 -0.13516 0.43299 -0.12673 0.090935 0.46129 -0.21314 0.49642 -0.17529 0.21132 1.2861 -0.39309 0.83985 -0.011613 0.92856 -0.4457
tag	0.095882 0.28993 0.45714 -1.232 -0.010092 0.091512 -0.23637 -0.06988 0.1519 0.56847 0.61816 0.0045478 0.25487 -0.7488 0.48411 0.26572 0.77522 0.22571 0.64322 -0.67505 0.47005 -0.41316 -0.35463 0.29512 0.49891 0.18909 0.48532 -0.61319 0.55567 -0.31733 -0.014122 0.060914 -0.12145 0.15536 0.77139 -0.22017 -0.80766 -0.027994 -0.20706 -0.037029 0.616 -0.052176 0.027272 -0.52369 -0.74242 0.25527 0.021462 0.27614 -0.67737 -0.53429 -0.44589 0.53398 0.30001 0.66019 0.61198 -1.3397 0.13404 -0.24827 0.2337 0.71132 0.537 0.12585 -0.13889 0.1043 0.11275 -0.4906 -0.34827 0.71483 0.43609 -0.097671 -0.37496 -0.45046 -0.095552 0.31564 -0.14259 0.20665 -0.085943 -0.084777 -0.56675 0.26317 0.47959 -0.70189 -0.16652 -1.1029 -0.3942 -0.36596 -0.46478 -0.52499 0.091925 0.43484 -0.49327 0.7665 0.2745 0.24241 0.42228 -0.41325 -0.1662 0.65447 0.99698 -0.37701
doesn	-0.075346 0.50042 0.45245 0.048517 -0.99522 -0.8406 -0.10024 -0.12412 -0.126 0.2924 -0.49251 0.48568 -0.06843 -0.2977 -0.69803 0.4889 -0.69276 0.38626 0.42431 0.38636 0.086708 0.25188 0.31386 -0.096433 -0.10208 0.92521 -0.40983 -0.3771 0.068063 -1.2892 0.46452 0.90315 -0.31432 -0.050751 -0.42146 0.31079 -0.34049 -0.11195 0.26621 0.55499 0.63064 0.00165 0.10294 -0.35382 -0.71996 -0.21499 -0.35604 0.74262 0.61708 -0.059028 0.022778 0.35284 -0.090742 0.043318 -0.98507 0.45995 -0.083842 -0.15069 -0.33498 -0.23196 -0.37532 -0.21648 -0.38948 -1.2032 0.13256 0.96576 0.47387 -0.27188 -0.88489 0.12617 0.59053 -0.11304 -0.6367 -0.2842 0.3245 -0.56001 0.38458 0.32444 0.28271 -0.40025 0.1637 -1.0688 -0.10139 -0.91038 -0.65492 0.094751 -0.15581 -0.17004 0.097478 0.83581 -0.36558 0.045711 -0.022095 -0.35157 0.90728 -0.16028 0.65119 -0.19781 -0.68103 0.55058
tag	0.095882 0.28993 0.45714 -1.232 -0.010092 0.091512 -0.23637 -0.06988 0.1519 0.56847 0.61816 0.0045478 0.25487 -0.7488 0.48411 0.26572 0.77522 0.22571 0.64322 -0.67505 0.47005 -0.41316 -0.35463 0.29512 0.49891 0.18909 0.48532 -0.61319 0.55567 -0.31733 -0.014122 0.060914 -0.12145 0.15536 0.77139 -0.22017 -0.80766 -0.027994 -0.20706 -0.037029 0.616 -0.052176 0.027272 -0.52369 -0.74242 0.25527 0.021462 0.27614 -0.67737 -0.53429 -0.44589 0.53398 0.30001 0.66019 0.61198 -1.3397 0.13404 -0.24827 0.2337 0.71132 0.537 0.12585 -0.13889 0.1043 0.11275 -0.4906 -0.34827 0.71483 0.43609 -0.097671 -0.37496 -0.45046 -0.095552 0.31564 -0.14259 0.20665 -0.085943 -0.084777 -0.56675 0.26317 0.47959 -0.70189 -0.16652 -1.1029 -0.3942 -0.36596 -0.46478 -0.52499 0.091925 0.43484 -0.49327 0.7665 0.2745 0.24241 0.42228 -0.41325 -0.1662 0.65447 0.99698 -0.37701

tag	0.095882 0.28993 0.45714 -1.232 -0.010092 0.091512 -0.23637 -0.06988 0.1519 0.56847 0.61816 0.0045478 0.25487 -0.7488 0.48411 0.26572 0.77522 0.22571 0.64322 -0.67505 0.47005 -0.41316 -0.35463 0.29512 0.49891 0.18909 0.48532 -0.61319 0.55567 -0.31733 -0.014122 0.060914 -0.12145 0.15536 0.77139 -0.22017 -0.80766 -0.027994 -0.20706 -0.037029 0.616 -0.052176 0.027272 -0.52369 -0.74242 0.25527 0.021462 0.27614 -0.67737 -0.53429 -0.44589 0.53398 0.30001 0.66019 0.61198 -1.3397 0.13404 -0.24827 0.2337 0.71132 0.537 0.12585 -0.13889 0.1043 0.11275 -0.4906 -0.34827 0.71483 0.43609 -0.097671 -0.37496 -0.45046 -0.095552 0.31564 -0.14259 0.20665 -0.085943 -0.084777 -0.56675 0.26317 0.47959 -0.70189 -0.16652 -1.1029 -0.3942 -0.36596 -0.46478 -0.52499 0.091925 0.43484 -0.49327 0.7665 0.2745 0.24241 0.42228 -0.41325 -0.1662 0.65447 0.99698 -0.37701
support	-0.56889 1.0741 -0.47046 -0.0033372 0.3851 -0.14175 -0.5763 -0.30484 -0.095918 0.17786 -0.24177 -0.49157 -0.11069 -0.50345 0.091845 -0.40238 0.044992 -0.44403 -0.40238 0.56918 -0.11842 -0.29087 0.40975 -0.11389 -0.29725 -0.086441 0.014207 -0.26746 0.5926 0.066809 0.37691 0.71682 -0.028315 0.53827 0.29448 0.45476 0.5612 0.26344 -0.27477 0.2525 -0.64092 -0.3026 0.86114 -0.091432 0.08479 -0.73649 0.118 -0.26196 -0.30272 -0.81631 -0.31151 0.59154 0.12937 1.133 0.26651 -2.3144 0.79084 -1.2599 2.0374 0.2555 0.058432 -0.43257 0.054661 0.62745 0.58952 0.3839 -0.34004 0.39992 0.41631 -0.020312 0.65422 -0.17546 -0.58449 -1.0952 0.12616 0.40292 -0.32494 0.60967 -1.0284 -0.13108 0.40814 -0.0091753 0.034471 -0.035219 -1.507 0.044173 0.52328 0.53537 -0.21608 -0.62004 -0.1398 -0.37402 -0.13175 0.73579 -0.35415 -0.23068 -0.21276 -0.11696 0.77543 0.65422
track	0.32228 -0.1097 0.47249 -0.10462 0.34316 -0.49609 -0.22263 0.42833 -0.11014 -0.089598 1.0961 0.37959 0.47335 -0.34928 -0.22639 0.40075 0.54794 -0.087748 0.020893 -0.092109 0.40709 0.16208 0.37753 -0.1818 -0.31601 -0.088803 -0.4988 -0.65926 0.55904 0.519 -0.5257 0.094662 0.058114 0.77082 0.15484 0.21927 -0.39942 0.24981 -0.10596 0.2416 0.21547 -0.27286 0.088884 -0.020817 -0.10042 0.028969 0.25752 -0.72987 0.36696 -0.89772 -0.0098035 -0.052629 0.35066 1.0265 0.68539 -2.5411 -0.16658 0.79028 1.6491 0.52352 -0.095636 0.46339 0.13968 0.016423 1.0176 0.13381 -0.052997 0.52917 0.47581 -0.56537 -0.28363 0.03584 -0.029408 0.11013 0.44261 0.27038 0.8515 0.10103 0.51023 -0.96083 0.2277 0.071428 -0.45569 0.15989 -0.97388 0.3851 0.062834 -0.26922 -0.12226 0.6627 -0.89774 0.50317 -0.63183 0.083059 0.50716 -0.27899 -0.86304 0.11636 1.1186 0.11304
number	-0.45491 0.70878 0.052253 0.43452 0.49128 0.26042 -0.09712 0.0068731 0.039583 0.020627 0.39695 -0.12315 0.45283 0.070128 0.3735 -0.1067 -0.018949 0.41535 -0.084856 0.50866 0.87814 -0.3561 0.17487 0.11043 -0.013347 -0.93837 1.134 -0.48278 0.25784 -0.21401 0.07738 0.16889 0.18686 0.095164 0.00041873 0.18117 -0.47591 0.23026 -0.42482 -0.073454 -0.36366 -0.20183 0.21305 0.19168 0.6503 -0.25375 -0.083304 -0.47567 -0.26261 0.029469 0.048801 -0.27775 -0.21443 1.0527 -0.12616 -2.0923 0.23163 -0.22628 1.6792 1.1899 -0.29056 0.39359 -0.038179 0.42282 1.1047 -0.010826 0.091952 0.35868 1.1337 0.15289 -0.24242 -0.10993 -0.20155 0.14546 0.66681 0.32207 0.18396 -0.36868 -0.86877 -0.22897 1.3476 -0.56402 -0.13284 -0.18372 -1.8314 -0.65542 0.21221 -1.0741 -0.32264 0.43934 -0.53892 0.61369 -0.13816 -0.14751 -1.1355 -0.2183 -0.74298 -0.42292 0.58595 -0.42407
property	0.76878 -0.33102 -0.0075087 0.47872 0.039584 0.066893 -1.0649 -0.35438 0.81847 -0.066904 0.2635 0.22875 0.27627 -0.39586 -0.50876 -0.23598 0.3406 0.61816 -0.49329 0.52619 0.42118 -0.11159 0.089723 0.083203 -0.048434 -0.74803 -0.22907 -0.66575 -1.3232 -0.20263 0.28277 0.41804 0.36478 0.34852 -0.06324 0.002608 0.25349 -0.13601 -0.21506 -0.32143 0.35173 -1.0716 0.44034 -0.37886 0.38772 -0.15644 -0.064115 0.37833 -0.0065507 -0.79314 0.092172 -0.088884 0.36313 0.59231 0.46874 -1.3712 -0.069529 -0.78643 2.2294 0.078312 -0.0063085 0.31993 -0.24778 0.082365 1.0767 -0.25908 0.66741 -0.079624 0.82381 -0.47804 -0.87856 0.15628 0.1565 -0.22999 0.11055 -0.70996 -0.085722 0.41212 -1.4255 0.55857 0.91055 0.6532 0.012869 0.47232 -0.15096 -0.13912 -0.32938 -0.87286 0.56098 -0.6094 -0.62269 -1.0868 0.65996 0.020133 -0.52549 0.35231 0.5889 -0.34268 0.66249 -0.92396

Subsequently	0.22045 -0.6889 -0.59699 0.21361 0.76449 0.11997 0.26221 0.24554 0.35759 0.10452 0.49507 0.068141 0.64903 0.4551 0.11513 -0.6489 0.56859 0.032471 -0.54257 -0.12545 0.094277 -0.57052 0.42134 0.01404 -0.14324 -0.40691 -0.058455 -0.21679 0.49607 0.42732 0.2047 1.0552 -0.77191 0.23926 -0.018628 -0.094835 -0.10591 -0.21116 -0.83621 -0.09898 -0.6889 -0.35814 0.16391 -0.27907 0.86323 0.21909 0.13595 -0.11813 0.82269 -0.4471 -0.044174 0.033678 0.4193 0.60654 -0.083433 -1.5522 -0.55189 -0.29395 0.51348 0.71718 0.22576 0.28013 -0.33973 0.37474 0.95422 -0.70989 -0.38883 0.37097 0.23542 0.52522 -0.034486 0.32429 0.16077 0.19304 -0.50677 -0.10433 -0.092723 0.25454 -0.7651 0.028337 -0.16356 -0.053952 -0.2651 0.1102 -1.2112 -0.49549 0.29382 -0.81758 -0.12021 0.028046 -0.48847 -1.0195 -0.07308 0.55907 -0.12331 0.24194 -0.22978 0.37599 0.017588 -0.4879
aTunes	
set	-0.026979 0.0054342 0.22934 0.1992 0.53153 0.46441 -0.16962 0.79351 -0.49407 0.27806 0.40256 0.028784 -0.21689 0.26313 -0.013339 0.24328 0.37118 0.83444 -0.78186 -0.49739 0.69664 -0.51034 0.89815 0.16294 0.81555 -0.64644 -0.1909 -0.24281 -0.27935 -0.30685 -0.60586 0.16049 -0.058313 0.11473 0.16565 -0.14386 -0.066771 -0.041341 -0.17164 -0.40261 -0.21321 -0.44287 0.2134 -0.088432 0.16284 -0.38352 -0.42738 -0.18242 0.16961 -0.70388 -0.13625 -0.28808 0.17642 1.4061 0.11511 -2.6623 -0.10834 0.32273 1.7832 1.0727 -0.11656 0.31391 -0.31614 0.2553 0.83315 -0.083177 -0.22755 0.76016 -0.071007 -0.64414 0.021925 -0.040112 -0.29247 -0.19531 -0.069206 -0.12067 -0.18983 -0.29643 -0.4019 -0.015466 0.87412 -0.047512 -0.72765 0.061269 -1.2187 0.24303 0.16417 0.075568 -0.15996 0.049251 -0.13424 0.27638 -0.35704 -0.22446 -0.57734 -0.048605 0.024131 -0.50613 0.29535 0.10395
property	0.76878 -0.33102 -0.0075087 0.47872 0.039584 0.066893 -1.0649 -0.35438 0.81847 -0.066904 0.2635 0.22875 0.27627 -0.39586 -0.50876 -0.23598 0.3406 0.61816 -0.49329 0.52619 0.42118 -0.11159 0.089723 0.083203 -0.048434 -0.74803 -0.22907 -0.66575 -1.3232 -0.20263 0.28277 0.41804 0.36478 0.34852 -0.06324 0.002608 0.25349 -0.13601 -0.21506 -0.32143 0.35173 -1.0716 0.44034 -0.37886 0.38772 -0.15644 -0.064115 0.37833 -0.0065507 -0.79314 0.092172 -0.088884 0.36313 0.59231 0.46874 -1.3712 -0.069529 -0.78643 2.2294 0.078312 -0.0063085 0.31993 -0.24778 0.082365 1.0767 -0.25908 0.66741 -0.079624 0.82381 -0.47804 -0.87856 0.15628 0.1565 -0.22999 0.11055 -0.70996 -0.085722 0.41212 -1.4255 0.55857 0.91055 0.6532 0.012869 0.47232 -0.15096 -0.13912 -0.32938 -0.87286 0.56098 -0.6094 -0.62269 -1.0868 0.65996 0.020133 -0.52549 0.35231 0.5889 -0.34268 0.66249 -0.92396
exception	0.018977 0.20343 0.51521 -0.10723 0.18065 0.12331 -0.15804 0.11424 0.03167 -0.64671 -0.010638 -0.43316 0.19038 0.17583 0.035071 -0.027728 0.2262 0.14682 -0.18915 0.47476 0.33566 0.27888 -0.21996 0.10146 0.28032 -0.3842 0.18258 -0.50839 -0.35652 -0.33523 0.17786 0.11341 -0.036747 -0.23953 -0.088431 0.46591 0.19665 -0.0027544 -0.013453 -0.25648 0.087086 0.1118 0.4933 0.1239 0.25282 -0.10723 0.81902 -0.10497 -0.69268 -0.5915 0.43756 0.19418 0.22259 0.37208 -0.037613 -1.2992 0.020897 -0.40147 1.2586 0.15621 -0.49972 -0.085182 0.065586 0.27406 1.0264 -0.54902 0.13317 -0.34417 -0.12317 0.1398 -0.46829 -0.19733 -0.034079 0.45159 0.39558 0.18438 -0.432 -0.22367 -0.1309 -0.32784 -0.039537 -0.58863 0.26447 -0.28228 -0.93648 0.31135 0.06557 -0.17484 0.37004 0.031478 -0.15041 -0.23924 -0.09215 -0.031035 -0.42726 0.45871 -0.35031 -0.21297 0.22867 -0.2934
thrown	0.071664 0.33682 0.35231 -0.65072 0.11524 1.1148 0.29863 -0.13427 -0.03478 0.040534 0.2314 0.75793 0.28836 0.64802 -0.16318 -0.25992 -0.1715 0.72423 -0.72495 -0.095892 0.57474 0.24457 0.26683 -0.46795 0.42894 -0.15368 -0.72379 -0.091772 0.27308 0.22892 0.43558 -0.13929 0.1173 0.16391 0.094833 -0.20436 -0.55578 -0.26083 -0.25593 0.36938 -0.62834 -0.50663 0.33688 -0.67047 -0.091826 -0.03689 -0.19847 0.64391 -0.34771 -0.27638 0.30864 -0.027096 0.096574 1.1651 -0.24813 -1.4287 -0.57705 0.70446 1.0051 0.85217 -0.37075 0.45001 -0.66197 0.69482 0.039885 -0.21291 0.55455 -0.78511 -0.62478 -0.20761 -0.090144 0.068946 0.17601 0.15766 -0.096109 0.45364 -0.26748 0.10908 -0.25712 0.52107 0.48476 0.36836 -0.36448 -0.39816 -0.58909 -0.52834 0.40553 -0.31221 -0.40656 -0.5567 -0.017518 -0.25824 -0.73255 -0.22761 0.3329 0.082169 0.13385 1.0087 0.71292 0.18017
Tunes	-0.29187 0.33232 0.4681 -0.77579 0.81135 1.2258 -0.51345 -0.65299 -0.71601 0.030777 0.12233 -0.091089 -0.46726 0.15562 0.30124 0.28178 0.32994 0.22413 0.65468 0.34816 0.69254 0.0084756 0.59063 -0.60799 0.063781 0.08747 -0.22971 0.22406 0.22862 0.39806 -0.21461 0.11772 0.12349 0.28939 -0.22524 0.26419 0.3025 -0.26803 -0.32398 -1.3107 0.6826 0.27075 -0.31983 0.58193 -0.43106 -0.15349 -0.19913 -0.65419 0.70497 -0.32442 -0.44355 0.066275 0.81383 -0.045263 0.094535 -0.83878 -0.053078 0.67294 0.31212 0.98029 0.71169 1.3815 -0.22218 0.0053254 0.39071 -0.32299 0.44147 0.09323 0.006116 -0.85849 -0.042438 -0.016212 -0.028115 0.066322 -0.027987 0.40752 -0.19201 0.2993 0.70017 -0.4259 -0.1179 -0.84914 0.49191 -0.19171 -1.2826 0.3541 -0.52327 -0.63548 -0.48123 0.85123 -0.28465 0.53255 -0.40995 -0.44962 -0.84096 -0.51235 -1.0909 -0.4977 0.1606 0.72058

tags	-0.38178 0.048998 0.052368 -1.6191 0.35551 0.06946 -0.26487 -0.1312 0.32111 0.46051 0.20213 0.023657 0.59978 -0.23194 0.96242 0.61351 0.64808 0.13653 0.53338 -0.3857 -0.20838 -0.22508 -0.14528 -0.41609 0.49171 -0.24744 0.049507 -0.30775 0.016159 -0.76892 0.50154 -0.1493 -0.5285 0.71217 0.71628 0.47852 -0.1422 -0.17726 0.062664 -0.45098 0.46722 -0.23217 -0.090008 -0.53988 -1.3762 0.27386 -0.10538 0.77531 -0.15044 -0.7911 0.35029 0.44113 0.17646 0.44754 -0.48402 0.23503 0.15973 -0.6644 0.66519 0.3466 -0.076299 0.64572 0.027559 0.40984 0.54137 -0.16403 -0.27352 0.051797 0.55919 -0.31591 -0.77431 -0.043361 0.66751 -0.032455 0.25392 0.6046 0.72659 0.091611 -0.74535 -0.10874 0.17407 -0.77439 -0.3908 -1.3669 -0.3764 0.20252 0.21813 -0.42163 -0.36181 0.54403 -0.18807 0.91993 0.31707 -0.61171 -0.25137 -0.58294 -0.17993 -0.68281 0.40912 -0.16881
updated	-1.2226 0.084393 0.70603 0.22605 0.34477 0.3319 0.35978 0.36249 0.091343 0.20365 0.47288 -0.39181 0.39592 -0.52609 0.050332 0.72151 0.65409 0.14452 -0.092862 -0.062498 -0.36827 -0.75698 0.58397 1.3431 -0.067905 -1.0469 -0.30874 -0.31632 -0.44353 0.22228 0.0031741 0.45353 -1.0744 0.047665 0.24539 0.37621 -0.8103 -0.30535 -0.96066 -0.0081053 0.46413 -0.24727 -0.29411 0.2282 0.24562 -0.070651 -0.30577 -0.81827 0.52138 -1.0107 0.95036 0.13665 0.18384 0.48324 -0.10802 -1.403 0.0589 0.62959 0.60793 0.06442 -0.58476 0.63568 -0.73092 -0.10918 0.45471 -0.12957 -1.1681 0.34946 0.1634 0.1695 0.14156 0.34574 0.24457 -0.37922 0.32069 0.16755 0.14136 -0.098908 -0.34442 -0.94004 -0.014905 -0.85209 -0.26752 0.083076 -0.36915 0.17877 0.26866 -0.15752 -0.8555 0.59466 0.25843 0.3796 0.1345 -0.29667 0.13327 -0.50962 -0.29535 -0.12848 0.84971 0.3398

Console	-0.66676 -0.095655 0.99004 0.087614 0.41297 0.4256 -0.0059594 -0.61458 0.72057 0.09697 0.48295 -0.1678 0.32695 -0.80367 0.31621 0.42971 -0.29531 0.51377 -0.30391 -0.07357 0.016618 -1.2441 -0.064174 0.043253 0.54251 -0.25295 -0.19954 0.64 0.010939 0.70276 0.57969 0.64559 -0.79566 0.76291 0.83903 0.73216 -0.18928 0.61684 0.27805 -1.6312 0.67344 -0.33492 0.25615 -0.51649 -0.71034 0.29392 -0.070519 -0.29021 0.80513 0.31202 -0.71713 0.23736 -0.12651 0.3429 0.82946 -1.3395 -0.37003 -0.34297 0.61894 0.13436 -0.16171 0.1425 0.0024601 0.71077 -0.55839 0.12544 -0.13464 0.098899 -0.46548 0.13359 0.048234 0.60834 0.26492 0.32263 -0.16244 0.26677 -0.32075 0.94483 0.48554 -0.12849 -0.3639 -0.34775 -0.27111 1.3781 -1.4374 0.34641 -0.045294 -0.46967 0.028428 -0.18579 0.74979 1.3155 0.41394 -0.37471 0.69954 -0.62707 -0.066011 0.57561 1.7638 -0.59557
output	0.10797 0.53256 0.54202 -0.24416 0.39611 -1.8952 -0.45813 0.676 -0.12384 0.5199 -0.028096 -0.62201 0.16125 -0.40819 -0.022748 0.18142 -0.60513 0.11273 1.1163 -0.26766 0.68848 -0.8988 0.30706 0.53957 0.38563 -0.72756 0.20391 0.48711 0.20617 0.19342 -0.26402 0.15362 -0.066376 -0.42566 -0.33411 0.63672 0.49281 -0.30792 -0.67978 -0.57879 0.15982 -0.52409 -0.20921 0.707 0.81183 -0.29867 0.081972 -1.0911 -0.24077 -1.1667 -0.16488 0.18973 -0.14639 1.3475 0.059529 -1.1466 -0.90168 -0.60007 1.1891 0.40416 1.0818 -0.51364 -0.87849 -0.44933 0.50714 0.19623 0.041051 -0.75367 1.073 -0.3875 0.69531 0.63088 0.6105 -0.1083 0.6198 -0.042306 0.22093 -0.15569 0.0042817 0.42505 0.42868 0.33547 -1.4568 -0.34568 -1.1493 -0.29507 0.93555 -0.79035 0.54232 -0.041986 0.049737 0.87907 -0.66856 -0.40073 -0.69095 -0.3655 0.12331 -1.0022 1.2714 -0.89424

ERROR	-0.37751 -0.16363 0.9482 0.49473 -0.93882 0.29924 0.60475 -0.18593 0.31074 0.26725 0.09804 0.46036 -0.40026 -0.10194 0.88167 0.074454 -0.40784 0.33626 0.12905 0.54874 0.19636 -0.41899 -0.013323 0.35711 0.6171 -0.62658 0.035084 0.59917 0.10591 -0.3158 0.36572 0.30983 0.053684 0.23371 0.18553 -0.28993 -0.28857 0.66251 0.30571 -0.061962 0.044995 0.19384 -0.037629 -0.21041 -0.96828 -0.49412 0.75305 -0.85956 -1.2005 -0.051731 1.0943 0.19854 -0.72221 0.62149 -0.44581 -1.5249 0.14714 0.28686 1.6707 1.2289 -0.7995 -0.58901 -0.35022 0.27493 0.38007 -0.62959 -0.092304 -0.66897 0.17867 0.44893 -1.2392 0.94908 0.15577 0.10509 0.58715 0.66068 -0.018605 0.45815 -0.16067 0.56437 0.032039 0.71425 -1.098 -0.61696 -1.662 -0.52034 0.84659 0.017937 -0.33939 -0.37645 -0.82214 -0.039451 -0.48715 0.074561 0.26701 0.11305 0.26274 -0.78706 -0.26981 -0.44156
FILE	-0.60503 0.35632 0.1698 -0.51579 0.009306 0.82095 -0.40203 -0.084497 0.65832 0.058716 0.56399 -0.050261 0.16651 -0.36767 -0.31027 0.27058 1.0288 0.22855 -0.065088 0.2218 -0.44795 -0.19292 0.11469 0.5347 0.051205 -0.61287 0.34666 -0.040078 0.18243 0.14441 1.2159 0.86157 -0.78381 -0.0011178 0.74628 -0.055603 0.15441 -1.2228 0.79672 -0.35888 -0.21182 -0.47853 0.01186 -0.47172 -0.49861 -0.39775 -0.41579 -0.27676 0.42101 -0.04458 0.83172 -0.00098274 0.14445 0.27897 -0.26859 -0.64422 0.15731 -0.74363 2.509 0.66098 -0.56585 0.37698 -0.3521 -0.36562 1.0618 -0.35677 0.34652 0.56724 -0.22367 -0.022239 -0.10702 0.67992 -0.011677 -0.95433 0.49309 0.25246 -0.45971 -0.27715 -0.54709 0.019738 0.20717 -0.56079 -0.18183 -0.54051 -0.95395 -0.13516 0.43299 -0.12673 0.090935 0.46129 -0.21314 0.49642 -0.17529 0.21132 1.2861 -0.39309 0.83985 -0.011613 0.92856 -0.4457
WRITE	-0.51063 0.48674 -0.073295 -0.14262 0.25711 0.84355 -0.67683 -0.3107 -0.031714 -0.089758 0.56068 0.41425 -0.76754 0.14682 -0.66062 -0.15462 0.39217 0.52453 -0.064366 0.47604 0.086071 -0.082384 -0.56774 0.22157 -0.0040871 -0.68159 -0.3602 -0.46794 0.46181 -0.014345 -0.38062 0.89938 -0.0065053 -0.49895 -0.56779 0.5607 0.34421 -0.37094 0.05859 -0.34652 -0.25792 0.15254 -0.8084 -0.63119 -0.64791 -0.015619 -0.34943 -0.89312 -0.18299 -0.99533 0.33964 0.42056 0.7799 0.077895 0.11782 -1.5571 0.33759 -0.35364 1.338 0.12804 0.45399 0.8935 -0.80881 -0.72548 0.81266 -0.36143 0.97751 0.75154 -0.026157 -0.27079 -0.3066 0.73346 -0.16862 -0.44446 -0.21766 0.18327 -0.52312 0.38712 -0.55162 -0.43653 -0.084308 -0.026172 -0.252 -0.71669 -1.5653 0.052872 0.35886 -0.94014 -0.61345 0.046618 -0.11438 0.41229 0.53814 -0.6955 -0.16701 0.16266 0.23695 -0.23474 0.10563 0.085057
TagModifier	
setInfo	
edit	-1.0405 -0.60081 -0.24063 -0.10705 0.31123 0.60275 -0.15947 -0.063577 0.56031 0.49235 0.96102 0.24531 -0.4266 -0.65953 -0.063236 0.89342 0.23953 0.055633 0.22972 0.10853 -0.066042 -0.25954 0.29248 0.062792 -0.11823 -0.92772 -0.079836 0.21145 0.57788 0.016783 -0.11597 0.9917 -0.6383 0.0963 -0.20319 0.17538 -0.39376 -0.6427 0.11079 -0.55358 -0.15017 0.058109 -0.98047 -0.072118 -0.51538 0.13428 -0.5495 -1.0259 0.26575 -0.24132 0.097205 0.76764 -0.1166 -0.11139 -0.18822 -0.88116 0.26519 0.00484 0.36842 -0.16695 -0.22522 0.86939 -0.19502 -0.2509 0.77761 -0.23266 0.50897 0.11162 -0.38587 -0.21925 0.44022 0.59511 0.61123 -0.3923 0.068062 0.17191 -0.67557 -0.099104 0.44222 -0.95807 -0.71374 -0.66082 -0.049247 0.14332 -0.74732 0.42189 0.47812 -0.55742 0.31117 0.80842 -0.39205 0.48099 0.3507 -0.71049 0.29974 -0.58829 0.48812 -0.39926 0.2309 -0.32842
tag	0.095882 0.28993 0.45714 -1.232 -0.010092 0.091512 -0.23637 -0.06988 0.1519 0.56847 0.61816 0.0045478 0.25487 -0.7488 0.48411 0.26572 0.77522 0.22571 0.64322 -0.67505 0.47005 -0.41316 -0.35463 0.29512 0.49891 0.18909 0.48532 -0.61319 0.55567 -0.31733 -0.014122 0.060914 -0.12145 0.15536 0.77139 -0.22017 -0.80766 -0.027994 -0.20706 -0.037029 0.616 -0.052176 0.027272 -0.52369 -0.74242 0.25527 0.021462 0.27614 -0.67737 -0.53429 -0.44589 0.53398 0.30001 0.66019 0.61198 -1.3397 0.13404 -0.24827 0.2337 0.71132 0.537 0.12585 -0.13889 0.1043 0.11275 -0.4906 -0.34827 0.71483 0.43609 -0.097671 -0.37496 -0.45046 -0.095552 0.31564 -0.14259 0.20665 -0.085943 -0.084777 -0.56675 0.26317 0.47959 -0.70189 -0.16652 -1.1029 -0.3942 -0.36596 -0.46478 -0.52499 0.091925 0.43484 -0.49327 0.7665 0.2745 0.24241 0.42228 -0.41325 -0.1662 0.65447 0.99698 -0.37701
Tag	0.095882 0.28993 0.45714 -1.232 -0.010092 0.091512 -0.23637 -0.06988 0.1519 0.56847 0.61816 0.0045478 0.25487 -0.7488 0.48411 0.26572 0.77522 0.22571 0.64322 -0.67505 0.47005 -0.41316 -0.35463 0.29512 0.49891 0.18909 0.48532 -0.61319 0.55567 -0.31733 -0.014122 0.060914 -0.12145 0.15536 0.77139 -0.22017 -0.80766 -0.027994 -0.20706 -0.037029 0.616 -0.052176 0.027272 -0.52369 -0.74242 0.25527 0.021462 0.27614 -0.67737 -0.53429 -0.44589 0.53398 0.30001 0.66019 0.61198 -1.3397 0.13404 -0.24827 0.2337 0.71132 0.537 0.12585 -0.13889 0.1043 0.11275 -0.4906 -0.34827 0.71483 0.43609 -0.097671 -0.37496 -0.45046 -0.095552 0.31564 -0.14259 0.20665 -0.085943 -0.084777 -0.56675 0.26317 0.47959 -0.70189 -0.16652 -1.1029 -0.3942 -0.36596 -0.46478 -0.52499 0.091925 0.43484 -0.49327 0.7665 0.2745 0.24241 0.42228 -0.41325 -0.1662 0.65447 0.99698 -0.37701
Modifier	0.044361 0.2313 0.20435 0.0099006 0.094844 0.078697 -0.071791 -0.75436 0.69432 -0.30535 -0.42404 -0.30307 -0.25014 0.76063 -0.18 0.77345 -0.4576 -0.20638 0.7391 -0.23958 -0.13208 -0.58772 -0.60385 0.24908 0.50472 0.098685 -0.53193 -0.0079854 -0.19899 0.057007 0.4336 -0.17444 -0.067971 -0.044271 -0.39743 0.20378 -0.1653 0.19723 0.37846 -0.032926 0.50731 -0.20802 0.73126 -0.071088 0.096702 0.21171 -0.20253 0.63071 -0.63306 0.3343 -0.075868 -0.13163 -0.087714 0.2215 -0.19471 0.21823 0.06702 -0.31545 -0.43146 0.016629 -0.22791 0.38539 0.18615 0.21897 -0.18895 -0.22216 -0.31164 -0.58424 0.19594 -0.6988 -0.42398 -0.3627 0.49263 -0.12235 0.6807 0.39475 0.55755 -0.032884 0.17355 -0.2642 -0.25518 -1.1793 -0.80352 -0.83696 -0.30908 0.92165 1.202 -0.13476 -0.083234 -0.35888 -1.3763 0.77132 0.025974 0.30438 0.66963 -0.16185 0.6332 -0.24003 -0.2571 0.68496
set	-0.026979 0.0054342 0.22934 0.1992 0.53153 0.46441 -0.16962 0.79351 -0.49407 0.27806 0.40256 0.028784 -0.21689 0.26313 -0.013339 0.24328 0.37118 0.83444 -0.78186 -0.49739 0.69664 -0.51034 0.89815 0.16294 0.81555 -0.64644 -0.1909 -0.24281 -0.27935 -0.30685 -0.60586 0.16049 -0.058313 0.11473 0.16565 -0.14386 -0.066771 -0.041341 -0.17164 -0.40261 -0.21321 -0.44287 0.2134 -0.088432 0.16284 -0.38352 -0.42738 -0.18242 0.16961 -0.70388 -0.13625 -0.28808 0.17642 1.4061 0.11511 -2.6623 -0.10834 0.32273 1.7832 1.0727 -0.11656 0.31391 -0.31614 0.2553 0.83315 -0.083177 -0.22755 0.76016 -0.071007 -0.64414 0.021925 -0.040112 -0.29247 -0.19531 -0.069206 -0.12067 -0.18983 -0.29643 -0.4019 -0.015466 0.87412 -0.047512 -0.72765 0.061269 -1.2187 0.24303 0.16417 0.075568 -0.15996 0.049251 -0.13424 0.27638 -0.35704 -0.22446 -0.57734 -0.048605 0.024131 -0.50613 0.29535 0.10395
Info	-0.81967 -0.14202 0.64741 -0.22681 0.38609 -0.24876 0.28191 0.07374 0.70674 -0.19251 0.73004 0.3058 -0.75384 -0.10823 0.84538 0.3327 0.4586 -0.80087 0.09843 0.7427 -0.21613 0.38471 -0.17723 -0.042832 0.084332 -0.31696 0.7437 0.11133 -0.33407 -1.048 -0.36389 0.11091 0.034798 0.60101 0.0060155 0.43675 -0.49149 0.17514 -0.1612 -0.66446 0.22403 -0.44384 -0.38457 -0.65139 -0.33222 0.13688 -0.79336 -0.051174 0.47453 -0.48177 0.69297 0.54589 0.31848 0.17299 -0.66149 0.037656 0.20465 0.46201 1.2042 0.26333 -0.27199 -0.016279 -0.3226 -0.33402 -0.031413 0.29674 -0.45425 -0.074244 0.72036 0.25769 -0.20008 -0.28028 0.40973 -0.40918 0.093852 0.45631 0.96696 0.070581 -0.49653 -0.20542 -0.14514 -0.47328 0.48238 -0.205 -0.75024 0.11511 0.096644 0.27384 -0.19544 0.4547 0.072944 0.8609 0.627 -0.44104 -0.31256 0.10746 0.8024 -0.55651 0.34254 0.29035

File	-0.60503 0.35632 0.1698 -0.51579 0.009306 0.82095 -0.40203 -0.084497 0.65832 0.058716 0.56399 -0.050261 0.16651 -0.36767 -0.31027 0.27058 1.0288 0.22855 -0.065088 0.2218 -0.44795 -0.19292 0.11469 0.5347 0.051205 -0.61287 0.34666 -0.040078 0.18243 0.14441 1.2159 0.86157 -0.78381 -0.0011178 0.74628 -0.055603 0.15441 -1.2228 0.79672 -0.35888 -0.21182 -0.47853 0.01186 -0.47172 -0.49861 -0.39775 -0.41579 -0.27676 0.42101 -0.04458 0.83172 -0.00098274 0.14445 0.27897 -0.26859 -0.64422 0.15731 -0.74363 2.509 0.66098 -0.56585 0.37698 -0.3521 -0.36562 1.0618 -0.35677 0.34652 0.56724 -0.22367 -0.022239 -0.10702 0.67992 -0.011677 -0.95433 0.49309 0.25246 -0.45971 -0.27715 -0.54709 0.019738 0.20717 -0.56079 -0.18183 -0.54051 -0.95395 -0.13516 0.43299 -0.12673 0.090935 0.46129 -0.21314 0.49642 -0.17529 0.21132 1.2861 -0.39309 0.83985 -0.011613 0.92856 -0.4457

Users	0.013858 0.10622 0.18355 -0.020564 0.49937 0.4676 -0.39218 -0.14248 1.1447 -0.6303 0.19955 -0.27361 0.075021 -1.234 0.19076 -0.33131 0.39273 0.27003 -0.50712 0.45296 -0.32792 -0.68205 0.20269 0.56082 -0.11032 -0.50295 0.59087 0.45696 0.10084 -0.24977 0.52286 1.4986 -0.2149 -0.33268 1.4479 0.38174 -0.25911 -0.10617 0.32147 -0.20314 -0.16765 -0.27175 -0.51156 -0.45115 -0.14346 0.17012 -0.046003 -0.613 0.48142 -0.086644 0.47882 0.29924 -0.72165 0.36358 0.031773 -0.97142 -0.25198 -0.81913 2.3456 -0.094035 -0.022873 0.26434 0.11023 -0.077341 0.46891 0.67275 0.62594 -0.54316 1.1072 -0.58794 -0.16757 0.51816 0.37757 -0.28468 -0.5928 -0.036787 0.36045 0.038615 0.0043482 -0.81683 1.0743 -0.69986 -0.97767 -0.041334 -2.167 0.016772 0.30351 -0.091265 -0.66832 0.31037 0.14728 0.94485 0.3582 -1.2553 0.16691 -0.13096 -0.34866 -0.43769 0.93769 -0.10868
Pawel	-0.34454 0.25424 -0.16645 -0.49891 -0.58529 0.06405 -0.525 0.16887 -0.32671 1.026 -0.44667 -0.033002 -0.25583 0.24075 0.24316 0.16834 -0.17499 -0.20136 -0.35284 0.042547 -0.30185 0.90194 -0.014293 0.57712 -0.86841 -0.34645 0.029147 0.81905 0.59922 0.0010011 -1.1145 -0.0085835 -0.21189 0.18532 -0.12024 -0.7901 -0.13936 -0.22307 -0.4103 -0.43944 0.5342 -0.046451 -0.22525 0.26062 -0.34339 -0.4316 -0.15836 -0.31833 -0.42768 0.13344 0.92079 -0.94251 -0.93034 -0.056176 -0.96758 0.47647 -0.43041 0.74712 -0.63174 -0.59515 0.68167 -0.011143 0.5574 0.56596 0.61322 -0.33279 -0.36174 0.44624 0.38487 0.042792 0.14217 -0.25496 0.30104 -0.066784 0.46448 0.35192 -0.35247 0.49105 -0.0064939 0.8179 -0.18639 -0.9191 -0.24502 0.02531 0.91836 -0.38359 -0.86128 0.074746 -0.19676 0.0077979 0.62777 -0.38052 0.48144 -0.061515 -0.26229 -0.99154 0.047402 0.094428 -1.2954 -0.3903
Music	0.12705 0.37253 0.23076 -0.10727 1.4273 0.7799 -0.055009 -0.18909 -0.42828 0.28443 0.1192 -0.61978 -0.39817 0.19127 -0.32098 -0.24116 0.60927 -0.35765 0.20159 0.91107 -0.48977 -0.2897 1.0098 -0.66149 0.070414 0.13353 0.42234 -0.080188 1.0722 0.26426 -0.73982 0.64958 -0.48367 0.85837 -0.39008 -0.1302 0.22331 0.20818 -0.4726 -1.7275 0.37209 0.55544 -0.89025 0.87442 -0.29063 -0.71175 -0.33437 -0.41141 0.99049 -0.46207 -0.25777 0.049513 -0.22242 -0.33757 -0.15677 -2.9576 -0.58878 0.22432 1.6375 1.0263 0.89573 1.3718 -0.37709 -0.082095 0.16339 -0.25294 1.0987 -0.0020032 0.79235 -0.29403 -0.26906 0.23123 0.33826 0.1715 -0.35479 -0.13497 0.064417 -0.34495 0.10946 -0.66469 -0.070734 -0.68739 0.27765 0.12298 -1.7341 0.1459 -0.63138 -1.0531 -0.29972 -0.055542 -0.026262 -0.085846 -0.45362 0.20519 -0.33822 -0.039972 -0.96096 -0.50523 0.96006 0.76983
test	-0.58342 0.48631 0.7423 0.17875 -1.5873 -0.37499 0.37902 0.70767 -1.5402 0.74851 -0.0069018 -0.44981 -0.11125 0.17395 0.26005 0.27065 0.78731 0.84877 -0.099277 0.017688 0.44389 -0.873 0.4964 -0.1843 0.24894 0.24073 0.08446 0.070786 -0.23216 0.26685 -0.23519 0.45211 -0.39982 0.24936 0.73548 -0.072352 -0.81008 -0.15256 -1.0313 0.23067 -1.1634 0.20387 0.42369 -1.0589 0.29905 0.20036 0.63371 -0.57507 -0.4373 -0.55908 0.50811 0.32673 -0.4371 1.0702 -0.10418 -2.4432 -1.0739 0.10881 1.5446 -0.15633 -0.37779 0.15111 0.58397 0.5498 0.23775 0.8869 -0.1022 -0.041313 -0.19496 -0.1376 -0.00013191 0.6949 0.06623 -0.25647 -0.10539 0.5695 0.17414 -0.59899 -0.86757 -0.31254 0.5456 -0.092359 -0.12294 -0.19419 -1.9168 -0.044395 0.68561 0.2003 -0.37791 0.67436 -0.77218 0.49596 0.005819 0.53833 0.33367 0.97822 0.31984 -0.12619 -0.017724 0.18389
Error	-0.37751 -0.16363 0.9482 0.49473 -0.93882 0.29924 0.60475 -0.18593 0.31074 0.26725 0.09804 0.46036 -0.40026 -0.10194 0.88167 0.074454 -0.40784 0.33626 0.12905 0.54874 0.19636 -0.41899 -0.013323 0.35711 0.6171 -0.62658 0.035084 0.59917 0.10591 -0.3158 0.36572 0.30983 0.053684 0.23371 0.18553 -0.28993 -0.28857 0.66251 0.30571 -0.061962 0.044995 0.19384 -0.037629 -0.21041 -0.96828 -0.49412 0.75305 -0.85956 -1.2005 -0.051731 1.0943 0.19854 -0.72221 0.62149 -0.44581 -1.5249 0.14714 0.28686 1.6707 1.2289 -0.7995 -0.58901 -0.35022 0.27493 0.38007 -0.62959 -0.092304 -0.66897 0.17867 0.44893 -1.2392 0.94908 0.15577 0.10509 0.58715 0.66068 -0.018605 0.45815 -0.16067 0.56437 0.032039 0.71425 -1.098 -0.61696 -1.662 -0.52034 0.84659 0.017937 -0.33939 -0.37645 -0.82214 -0.039451 -0.48715 0.074561 0.26701 0.11305 0.26274 -0.78706 -0.26981 -0.44156

java	-0.84714 0.020302 0.25959 -0.36874 0.44068 0.67536 -0.30071 -0.1679 0.54697 1.0976 0.51706 0.10964 0.19969 -0.31916 0.039724 -0.7028 0.084263 -0.10588 -0.072092 0.41502 0.44481 -0.68525 1.3962 0.61555 -0.4752 0.61334 0.045766 0.60384 -1.2541 0.041386 -0.19581 0.53461 -0.23929 0.59037 0.68815 -0.099991 0.06518 -0.63082 0.7608 -1.2582 -0.85974 0.47335 0.41507 -0.27783 -0.056308 0.55999 0.825 -0.47537 0.5768 0.60929 -0.95241 0.91425 -0.13165 -0.42898 -0.59134 -0.56076 -0.95617 -0.8252 1.6745 0.054822 -0.59881 0.77632 -0.92323 -0.73269 0.12317 0.27333 -0.28778 -0.10222 0.40905 -0.11932 -0.49878 0.60036 0.7207 -0.51854 -0.31778 0.19507 -0.18214 0.59462 -0.065178 0.0072862 0.28388 -0.59001 -0.97728 -0.59743 0.0014984 1.6339 0.034357 -0.33376 0.28589 0.31225 1.3427 0.55273 -0.022257 0.64239 0.29907 0.36066 -0.63254 -0.45407 0.75004 -0.03187
lang	-0.18111 -0.52459 0.10547 -0.68737 0.099768 -0.25015 0.0071997 -0.0051434 0.21298 0.15165 -0.52948 0.3641 -0.22963 0.19986 0.34469 0.15519 0.88241 0.0041826 -0.67689 -0.059583 0.63035 0.3348 -0.38783 0.21815 -0.13968 -0.038246 -0.12593 -0.47185 0.75873 -0.03395 -0.79982 0.42694 0.43881 -0.53417 -0.086846 -0.35233 0.90601 0.50911 -1.1027 -0.50593 0.090481 -0.074272 -0.28267 0.90375 -0.42283 0.29576 -0.52006 -0.34867 0.65763 0.20854 0.0008711 -0.80542 0.34063 -0.23993 -0.24807 -0.70237 -0.30403 0.35039 -0.46645 0.43182 0.27022 0.062967 -0.85701 0.84031 0.23231 -0.049162 0.27814 0.68702 0.046869 0.80658 -0.44711 0.29044 -0.35112 -0.35821 0.069441 -0.21353 -0.18992 0.0071588 -0.18449 0.3507 0.29078 -0.10032 0.29805 -0.33919 -0.55905 0.15509 -0.47348 -0.13877 0.16918 -0.055957 0.31028 -0.62736 0.38991 0.080238 -0.065341 -0.072912 -0.31957 -0.7052 -0.023274 0.037564
UnsupportedOperationException	
Unsupported	-0.41627 0.37164 0.15989 0.42157 -0.21368 -0.10245 0.25356 0.0017836 0.25907 -0.12481 1.026 1.0804 0.35842 -0.37176 0.56853 -0.17027 -0.069498 0.97123 0.17488 -0.42649 0.48328 0.48547 0.46317 0.72156 0.26963 -0.0095765 -0.27052 -0.027285 -0.2438 -0.26131 0.2252 -0.86193 -0.45301 -0.0019629 0.19699 0.5587 -0.50685 0.14688 -0.018587 -0.40489 -0.33578 1.424 -0.28829 0.3068 -0.040032 -0.51531 0.76011 -0.15001 -0.24968 0.33012 0.47645 0.80693 0.55624 -0.26277 0.36846 -0.0029372 0.94651 0.021814 0.68431 -0.36533 -0.33774 -0.41939 0.59889 0.50313 0.41628 -0.99879 0.72527 -0.032402 0.10072 -0.37152 -0.25967 0.41167 0.30878 0.15762 0.21085 0.10554 0.17421 0.16103 0.0020177 -0.10636 -0.33158 0.51504 0.25792 0.77359 -0.045098 -0.58208 0.29375 0.74323 0.39135 0.16136 -0.75972 -0.36893 -0.53092 -0.15725 0.90236 -0.55025 -0.45713 -0.33541 0.35584 0.16434
Operation	-0.62519 -0.49927 -1.013 -0.25522 0.14315 -0.56204 0.21895 0.68548 0.072255 0.6808 0.078628 0.30959 0.78702 -0.096268 -0.46441 -0.28255 0.01921 -0.32853 -0.19727 0.27341 0.41167 -0.059609 -0.55187 -0.043396 -0.070556 0.85635 0.041768 0.12003 -0.057753 -0.29185 -0.28112 -0.17049 0.24114 -0.44996 0.23209 -0.29554 0.022268 0.058345 0.72967 -0.18833 0.41407 0.11725 0.58351 0.043377 0.22709 0.05282 0.2213 -0.50402 0.19878 -0.20094 -0.28029 0.6491 0.37753 1.3912 -0.21674 -2.0192 -0.69795 -0.65766 1.9497 0.64487 -0.24298 0.62013 0.1112 -0.046956 0.62366 0.27632 -0.97491 -0.19763 0.24261 0.33238 0.19016 -0.84799 -0.67326 0.26183 0.48559 -0.22945 -0.0047914 0.96087 -1.12 0.36873 1.3012 0.12604 -0.36698 1.0131 -1.5176 0.53953 1.0257 0.13029 -0.12995 -0.014295 -0.12382 -0.047099 0.12314 0.77085 0.13271 0.059746 0.18041 -0.11415 -0.082016 0.31929
Exception	0.018977 0.20343 0.51521 -0.10723 0.18065 0.12331 -0.15804 0.11424 0.03167 -0.64671 -0.010638 -0.43316 0.19038 0.17583 0.035071 -0.027728 0.2262 0.14682 -0.18915 0.47476 0.33566 0.27888 -0.21996 0.10146 0.28032 -0.3842 0.18258 -0.50839 -0.35652 -0.33523 0.17786 0.11341 -0.036747 -0.23953 -0.088431 0.46591 0.19665 -0.0027544 -0.013453 -0.25648 0.087086 0.1118 0.4933 0.1239 0.25282 -0.10723 0.81902 -0.10497 -0.69268 -0.5915 0.43756 0.19418 0.22259 0.37208 -0.037613 -1.2992 0.020897 -0.40147 1.2586 0.15621 -0.49972 -0.085182 0.065586 0.27406 1.0264 -0.54902 0.13317 -0.34417 -0.12317 0.1398 -0.46829 -0.19733 -0.034079 0.45159 0.39558 0.18438 -0.432 -0.22367 -0.1309 -0.32784 -0.039537 -0.58863 0.26447 -0.28228 -0.93648 0.31135 0.06557 -0.17484 0.37004 0.031478 -0.15041 -0.23924 -0.09215 -0.031035 -0.42726 0.45871 -0.35031 -0.21297 0.22867 -0.2934

store	0.52294 -0.40177 -0.24409 -0.3159 0.55896 -0.10096 0.14053 0.47603 0.67951 0.44764 0.39565 -0.5254 0.58189 0.058988 0.41342 0.63251 0.41075 0.56616 -0.7342 -0.13923 0.52434 0.12765 0.14069 -0.46349 -0.22853 -0.04946 -0.13433 -0.80657 -0.25577 -0.028448 0.24645 0.66296 -0.095033 0.24336 0.20112 0.52708 -0.085777 -0.46579 0.62355 -1.3898 1.6153 -0.63936 -0.27306 -0.3158 0.13856 0.76081 -0.35622 -0.010666 0.73285 -0.27176 0.52378 -0.3445 0.19642 0.084521 -0.16773 -2.025 -1.1461 -0.46626 1.7867 -0.041003 0.12514 0.30766 0.24421 0.39681 0.37643 -0.040673 1.0868 0.021002 0.65338 -0.013208 -0.31862 0.36921 0.018255 -0.2449 0.3322 0.47222 0.5365 -0.38163 -0.65287 0.33452 0.10521 -0.088202 -0.64046 0.54657 -0.79602 -0.7064 0.11571 -0.66399 -0.23751 0.32279 0.75971 0.66051 0.93978 -0.47123 -1.0326 -0.41882 0.4293 0.14674 1.2848 0.41213
track	0.32228 -0.1097 0.47249 -0.10462 0.34316 -0.49609 -0.22263 0.42833 -0.11014 -0.089598 1.0961 0.37959 0.47335 -0.34928 -0.22639 0.40075 0.54794 -0.087748 0.020893 -0.092109 0.40709 0.16208 0.37753 -0.1818 -0.31601 -0.088803 -0.4988 -0.65926 0.55904 0.519 -0.5257 0.094662 0.058114 0.77082 0.15484 0.21927 -0.39942 0.24981 -0.10596 0.2416 0.21547 -0.27286 0.088884 -0.020817 -0.10042 0.028969 0.25752 -0.72987 0.36696 -0.89772 -0.0098035 -0.052629 0.35066 1.0265 0.68539 -2.5411 -0.16658 0.79028 1.6491 0.52352 -0.095636 0.46339 0.13968 0.016423 1.0176 0.13381 -0.052997 0.52917 0.47581 -0.56537 -0.28363 0.03584 -0.029408 0.11013 0.44261 0.27038 0.8515 0.10103 0.51023 -0.96083 0.2277 0.071428 -0.45569 0.15989 -0.97388 0.3851 0.062834 -0.26922 -0.12226 0.6627 -0.89774 0.50317 -0.63183 0.083059 0.50716 -0.27899 -0.86304 0.11636 1.1186 0.11304
numbers	-0.45266 0.95258 0.44245 -0.224 -0.26489 0.090851 -0.1801 -0.28282 0.35324 -0.21554 -0.22758 -0.22046 0.45199 0.062667 0.61764 0.0042392 -0.16903 0.69396 0.42238 0.22457 0.7197 -0.41702 0.27429 -0.21711 -0.43622 -1.0251 0.28464 -0.083264 0.22553 -0.60309 0.64405 -0.16023 0.089458 0.034143 0.2547 -0.12399 -0.1996 0.38633 -0.036775 -0.37095 0.0015733 -0.53816 -0.5158 0.16721 0.2189 -0.56895 0.30676 -0.44642 -0.18952 -0.66109 0.55532 -0.097764 0.064051 1.0764 0.013703 -1.6903 0.12543 -0.17052 1.574 0.68453 -0.51691 0.2496 0.010548 -0.21826 0.89174 0.1838 -0.19046 -0.058352 1.0834 0.46932 -0.18469 -0.18679 -0.46 -0.33647 0.75767 0.4634 -0.0035157 0.20985 -0.46118 -0.23362 0.76224 -0.23423 -0.71983 -0.93151 -1.393 -0.84675 0.49541 -1.3668 -0.60744 0.6973 -0.54466 0.38583 0.12845 -0.36263 -0.86108 -0.68242 -0.59689 0.018912 0.020207 0.071245
Sample	-0.31059 0.66222 0.21789 -0.046964 -0.37409 0.71737 0.92633 0.80566 -0.31682 0.54172 -0.30107 -0.1522 -0.047403 -0.14923 0.57646 0.76697 0.21433 0.20375 0.57335 -0.0186 -0.38483 -0.34623 0.10475 -0.48937 -0.68399 -0.26709 0.70421 0.0032026 0.25875 -0.20735 0.29176 -0.35039 0.078128 0.69664 0.84063 0.019594 0.32728 0.49883 -0.4859 -0.59618 -0.13152 -0.58993 -0.49327 -0.16369 -0.31943 0.13787 -0.75657 -0.98744 -0.11669 -0.3329 1.1011 0.40166 0.23021 0.10653 -0.47182 -1.2705 -0.72376 -0.10318 1.4433 0.011268 0.29639 0.45875 0.56541 0.55125 1.2032 0.4963 0.30035 -0.21314 0.36452 -0.07512 -0.18296 0.97547 0.65208 0.49546 0.18021 0.70638 -0.02527 -0.88635 -0.31636 -0.34983 0.10328 0.28178 -0.72644 -0.57728 -1.1255 -0.30205 1.209 -0.23275 -0.34631 0.42445 -0.48058 0.50546 -0.21942 -0.19309 0.29072 0.26906 -0.50211 -0.33296 -0.40494 0.29489
file	-0.60503 0.35632 0.1698 -0.51579 0.009306 0.82095 -0.40203 -0.084497 0.65832 0.058716 0.56399 -0.050261 0.16651 -0.36767 -0.31027 0.27058 1.0288 0.22855 -0.065088 0.2218 -0.44795 -0.19292 0.11469 0.5347 0.051205 -0.61287 0.34666 -0.040078 0.18243 0.14441 1.2159 0.86157 -0.78381 -0.0011178 0.74628 -0.055603 0.15441 -1.2228 0.79672 -0.35888 -0.21182 -0.47853 0.01186 -0.47172 -0.49861 -0.39775 -0.41579 -0.27676 0.42101 -0.04458 0.83172 -0.00098274 0.14445 0.27897 -0.26859 -0.64422 0.15731 -0.74363 2.509 0.66098 -0.56585 0.37698 -0.3521 -0.36562 1.0618 -0.35677 0.34652 0.56724 -0.22367 -0.022239 -0.10702 0.67992 -0.011677 -0.95433 0.49309 0.25246 -0.45971 -0.27715 -0.54709 0.019738 0.20717 -0.56079 -0.18183 -0.54051 -0.95395 -0.13516 0.43299 -0.12673 0.090935 0.46129 -0.21314 0.49642 -0.17529 0.21132 1.2861 -0.39309 0.83985 -0.011613 0.92856 -0.4457
uploaded	-0.16147 -0.87193 -0.031602 -0.798 1.1991 0.71529 0.035076 0.078725 0.77711 0.062327 1.1492 0.47117 0.18232 -1.02 1.0191 0.1036 0.80454 0.30654 -0.24458 -0.22298 -0.30965 -0.55008 0.90071 0.81131 -0.75356 -0.57081 0.12723 1.1206 0.80573 0.37022 0.51845 0.9163 -0.32069 0.78654 0.34969 -0.073909 -0.31669 -0.14475 -0.58339 -0.66406 0.25493 0.58942 -0.32144 0.96438 -0.20476 0.13797 -0.73781 -0.29783 0.75926 0.14157 0.26475 -0.34412 0.35122 0.18521 -0.44748 -0.36188 -0.33723 -0.17981 0.39569 -0.29957 0.040595 1.3692 -0.19252 -0.09807 0.33248 0.56308 0.63995 -0.40075 0.22456 -0.22062 0.013041 0.80892 1.0025 0.23251 -0.2219 0.59341 0.021136 -0.061719 0.064946 -0.34903 -0.42961 -0.31359 0.13753 -0.053412 -0.39187 -0.64471 0.45692 0.10597 -0.31973 0.091982 -0.71129 0.52476 -0.24006 -0.63271 0.85533 -0.83637 0.034053 -0.15312 0.039558 0.13645

workaround	-0.19618 0.48139 -0.14719 0.40986 -0.021891 -0.41573 0.42355 -0.35731 0.6842 -0.30248 -0.14666 0.4284 0.076784 -0.83378 0.22756 0.39217 -0.085666 0.26001 0.034305 -0.25386 -0.35511 -0.26154 -0.21224 0.15677 -0.22747 -0.18008 0.18584 0.0076346 -0.86203 -0.16536 -0.53046 0.22647 -0.3356 -0.2153 0.52194 0.91643 -0.29397 -0.89852 0.80455 -0.37748 0.018543 1.233 0.66829 -0.41391 0.12582 0.13621 0.099412 -0.36686 -0.29668 0.35122 0.056861 0.16353 -0.24488 0.29762 0.038902 0.046334 0.11879 -0.057017 0.051602 -0.35503 -0.44135 -0.65281 0.024125 0.48631 -0.1102 -0.084013 0.18507 -0.27718 -0.41164 -0.8039 -0.28124 0.34419 0.057944 0.20072 -0.0019732 -0.087045 0.39392 0.066741 0.15137 0.27179 -0.30283 -0.68978 0.029575 -0.19601 -0.067271 0.73769 0.63428 -0.21842 -0.517 0.22941 -0.12135 0.12808 -0.32429 -0.66243 1.0578 0.10287 0.006121 0.019229 -0.18267 0.27196

works	-0.079342 0.88869 -0.71956 0.24012 1.1896 -0.13472 0.0095736 0.087755 -0.15262 0.0027888 0.20899 -0.57707 0.072431 0.076252 -0.61896 0.03513 0.56163 0.20249 -0.28069 0.53517 -0.11662 -0.060167 0.13314 -0.3963 0.11516 -1.0176 -0.20965 -0.54887 -0.28352 0.12293 -0.78741 0.42936 -0.51052 0.079762 -0.79634 0.57639 0.035476 -0.21602 -0.14236 -0.468 0.15326 0.027309 -0.20222 -0.0085887 -0.18857 -0.39865 -0.19507 -0.78061 0.08192 0.23113 0.22329 0.24319 0.23046 0.66039 -0.24258 -1.9062 -0.6284 -0.14386 0.92526 0.4749 0.29137 1.3036 -0.061828 0.43589 0.82714 -0.034249 0.80185 0.27866 0.24371 -0.27167 0.19863 0.23514 0.34294 -0.10369 0.71449 -0.34038 0.16422 0.31858 -0.52167 -0.12131 0.27495 0.25664 -0.13082 0.24142 -1.9623 0.40121 -0.45484 -0.90618 -0.21689 -0.54578 0.27799 -0.6985 0.33897 0.16657 -0.30725 0.34652 -0.53584 -0.93369 0.46869 0.2453

file	-0.60503 0.35632 0.1698 -0.51579 0.009306 0.82095 -0.40203 -0.084497 0.65832 0.058716 0.56399 -0.050261 0.16651 -0.36767 -0.31027 0.27058 1.0288 0.22855 -0.065088 0.2218 -0.44795 -0.19292 0.11469 0.5347 0.051205 -0.61287 0.34666 -0.040078 0.18243 0.14441 1.2159 0.86157 -0.78381 -0.0011178 0.74628 -0.055603 0.15441 -1.2228 0.79672 -0.35888 -0.21182 -0.47853 0.01186 -0.47172 -0.49861 -0.39775 -0.41579 -0.27676 0.42101 -0.04458 0.83172 -0.00098274 0.14445 0.27897 -0.26859 -0.64422 0.15731 -0.74363 2.509 0.66098 -0.56585 0.37698 -0.3521 -0.36562 1.0618 -0.35677 0.34652 0.56724 -0.22367 -0.022239 -0.10702 0.67992 -0.011677 -0.95433 0.49309 0.25246 -0.45971 -0.27715 -0.54709 0.019738 0.20717 -0.56079 -0.18183 -0.54051 -0.95395 -0.13516 0.43299 -0.12673 0.090935 0.46129 -0.21314 0.49642 -0.17529 0.21132 1.2861 -0.39309 0.83985 -0.011613 0.92856 -0.4457
tag	0.095882 0.28993 0.45714 -1.232 -0.010092 0.091512 -0.23637 -0.06988 0.1519 0.56847 0.61816 0.0045478 0.25487 -0.7488 0.48411 0.26572 0.77522 0.22571 0.64322 -0.67505 0.47005 -0.41316 -0.35463 0.29512 0.49891 0.18909 0.48532 -0.61319 0.55567 -0.31733 -0.014122 0.060914 -0.12145 0.15536 0.77139 -0.22017 -0.80766 -0.027994 -0.20706 -0.037029 0.616 -0.052176 0.027272 -0.52369 -0.74242 0.25527 0.021462 0.27614 -0.67737 -0.53429 -0.44589 0.53398 0.30001 0.66019 0.61198 -1.3397 0.13404 -0.24827 0.2337 0.71132 0.537 0.12585 -0.13889 0.1043 0.11275 -0.4906 -0.34827 0.71483 0.43609 -0.097671 -0.37496 -0.45046 -0.095552 0.31564 -0.14259 0.20665 -0.085943 -0.084777 -0.56675 0.26317 0.47959 -0.70189 -0.16652 -1.1029 -0.3942 -0.36596 -0.46478 -0.52499 0.091925 0.43484 -0.49327 0.7665 0.2745 0.24241 0.42228 -0.41325 -0.1662 0.65447 0.99698 -0.37701
edited	-0.86637 -0.1795 -0.70494 -0.13836 1.1964 0.78527 0.49841 0.012947 -0.33141 -0.25974 0.47275 -0.1415 0.10421 0.020962 0.19347 0.42209 0.50387 -0.044725 -0.58144 -0.11276 0.2352 -0.21793 0.34456 0.25647 0.40339 -0.73528 0.0014886 -0.29813 0.15211 1.1246 -0.049773 0.32661 -0.9418 0.0042221 -0.74179 0.38631 -0.069833 -0.073788 -0.89597 0.23611 -0.095113 -0.17214 -1.029 0.75466 -0.13165 -0.69828 -0.41964 -0.76233 0.22925 0.13217 0.25107 0.40946 0.46521 -0.0060211 -0.14258 -1.4252 -0.22064 0.37241 0.0021749 -0.23769 0.2969 1.2067 -0.30804 -0.4842 1.0573 -1.0173 0.70706 1.1016 0.74206 0.39059 0.35996 1.1093 0.90463 0.15973 -0.38277 0.10601 -0.15197 0.14121 -0.37088 -0.40121 -0.7334 -0.027812 0.048765 0.037989 -0.88315 -0.29363 0.15683 -0.96085 -0.48595 -0.035587 -0.077743 -0.045909 0.1433 -0.16556 0.13125 -0.12723 0.18147 -0.65232 -0.45519 -0.085714
simply	-0.11055 0.14475 0.32269 0.11455 0.12821 0.57989 -0.29525 0.20746 0.68867 -0.2642 0.17079 0.069806 0.20294 -0.20203 -0.0062471 -0.47701 0.20135 0.66588 -0.11703 0.14952 0.093763 0.22497 -0.016637 -0.57777 -0.15651 0.27164 -0.49182 -0.36301 0.19482 -0.21932 0.26379 0.85523 -0.48109 -0.2972 0.441 -0.077189 0.0064163 -0.14925 0.26581 -0.46007 -0.31013 0.13491 -0.06342 -0.32913 -0.31529 -0.151 0.042891 0.16249 -0.34913 -1.0091 0.57708 0.073365 0.10176 1.1292 -0.34624 -1.7682 -0.0061266 0.0080445 1.0477 0.34851 -0.18293 0.1965 -0.35063 -0.24102 1.056 -0.33964 0.44002 0.076125 -0.20458 -0.36015 -0.1571 -0.073388 -0.049343 -0.25661 0.056199 0.21689 0.040112 0.4661 -0.37487 0.06182 0.233 -0.35656 -1.143 -0.33748 -1.7467 -0.45732 -0.089761 -0.23851 -0.24403 -0.29534 -0.38605 -0.41872 0.218 -0.13783 -0.27531 -0.27457 -0.18756 -0.55689 0.13672 0.31596
tag	0.095882 0.28993 0.45714 -1.232 -0.010092 0.091512 -0.23637 -0.06988 0.1519 0.56847 0.61816 0.0045478 0.25487 -0.7488 0.48411 0.26572 0.77522 0.22571 0.64322 -0.67505 0.47005 -0.41316 -0.35463 0.29512 0.49891 0.18909 0.48532 -0.61319 0.55567 -0.31733 -0.014122 0.060914 -0.12145 0.15536 0.77139 -0.22017 -0.80766 -0.027994 -0.20706 -0.037029 0.616 -0.052176 0.027272 -0.52369 -0.74242 0.25527 0.021462 0.27614 -0.67737 -0.53429 -0.44589 0.53398 0.30001 0.66019 0.61198 -1.3397 0.13404 -0.24827 0.2337 0.71132 0.537 0.12585 -0.13889 0.1043 0.11275 -0.4906 -0.34827 0.71483 0.43609 -0.097671 -0.37496 -0.45046 -0.095552 0.31564 -0.14259 0.20665 -0.085943 -0.084777 -0.56675 0.26317 0.47959 -0.70189 -0.16652 -1.1029 -0.3942 -0.36596 -0.46478 -0.52499 0.091925 0.43484 -0.49327 0.7665 0.2745 0.24241 0.42228 -0.41325 -0.1662 0.65447 0.99698 -0.37701
created	0.056525 -0.18148 -0.20936 -0.070561 0.95013 0.17602 -0.070017 -0.15964 0.047953 -0.38843 -0.044277 -0.52962 0.29647 -0.2411 0.39247 -0.13195 0.7705 0.49644 -0.55179 -0.16028 -0.22651 -0.3008 0.51691 -0.31662 -0.060479 -0.81213 -0.13141 0.0066376 -0.29525 -0.23555 0.37093 0.67933 -0.45026 -0.34164 -0.24077 -0.22571 0.13249 -0.11855 -0.33498 -0.38785 -0.12861 0.09697 -0.3969 -0.19937 0.31318 -0.058941 -0.030812 -0.081864 0.099476 -0.24611 -0.43853 0.047988 0.15537 0.69702 0.010567 -2.7869 -0.0037619 -0.10836 0.75486 0.42012 0.1434 1.0492 -0.10554 0.33441 1.3263 -0.32001 0.053685 0.13923 0.62683 -0.1209 0.85711 0.14897 -0.46904 0.11087 0.15238 -0.056619 0.33403 0.27947 -0.86069 0.46684 0.23539 -0.1794 -0.15249 0.46176 -1.062 0.28963 6.8021e-06 -0.65815 0.059446 -0.42393 0.090936 -0.25033 -0.32441 -0.012409 0.26815 0.063334 -0.15215 -0.6276 0.22948 -0.44526

upload	-0.58019 -0.68485 -0.28039 -0.1626 0.55308 0.34447 -1.0353 0.35059 0.40243 0.14903 1.2101 0.55147 -0.19354 -1.2227 0.58679 0.34881 0.59192 0.37061 -0.3888 0.65972 -0.43231 -0.51031 0.68127 0.42661 -0.069977 -0.59183 0.19688 0.74282 0.97197 -0.47697 0.53511 1.4288 -0.9633 0.46618 0.60373 -0.56521 0.23119 -0.3643 0.039305 -0.77621 0.40311 0.33451 -0.76963 0.022489 -0.39142 0.37929 -0.05505 -0.7942 0.63395 0.044005 0.78855 0.17305 -0.25168 0.1055 -0.062486 0.036327 0.10387 -0.066395 0.55027 -0.76791 -0.098295 0.75845 0.10743 -0.10526 0.055061 0.41533 0.55427 -0.53146 0.20226 -0.5976 0.18153 0.084994 0.80959 -0.61717 -0.05563 0.46508 -0.44862 -1.0484 0.93651 -0.61472 0.026749 0.19289 0.14442 -0.49457 -0.48985 -0.002252 0.82124 -0.086207 0.27363 0.47808 -0.57312 0.82006 0.40442 -1.0082 0.37251 -1.1833 0.19558 -0.41163 0.86094 0.024744
source	-0.54094 -0.076228 0.89303 -0.21225 0.5825 -0.3005 0.12909 -0.52773 0.92862 0.11514 -0.12677 0.096937 0.31288 0.050512 -0.32283 -0.3004 0.22007 -0.84137 -0.06254 0.17903 -0.42624 -0.10462 -0.40554 -0.10051 -0.40218 -0.015057 0.52526 0.15915 -0.18149 0.41998 0.14463 -0.021693 -0.64978 -0.090267 0.19731 0.099473 -0.32515 0.4068 0.3622 0.022279 -0.551 -0.12464 -0.16744 -0.094767 0.56511 -0.20268 -0.36092 -0.45798 -0.39297 -0.32961 0.81769 0.32481 0.42147 0.7609 -0.098642 -1.8316 -0.94356 -0.48457 1.6714 0.30485 -0.2748 0.071256 -0.48255 0.089058 1.3761 -0.49029 0.36082 -0.72647 0.58731 -0.14937 -0.13777 -0.040655 0.66596 -0.39209 0.51158 0.073351 0.39566 -0.48165 -1.4742 0.10518 0.58482 0.059647 -0.83053 -0.31453 -0.89902 0.47224 0.13688 0.45488 -0.05007 0.15508 0.47896 0.25437 -0.22414 -0.035257 -0.54084 0.0014581 -0.31231 -1.0292 0.80669 0.1777
code	0.040031 -0.24448 0.73053 -0.78522 0.10176 1.1329 -0.54574 -0.16502 -0.22271 0.26857 -0.0028017 -0.53323 0.23771 -0.013369 -0.31623 0.31315 1.4045 0.3017 -0.3337 0.026709 -0.23063 -0.35121 0.3957 -0.048798 0.20233 -0.42681 0.086992 -0.32299 -0.51931 -0.39928 0.40101 1.0389 0.11716 -0.29213 0.40621 0.34681 -0.21982 -0.99274 0.27808 0.30669 -0.15944 -0.43364 0.10627 0.13963 -0.47956 -0.080051 -0.062879 -0.10151 -0.20968 -0.19341 0.45186 0.61042 -0.064944 0.96259 -0.85312 -1.127 0.15543 -0.13428 2.2155 0.61877 -0.20611 -0.513 -0.68671 -0.048113 0.87501 -0.11171 -0.40812 -0.042767 0.6316 0.14233 -0.23214 0.036219 0.32677 0.13164 0.37036 0.17449 0.12896 0.12132 -0.88154 0.11403 -0.24804 -1.2929 -0.34626 -0.30557 -1.4405 1.2882 0.31974 -1.2983 -0.18529 0.85937 -0.19239 0.83516 -0.56495 0.0085904 0.70475 -0.095823 -0.26036 -0.95226 -0.059152 -0.19183
check	-0.27314 -0.17828 0.26394 -0.47224 -0.2855 0.47653 -0.27501 0.57198 0.34998 0.336 0.27987 0.37373 0.40312 0.26457 0.038978 0.11079 0.56687 0.00024736 -0.008156 -0.057403 -0.28108 0.1262 -0.65418 -0.53825 0.10259 -0.51373 -0.24087 -0.65683 -0.028279 -0.7707 0.20415 0.18323 0.12709 0.62394 0.15823 -0.0050464 -0.40865 -0.27617 0.17649 -0.48984 0.033228 -0.42428 -0.21466 -0.49541 -0.25184 0.22204 -0.81785 -0.72368 0.23574 -1.0678 1.0207 0.16764 -0.19304 0.79255 -0.048997 -1.2361 0.24788 -0.017531 2.227 -0.090285 -0.025205 0.61781 -0.15697 0.24095 0.56607 0.369 -0.014747 0.016142 0.56479 -0.054685 -0.64588 0.10025 0.10703 -0.55915 0.40791 0.44661 0.082875 -0.051264 -0.5306 -0.21603 0.97219 -0.18039 -0.43002 -0.5618 -1.0886 -0.16942 0.41837 0.16439 -0.85309 0.32493 -0.49075 0.76562 0.48373 -0.7059 -0.36424 0.20114 0.71274 0.068123 0.16072 -0.22105
solution	-0.6269 0.39516 0.29439 1.1127 -0.00027501 -0.48458 0.46506 -0.28882 0.65649 0.31497 -0.12992 -0.15935 0.099145 0.23149 0.13218 -0.039036 -0.36519 -0.60476 -0.53715 -0.46797 -0.36788 -0.096492 -0.023146 -0.27548 -0.25543 0.44944 0.051732 -0.1041 -0.58247 -0.20935 -0.12909 0.79717 -0.50582 -0.30913 1.0126 -0.039588 0.69356 -0.040439 0.3705 -0.82283 -0.43379 -0.07805 0.10381 -1.042 -0.34484 0.23976 -0.19774 0.044032 -1.1053 -0.010101 0.31346 -0.05605 0.14471 1.3169 -0.14928 -1.9782 -0.14819 -0.39224 1.2207 0.028304 -0.16526 -0.69494 -0.76178 -0.49203 1.6283 -0.012948 0.47707 -0.26171 -0.50997 -1.4293 0.1914 -0.31151 -0.23624 -0.2143 0.70862 0.1358 -0.29173 -0.36161 -0.7538 -0.3603 0.31979 -0.007505 -0.51529 0.074149 -0.85935 0.97157 0.61621 0.067052 -0.59826 -0.67942 -0.10273 0.31339 -0.75789 0.21333 -0.15627 0.1027 0.17956 0.11082 0.34711 0.75093

