Error	-0.37751 -0.16363 0.9482 0.49473 -0.93882 0.29924 0.60475 -0.18593 0.31074 0.26725 0.09804 0.46036 -0.40026 -0.10194 0.88167 0.074454 -0.40784 0.33626 0.12905 0.54874 0.19636 -0.41899 -0.013323 0.35711 0.6171 -0.62658 0.035084 0.59917 0.10591 -0.3158 0.36572 0.30983 0.053684 0.23371 0.18553 -0.28993 -0.28857 0.66251 0.30571 -0.061962 0.044995 0.19384 -0.037629 -0.21041 -0.96828 -0.49412 0.75305 -0.85956 -1.2005 -0.051731 1.0943 0.19854 -0.72221 0.62149 -0.44581 -1.5249 0.14714 0.28686 1.6707 1.2289 -0.7995 -0.58901 -0.35022 0.27493 0.38007 -0.62959 -0.092304 -0.66897 0.17867 0.44893 -1.2392 0.94908 0.15577 0.10509 0.58715 0.66068 -0.018605 0.45815 -0.16067 0.56437 0.032039 0.71425 -1.098 -0.61696 -1.662 -0.52034 0.84659 0.017937 -0.33939 -0.37645 -0.82214 -0.039451 -0.48715 0.074561 0.26701 0.11305 0.26274 -0.78706 -0.26981 -0.44156
adding	-0.55534 -0.055775 -0.006288 0.075513 0.12048 -0.31565 -0.23437 0.16743 0.5679 0.32841 0.19569 0.13543 0.22368 -0.37219 0.19908 -0.28915 -0.73706 -0.23931 -0.32061 -0.0039002 0.20988 -0.086799 -0.19186 0.016872 -0.26288 0.087767 0.23948 -0.15702 -0.21541 0.07955 -0.40919 0.43306 -0.53097 -0.28091 0.10515 -0.00069976 0.46461 0.26029 -0.17658 -0.017724 -0.71933 -0.6431 0.47123 -0.3515 0.19208 0.20258 -0.18825 -0.39398 -0.24315 -1.2257 0.45855 -0.19406 -0.0086146 1.013 -0.4815 -1.944 -0.20271 -0.014556 1.1636 1.0267 -0.25615 0.10897 -0.39377 0.044755 0.45291 -0.014042 0.32515 0.50528 0.23071 -0.088376 0.12812 0.039608 0.21908 -0.45238 0.84161 0.66927 -0.15857 0.055225 -0.76469 0.017183 0.62921 -0.43861 -0.16064 -0.28009 -1.1583 0.15431 0.016845 0.17251 -0.34541 0.090117 0.13962 -0.22838 -0.11684 -0.50049 -0.67335 -0.025828 -0.18143 -0.42894 0.51196 0.57889
field	-0.10788 0.59699 0.016488 0.097625 -0.085979 -0.15676 0.80516 -0.13578 -1.4836 0.28518 0.30906 -0.55144 0.18377 -0.0023026 -0.02262 -0.035102 0.30888 0.96532 -0.10629 -0.49877 -0.041765 0.35596 0.68933 0.08777 0.12324 -0.13962 -0.16608 0.12485 0.66178 0.42103 -0.80425 0.23145 0.36594 0.26483 0.23219 -0.23883 -1.1873 1.3604 -0.36149 0.34139 0.099304 -0.28042 -0.2282 -0.23718 -0.22206 -0.062012 -0.089407 0.27265 -0.36992 -0.46849 0.12355 -0.26099 -0.27145 1.0958 0.37578 -2.0847 -0.126 -0.34241 1.8977 0.906 -0.2751 0.52267 0.17945 0.68405 1.1316 -0.25346 0.50099 -0.28185 -0.17878 0.83747 -0.10038 -0.11002 0.36584 -0.69662 0.30049 -0.31331 0.61458 -0.11791 -0.36314 0.59324 0.49595 0.57988 -0.79914 -0.25488 -1.0502 -0.079839 0.43479 -0.51662 0.4896 -0.17327 -0.077929 -0.50018 -0.60159 0.0905 -0.22624 0.30536 -0.39251 0.38776 0.24796 0.455
contentLength	
solrindex	
content	-0.18555 -0.19955 0.13965 -0.40343 0.50651 -0.02038 -0.16991 -0.25754 0.18487 0.13197 0.50986 -0.4227 -0.10582 -1.1797 0.10686 0.18521 0.2057 -0.15482 -0.0024716 0.42293 -0.62545 -0.47933 0.33819 0.39449 -0.44653 0.12493 0.69765 0.76548 -0.44587 0.5499 0.3186 1.1514 -0.55824 -0.69069 0.98434 0.34295 0.09298 -0.066754 -0.93218 -0.2489 0.17801 -0.40863 -0.79674 -0.025478 -0.19487 -0.40616 -0.76258 -0.31357 0.24744 -0.69023 0.94044 0.23323 -0.36505 0.70002 0.0058896 -1.4976 -0.42901 -0.65529 1.9299 -0.1564 0.38972 0.37067 -0.45764 -0.61961 1.3286 0.063821 1.4521 -0.44211 0.24184 -0.797 0.17904 0.07502 1.4354 0.28795 -0.26492 0.051049 0.099066 -0.2074 -0.28114 -0.49524 -0.34311 -0.60031 -0.19885 -0.024879 -1.5615 0.12603 0.010747 -0.058753 -0.05898 0.067833 -0.47089 0.10677 -0.31521 -0.19495 -0.050314 -0.50002 -0.25814 -0.9514 0.91759 0.82825
Length	-0.39345 0.14751 0.115 0.5842 -0.22979 0.12557 0.034881 0.85012 -1.0224 0.37647 0.4142 0.64828 0.53612 -0.091829 0.88211 -0.09227 -0.17771 -0.0095382 0.46393 -0.78129 0.38076 0.26073 -0.40727 -0.027861 1.0929 0.72266 0.16645 -0.46851 0.25301 -0.20281 -0.21155 -0.16052 0.33415 -0.1378 0.26774 0.53922 0.65032 0.43666 0.09264 0.9267 0.55555 -0.8082 -0.020837 0.54307 -0.39997 -0.33437 0.77462 -0.91296 -0.093295 0.65398 0.60355 -0.10966 1.0224 1.5875 -0.10735 -1.9646 -0.14627 -0.47492 1.2636 0.69037 0.12818 0.55123 -0.085575 0.19535 1.2906 0.5853 -0.13847 -0.086656 0.37725 0.034639 -0.030018 0.6359 0.91748 0.51956 1.0847 -0.027481 -0.57533 -0.27663 0.46083 -0.27902 -0.44093 -0.34366 -0.094047 -0.42573 -1.201 0.058523 0.14049 -0.89629 0.35035 0.78896 -0.64621 0.23352 -0.66019 -0.85192 0.15518 -0.20148 -0.56911 -0.52954 1.1626 -0.075618

contentLength	
empty	-0.29204 0.64575 0.24976 -0.33605 0.077665 1.0841 -0.27241 0.66749 0.48728 0.15991 0.18769 0.21757 0.0077355 0.24046 0.17862 -0.38966 -0.30731 0.81439 0.049521 -0.87165 0.71485 1.0322 -0.092907 -0.7421 0.41597 -0.57233 -0.35456 -0.080297 -0.05921 0.15824 0.57835 -0.52434 -0.15678 -0.16694 -0.033042 0.15589 0.10569 0.21303 0.073171 -0.49352 0.55671 -0.82302 0.22235 -0.063038 0.74383 0.20141 -0.4908 0.63604 -0.69346 -0.052511 0.5209 -0.55951 0.24557 0.58954 -0.11281 -2.0787 -0.11635 0.043638 1.3001 0.22195 -0.28784 0.35742 0.10761 0.3214 0.20978 -0.11597 1.1219 -0.61732 -0.98757 -0.55427 0.1392 -0.31913 0.8476 -0.47502 0.16578 0.54902 0.025257 0.30665 -0.34682 0.35183 0.12504 0.14964 -0.60664 0.21595 -0.47435 -0.28296 0.29273 -0.23071 -0.47591 0.21447 0.17103 0.39693 0.50991 0.2286 -0.70912 -0.16425 -0.32432 0.73325 0.19312 0.33509
string	-0.58612 0.68468 -0.3048 -0.30143 0.63022 0.54069 0.01149 -0.079599 -1.2801 0.52436 -0.085146 0.011723 -0.068233 1.3369 -0.53491 1.1505 -1.0879 -0.014131 0.84327 0.35177 0.1791 -0.17666 0.069901 -0.10659 0.21653 -0.39874 -0.53911 0.15529 0.43732 -0.12114 0.024777 -0.37661 0.016911 0.1536 -0.6331 -0.44423 0.17383 -0.60363 0.47226 -0.35641 0.19885 0.18405 0.62407 0.36511 0.082608 -0.041067 0.51466 0.2014 0.35829 -0.35822 -0.5558 0.13119 -0.15079 0.43218 -0.0049345 -2.1244 0.065888 0.2303 1.1107 0.89659 -0.73445 0.28847 0.07422 0.1921 0.29703 0.0082317 0.43467 0.29806 0.19613 0.17296 -0.76403 0.30902 0.012527 0.31087 0.087482 0.12754 0.02412 0.0055587 -0.35831 0.45593 0.96553 -0.10852 -0.18546 -0.19566 -1.1958 -0.21444 0.046392 -0.64232 -0.51301 0.15291 -0.8148 0.94186 -0.88127 -0.16941 0.061199 0.19866 -0.67404 -0.31921 0.56022 -0.10541
assume	-0.093221 -0.044984 0.70966 0.3674 -0.68108 -0.042645 -0.76958 0.056269 0.3706 0.090895 0.14645 0.50263 0.62681 -0.074608 0.14514 -1.0588 -0.018759 0.6534 -0.21228 0.19187 0.1052 -0.62385 -0.20835 -0.40834 -0.91108 -0.45037 0.22953 -0.14536 0.74105 -0.50815 0.36511 0.46151 -0.38919 -0.55013 -0.048052 0.38311 0.08263 0.14877 0.17637 -0.33309 0.13194 0.10877 0.3128 -0.38063 -0.49071 0.33663 0.16616 -0.010863 -0.84043 -0.85448 0.22282 -0.28779 0.15302 0.61958 0.18514 -1.2202 0.55295 -0.43526 0.83602 0.085996 0.19922 0.04617 -0.51371 -0.18869 0.80368 0.08237 -0.0011886 0.57799 -0.25589 -0.01844 0.092932 -0.46226 -0.32825 -0.019771 0.1095 -0.69923 -0.8096 -0.08148 -0.58831 -0.29395 0.021455 -0.24898 -0.64938 0.019219 -0.57773 -0.16226 0.36085 -0.10517 0.24199 -0.52559 -0.23912 0.12104 0.66949 -0.55437 -0.26663 0.090377 0.059349 -0.39457 0.1234 0.28844
NUTCH	
solr	
accept	0.20459 0.40351 0.052177 0.50479 -0.60504 0.051666 -0.4526 0.42101 0.60828 -0.019986 -0.26279 0.37275 0.43931 0.067275 -0.080941 -0.44697 -0.073036 0.21563 -0.54012 0.5817 -0.26717 -0.3376 -0.23278 -0.31529 -0.34276 -0.059373 -0.19975 -0.80737 1.0499 -0.42041 0.37409 0.7417 -0.58226 -0.23842 0.21811 0.46062 0.48348 -0.41672 -0.7815 -0.59795 -0.86586 0.35155 0.50889 -0.77316 -0.31039 -0.37887 0.1442 -0.055555 -0.54223 -0.61765 0.58263 0.050893 0.46716 0.53433 -0.066481 -1.4321 0.64925 -0.53801 1.6426 -0.31776 0.14821 -0.4969 -0.53636 -0.34661 0.71347 -0.39469 0.032829 1.1965 -0.74002 -0.28751 -0.20734 -0.39672 -0.40533 -0.78149 -0.21441 0.2217 -0.59976 -0.075401 -0.61208 -0.21916 0.43069 -0.38594 -0.33701 -0.22711 -1.1041 -0.030247 0.42581 0.021795 -0.037806 -0.2204 0.048352 -0.23197 -0.39257 -0.34579 -0.68317 -0.10509 -0.22073 0.43007 0.66616 0.32233
content	-0.18555 -0.19955 0.13965 -0.40343 0.50651 -0.02038 -0.16991 -0.25754 0.18487 0.13197 0.50986 -0.4227 -0.10582 -1.1797 0.10686 0.18521 0.2057 -0.15482 -0.0024716 0.42293 -0.62545 -0.47933 0.33819 0.39449 -0.44653 0.12493 0.69765 0.76548 -0.44587 0.5499 0.3186 1.1514 -0.55824 -0.69069 0.98434 0.34295 0.09298 -0.066754 -0.93218 -0.2489 0.17801 -0.40863 -0.79674 -0.025478 -0.19487 -0.40616 -0.76258 -0.31357 0.24744 -0.69023 0.94044 0.23323 -0.36505 0.70002 0.0058896 -1.4976 -0.42901 -0.65529 1.9299 -0.1564 0.38972 0.37067 -0.45764 -0.61961 1.3286 0.063821 1.4521 -0.44211 0.24184 -0.797 0.17904 0.07502 1.4354 0.28795 -0.26492 0.051049 0.099066 -0.2074 -0.28114 -0.49524 -0.34311 -0.60031 -0.19885 -0.024879 -1.5615 0.12603 0.010747 -0.058753 -0.05898 0.067833 -0.47089 0.10677 -0.31521 -0.19495 -0.050314 -0.50002 -0.25814 -0.9514 0.91759 0.82825
Length	-0.39345 0.14751 0.115 0.5842 -0.22979 0.12557 0.034881 0.85012 -1.0224 0.37647 0.4142 0.64828 0.53612 -0.091829 0.88211 -0.09227 -0.17771 -0.0095382 0.46393 -0.78129 0.38076 0.26073 -0.40727 -0.027861 1.0929 0.72266 0.16645 -0.46851 0.25301 -0.20281 -0.21155 -0.16052 0.33415 -0.1378 0.26774 0.53922 0.65032 0.43666 0.09264 0.9267 0.55555 -0.8082 -0.020837 0.54307 -0.39997 -0.33437 0.77462 -0.91296 -0.093295 0.65398 0.60355 -0.10966 1.0224 1.5875 -0.10735 -1.9646 -0.14627 -0.47492 1.2636 0.69037 0.12818 0.55123 -0.085575 0.19535 1.2906 0.5853 -0.13847 -0.086656 0.37725 0.034639 -0.030018 0.6359 0.91748 0.51956 1.0847 -0.027481 -0.57533 -0.27663 0.46083 -0.27902 -0.44093 -0.34366 -0.094047 -0.42573 -1.201 0.058523 0.14049 -0.89629 0.35035 0.78896 -0.64621 0.23352 -0.66019 -0.85192 0.15518 -0.20148 -0.56911 -0.52954 1.1626 -0.075618

attached	-0.83058 0.07766 -0.044144 -0.075507 0.45494 0.054938 -0.70513 -0.086861 0.057909 0.28725 0.37745 -0.069551 0.70366 0.95438 0.21557 -0.24644 0.11632 -0.18982 -0.040057 -1.1177 -0.11689 -0.15545 -0.003882 -0.36072 0.39241 -0.18999 -0.46885 0.17311 0.2393 0.29423 0.14033 0.26678 0.13689 -0.050454 0.72985 0.17487 0.048574 0.098177 0.4926 0.10861 0.53031 -0.23757 0.57635 -0.42911 -0.20108 0.099016 -0.136 1.118 -0.27992 -0.35538 0.19351 0.24918 -0.029696 0.80425 -0.21167 -1.394 0.16742 -0.70505 1.426 0.58923 0.18092 0.8928 0.39398 1.1052 0.31445 -0.21055 -0.060798 0.54298 0.30067 -0.10536 0.45543 -0.12849 0.67514 0.029719 0.42786 0.43728 0.55238 0.35919 -0.4141 -0.11503 -0.55767 -0.17923 -0.54135 0.043243 -0.99176 -0.087259 0.36558 -0.40048 0.086533 -0.17767 -0.72027 -0.16417 0.29932 -0.021349 0.14078 -0.41101 0.08255 -0.65315 0.7827 -0.42624
patch	-0.57757 0.33565 0.28524 0.0092054 0.0072356 -0.27777 0.074984 0.1971 0.29803 0.21171 -0.26704 -0.14376 0.78978 -0.022087 0.76906 0.8791 1.0101 -0.62464 0.44398 -0.57665 -0.33091 -0.16856 0.10713 0.19317 -0.096625 0.58324 -0.16293 -0.25622 -0.15029 -0.010646 0.61583 0.09678 0.76229 -0.14211 0.62567 0.72891 -0.74217 0.47201 0.51484 0.17635 0.10017 -0.42564 0.12109 -0.090641 -1.0986 0.49442 -0.45642 0.8412 -0.019915 -0.21694 -0.091926 -0.1899 -0.37842 0.82149 0.20462 -1.7445 0.039351 -0.38714 1.0034 0.46311 0.61021 0.80347 -0.25682 0.41033 0.30954 -0.084178 0.65206 -0.62462 -0.042619 -0.8895 0.26685 0.38509 -0.29664 0.019508 -0.0063043 0.020641 0.092966 0.93288 0.21828 0.97562 -0.27571 -0.44738 -0.31498 0.55237 -0.45193 0.0749 0.38399 0.043901 -0.19354 0.87199 -0.11564 0.29294 -0.34356 -0.25296 0.013028 -0.086004 0.052166 0.36911 -0.26895 -0.19388
checks	-0.023098 -0.27309 -0.21346 -0.96038 0.29447 0.6056 -0.44622 0.68824 0.088505 0.3394 -0.086542 0.5138 0.34602 0.95247 0.2149 -0.10652 0.57877 0.4911 0.40296 -0.11163 -0.23636 0.1296 -0.79377 -0.40353 -0.10387 -0.72662 -0.45081 -0.62836 -0.19506 -1.0267 0.25945 -0.10782 0.19277 0.29708 0.21751 -0.074858 0.037863 -0.63692 -0.45609 -0.07536 -0.24447 -0.70981 0.051999 0.57681 -0.70635 -0.10955 -0.67343 -0.60338 0.36664 -0.68819 1.0516 0.14609 -0.16509 0.57282 -0.12582 -0.37275 0.31155 -0.43728 1.936 0.22899 0.22141 0.38883 0.031963 0.43232 0.43759 0.32957 -0.25152 0.017555 0.93526 -0.15151 -0.6314 -0.11987 0.22241 0.096327 0.42223 0.64481 -0.090891 -0.060548 -0.92853 -0.11315 1.4678 -0.042742 0.008361 -0.6286 -1.3734 0.19332 0.55846 -0.21311 -1.1655 -0.091017 -0.51104 0.39973 0.25062 -0.5256 -0.30716 0.65814 0.51139 0.39937 -0.14364 -0.1937
empty	-0.29204 0.64575 0.24976 -0.33605 0.077665 1.0841 -0.27241 0.66749 0.48728 0.15991 0.18769 0.21757 0.0077355 0.24046 0.17862 -0.38966 -0.30731 0.81439 0.049521 -0.87165 0.71485 1.0322 -0.092907 -0.7421 0.41597 -0.57233 -0.35456 -0.080297 -0.05921 0.15824 0.57835 -0.52434 -0.15678 -0.16694 -0.033042 0.15589 0.10569 0.21303 0.073171 -0.49352 0.55671 -0.82302 0.22235 -0.063038 0.74383 0.20141 -0.4908 0.63604 -0.69346 -0.052511 0.5209 -0.55951 0.24557 0.58954 -0.11281 -2.0787 -0.11635 0.043638 1.3001 0.22195 -0.28784 0.35742 0.10761 0.3214 0.20978 -0.11597 1.1219 -0.61732 -0.98757 -0.55427 0.1392 -0.31913 0.8476 -0.47502 0.16578 0.54902 0.025257 0.30665 -0.34682 0.35183 0.12504 0.14964 -0.60664 0.21595 -0.47435 -0.28296 0.29273 -0.23071 -0.47591 0.21447 0.17103 0.39693 0.50991 0.2286 -0.70912 -0.16425 -0.32432 0.73325 0.19312 0.33509
string	-0.58612 0.68468 -0.3048 -0.30143 0.63022 0.54069 0.01149 -0.079599 -1.2801 0.52436 -0.085146 0.011723 -0.068233 1.3369 -0.53491 1.1505 -1.0879 -0.014131 0.84327 0.35177 0.1791 -0.17666 0.069901 -0.10659 0.21653 -0.39874 -0.53911 0.15529 0.43732 -0.12114 0.024777 -0.37661 0.016911 0.1536 -0.6331 -0.44423 0.17383 -0.60363 0.47226 -0.35641 0.19885 0.18405 0.62407 0.36511 0.082608 -0.041067 0.51466 0.2014 0.35829 -0.35822 -0.5558 0.13119 -0.15079 0.43218 -0.0049345 -2.1244 0.065888 0.2303 1.1107 0.89659 -0.73445 0.28847 0.07422 0.1921 0.29703 0.0082317 0.43467 0.29806 0.19613 0.17296 -0.76403 0.30902 0.012527 0.31087 0.087482 0.12754 0.02412 0.0055587 -0.35831 0.45593 0.96553 -0.10852 -0.18546 -0.19566 -1.1958 -0.21444 0.046392 -0.64232 -0.51301 0.15291 -0.8148 0.94186 -0.88127 -0.16941 0.061199 0.19866 -0.67404 -0.31921 0.56022 -0.10541
contentLength	
content	-0.18555 -0.19955 0.13965 -0.40343 0.50651 -0.02038 -0.16991 -0.25754 0.18487 0.13197 0.50986 -0.4227 -0.10582 -1.1797 0.10686 0.18521 0.2057 -0.15482 -0.0024716 0.42293 -0.62545 -0.47933 0.33819 0.39449 -0.44653 0.12493 0.69765 0.76548 -0.44587 0.5499 0.3186 1.1514 -0.55824 -0.69069 0.98434 0.34295 0.09298 -0.066754 -0.93218 -0.2489 0.17801 -0.40863 -0.79674 -0.025478 -0.19487 -0.40616 -0.76258 -0.31357 0.24744 -0.69023 0.94044 0.23323 -0.36505 0.70002 0.0058896 -1.4976 -0.42901 -0.65529 1.9299 -0.1564 0.38972 0.37067 -0.45764 -0.61961 1.3286 0.063821 1.4521 -0.44211 0.24184 -0.797 0.17904 0.07502 1.4354 0.28795 -0.26492 0.051049 0.099066 -0.2074 -0.28114 -0.49524 -0.34311 -0.60031 -0.19885 -0.024879 -1.5615 0.12603 0.010747 -0.058753 -0.05898 0.067833 -0.47089 0.10677 -0.31521 -0.19495 -0.050314 -0.50002 -0.25814 -0.9514 0.91759 0.82825
Length	-0.39345 0.14751 0.115 0.5842 -0.22979 0.12557 0.034881 0.85012 -1.0224 0.37647 0.4142 0.64828 0.53612 -0.091829 0.88211 -0.09227 -0.17771 -0.0095382 0.46393 -0.78129 0.38076 0.26073 -0.40727 -0.027861 1.0929 0.72266 0.16645 -0.46851 0.25301 -0.20281 -0.21155 -0.16052 0.33415 -0.1378 0.26774 0.53922 0.65032 0.43666 0.09264 0.9267 0.55555 -0.8082 -0.020837 0.54307 -0.39997 -0.33437 0.77462 -0.91296 -0.093295 0.65398 0.60355 -0.10966 1.0224 1.5875 -0.10735 -1.9646 -0.14627 -0.47492 1.2636 0.69037 0.12818 0.55123 -0.085575 0.19535 1.2906 0.5853 -0.13847 -0.086656 0.37725 0.034639 -0.030018 0.6359 0.91748 0.51956 1.0847 -0.027481 -0.57533 -0.27663 0.46083 -0.27902 -0.44093 -0.34366 -0.094047 -0.42573 -1.201 0.058523 0.14049 -0.89629 0.35035 0.78896 -0.64621 0.23352 -0.66019 -0.85192 0.15518 -0.20148 -0.56911 -0.52954 1.1626 -0.075618

