FetchSchedule	
getFields	
GeneraterJob	
Fetch	-0.13804 0.94521 0.26167 0.18095 0.22046 0.24207 0.055964 0.4734 0.10447 -0.33127 0.17503 0.80823 0.23874 -0.11952 -0.15121 -0.51721 -0.38881 0.26085 0.087544 0.56159 0.18993 -0.66692 0.27049 -0.04837 0.065818 -0.069108 -0.44901 -0.12363 0.0087252 -0.3826 -0.18861 -0.65099 -0.079438 0.091298 0.29345 0.99568 -0.14148 -0.20835 0.068865 -0.44636 0.83057 -0.046446 -0.86176 -1.297 -0.24204 0.28333 -0.6713 -0.20431 0.20241 -0.26981 0.17188 0.25327 0.6989 0.24219 -0.37712 -0.3267 -0.63702 -0.2594 0.72226 -0.17384 0.49481 0.87355 -0.69389 0.052162 -0.57294 0.1806 0.10926 0.12444 0.5287 -0.15559 -0.36336 -0.1588 0.60268 0.028181 -0.020159 -0.093678 -0.37131 -0.058912 -0.42337 0.015041 0.79621 0.39881 -0.42167 -0.82145 0.24015 -0.52724 0.51269 -0.088538 -0.17303 0.024923 0.077924 0.17999 0.44729 -1.1943 -0.14296 -0.94154 0.11836 0.36926 -0.30785 0.041826
Schedule	-0.72633 -0.40326 0.39361 -0.22228 -0.36374 -0.17224 0.17662 1.3832 -0.8848 0.18723 0.31922 -0.20734 0.35773 -0.43679 -0.15963 -0.24821 -0.45674 0.44661 0.40224 -0.13259 -0.51841 -0.17591 -0.016131 0.49734 -0.074212 -0.48093 -0.12057 -0.18124 -0.23395 0.25073 -0.77674 0.22251 0.18179 -0.50005 -0.2717 0.84431 -0.19937 -0.5107 -0.65078 0.41384 -0.056363 -0.29066 0.51968 0.34251 -0.37569 -0.5963 -0.25316 -0.79673 0.52777 -0.63248 0.20427 -0.48271 0.33649 0.66258 0.66697 -1.877 0.060106 0.21965 1.8751 0.82421 -0.70736 0.3198 0.00043539 -0.60954 0.67782 -0.14962 -0.51154 0.1554 -0.20565 -0.20719 0.017603 -1.0492 -0.080573 0.47906 0.047836 0.12169 -0.07547 0.07784 -0.22793 -0.3063 -0.13551 -0.76783 -0.37262 0.030756 -1.2421 0.054808 -0.25007 -0.38195 -0.71829 0.60619 -0.46689 0.49658 0.12115 0.40981 -0.060582 -0.21815 0.68214 0.54088 0.78603 0.61251
Fields	-0.047616 0.99576 -0.71022 0.7524 0.53466 -0.82734 0.11373 0.29041 -0.46434 0.052024 -0.46316 -0.30941 0.67578 0.50736 -0.17579 -0.42409 0.47908 0.60994 -0.2695 0.29835 -0.25166 0.62413 1.1192 -0.030751 -0.19425 0.33195 0.29204 -0.3402 -0.15314 0.48892 -0.7018 -0.28773 0.47878 -0.31754 0.045104 0.31921 -0.33212 0.66268 -0.77237 0.42653 -0.19031 -1.056 -0.53589 -0.11899 -0.078285 0.37777 -0.35187 0.63479 -0.12965 -0.55702 -0.24686 -0.26448 0.043006 1.2225 0.61456 -1.0282 0.024019 -0.37065 1.26 0.42652 0.08088 0.9891 0.069389 -0.17465 1.0652 -0.17165 0.80588 -0.22493 0.49112 -0.13462 0.19677 0.19754 0.83006 -0.70803 -0.0004889 -0.45778 0.8754 0.18089 -0.55612 0.88671 1.2495 0.61516 -0.80477 -0.42965 -0.51398 0.63367 0.11991 -0.4999 0.3615 -0.15363 -0.019578 -0.0060289 -0.52583 0.17419 -0.72534 0.50641 -0.77926 -0.076215 0.55053 0.4307
Generater	
Job	0.22115 0.027844 -0.053894 -0.47618 -0.3636 -0.51352 -0.2674 0.17786 0.080002 0.32405 0.054443 -0.44604 0.29408 -0.13636 -0.058729 -0.51118 0.22774 0.16583 0.17965 0.83305 -0.40784 0.43205 -0.5922 -0.33962 0.074495 -0.78615 -0.34714 -0.73778 -0.20165 -0.37517 -0.5112 0.43905 0.15289 -0.53582 -0.63758 0.43056 -1.0624 0.034708 0.29883 -0.34365 -0.36841 -0.18023 0.37373 -0.023811 -0.3593 0.67622 -0.14587 -0.7434 0.0020008 -1.2319 0.22214 -0.84533 -0.55439 1.6319 0.22335 -2.2183 0.47548 -0.39548 1.4745 0.11082 -0.1489 0.060955 -0.33584 -0.27165 0.7548 -0.11876 0.81228 0.062684 0.25561 0.27192 0.18614 0.039781 -0.63905 -0.47369 0.49374 0.26515 -0.51318 0.28599 -0.2926 -0.082741 0.52519 -0.12291 -0.46558 -0.431 -1.5716 -0.65427 0.47403 -0.051794 -0.55861 -0.99539 0.24111 -0.034781 0.62401 0.3496 -0.16383 0.32218 0.2263 0.52428 0.67877 0.35839

method	-0.41796 0.53241 -0.33693 0.69262 0.068686 -0.087566 0.27663 -0.071203 -0.3353 0.33365 -0.52407 -0.53341 0.04046 -0.16659 0.45481 -0.34785 0.24926 0.022734 0.4212 0.0062452 -0.13359 -0.51309 0.21382 -0.24943 -0.36553 -0.01069 0.25961 -0.2909 -0.7678 0.037387 -0.46895 0.89278 -0.53101 -0.38841 0.35913 -0.4793 -0.33601 -0.20371 0.39182 -0.95175 -0.62779 0.17753 -0.035282 -0.12463 -0.84179 -0.34632 -0.19631 -0.84428 -0.54253 -0.19322 0.25287 -0.01299 -0.0014 1.4574 -0.76291 -1.5731 -0.23982 0.22269 0.87785 -0.034078 -0.036702 -0.31008 0.80324 0.61032 1.3546 -0.14522 -0.19501 -0.68654 -0.096186 -0.50487 -1.0144 0.37278 0.63403 0.66473 0.33144 -0.62283 -0.11496 -0.60323 -0.46632 -0.17908 0.23923 0.25257 -1.1826 -0.60126 -1.8759 0.92491 0.87735 -0.62709 -0.26522 -0.10025 -0.58459 0.12821 0.3471 0.52632 0.74769 -0.33396 -0.36954 -0.75431 0.34056 0.28563
getFields	
FetchSchedule	
user	-0.53907 0.033098 0.52285 0.026693 0.61981 0.52334 -0.40875 -0.030037 0.78697 0.029269 0.20407 -0.39216 0.12381 -1.2211 0.42551 0.55187 0.35793 0.51613 -0.17932 0.38599 -0.88919 -0.74184 -0.082802 0.17513 0.041756 -0.63514 -0.026689 0.13022 -0.16057 -0.28817 0.1906 1.7854 -0.3682 -0.1381 1.1881 0.2389 -0.558 -0.37028 0.45427 -0.32379 0.14587 -0.034054 0.2225 0.13439 -0.35842 0.39816 -0.5233 -0.48453 0.40235 -0.028133 0.72899 0.46269 -0.1086 0.46951 0.2599 -0.99482 -0.12163 -0.6089 1.9743 0.028185 0.10136 0.17887 -0.24697 0.30358 0.82272 0.0463 0.52727 -0.92163 0.82443 -0.051295 -0.2712 0.37301 0.68107 -0.6095 0.20592 0.16469 -0.096514 -0.72638 0.0039317 -0.32222 0.32087 -0.31803 -1.0121 0.02379 -1.7207 0.33977 0.46771 -0.36459 -0.0050145 -0.14975 -0.17153 1.2254 0.49077 -0.53566 0.85129 0.027093 -0.01747 -0.87803 0.53809 -0.29624
extends	0.094288 0.4924 1.0734 0.76749 0.66171 0.20019 -0.70624 0.50299 -0.53899 -0.25476 -0.29379 0.039433 0.22715 -0.23797 0.3562 0.12677 -0.090461 -0.07632 0.065807 0.24715 0.11491 0.53083 -0.17194 0.35007 0.29012 0.44497 -0.35296 -0.50785 -0.37332 -0.71556 -0.18527 0.49812 -0.26283 0.092036 -0.23149 0.26864 0.38947 -0.53203 -0.57115 0.37744 -0.037337 -0.37253 0.66504 -0.061139 -0.00078245 -0.029057 0.2512 0.01301 0.52749 0.46183 0.35046 0.18931 -0.1055 0.79712 -0.028186 -1.2533 0.17044 -1.1488 1.3946 -0.029956 0.60636 -0.055409 0.98911 -0.40335 0.66948 0.60258 -0.37196 -0.48913 0.11075 -0.059712 0.48114 -0.037943 0.072162 -0.52801 0.79117 -0.61075 -0.032123 0.32179 -0.20479 0.11093 -0.062328 -0.14158 -0.38538 -0.07589 0.072716 0.23749 -0.059978 -0.13586 1.1843 0.59867 -0.31746 0.23133 -0.57409 -0.15392 0.62916 0.52648 0.01422 0.065105 0.51118 0.53915
FetchSchedule	
fields	-0.047616 0.99576 -0.71022 0.7524 0.53466 -0.82734 0.11373 0.29041 -0.46434 0.052024 -0.46316 -0.30941 0.67578 0.50736 -0.17579 -0.42409 0.47908 0.60994 -0.2695 0.29835 -0.25166 0.62413 1.1192 -0.030751 -0.19425 0.33195 0.29204 -0.3402 -0.15314 0.48892 -0.7018 -0.28773 0.47878 -0.31754 0.045104 0.31921 -0.33212 0.66268 -0.77237 0.42653 -0.19031 -1.056 -0.53589 -0.11899 -0.078285 0.37777 -0.35187 0.63479 -0.12965 -0.55702 -0.24686 -0.26448 0.043006 1.2225 0.61456 -1.0282 0.024019 -0.37065 1.26 0.42652 0.08088 0.9891 0.069389 -0.17465 1.0652 -0.17165 0.80588 -0.22493 0.49112 -0.13462 0.19677 0.19754 0.83006 -0.70803 -0.0004889 -0.45778 0.8754 0.18089 -0.55612 0.88671 1.2495 0.61516 -0.80477 -0.42965 -0.51398 0.63367 0.11991 -0.4999 0.3615 -0.15363 -0.019578 -0.0060289 -0.52583 0.17419 -0.72534 0.50641 -0.77926 -0.076215 0.55053 0.4307
WebPage	-0.010409 -0.20789 0.18506 -0.32007 0.88032 0.10209 -0.12051 0.41384 0.232 0.3095 0.19778 0.024409 0.88383 -0.36871 0.13239 0.5918 0.32885 -0.1516 -0.10028 0.30687 -0.74149 -0.076597 -0.018768 0.36425 -0.0228 -0.49543 0.14127 0.54994 0.067403 -0.37512 -0.086964 0.2572 -0.19914 0.44898 0.25275 0.4154 -0.87723 0.34967 -0.42218 -0.23215 0.47072 0.80116 -0.040315 0.25163 -0.22005 -0.34595 -0.1873 0.011919 0.16097 0.043964 0.68276 0.10213 0.027435 -0.19454 -0.27092 0.0097654 0.24081 -0.09848 0.21178 -0.15096 -0.43785 -0.42002 0.036962 -0.050486 0.43969 -0.01398 -0.33681 0.07631 0.69428 -0.22893 -0.016601 0.15293 0.67152 -0.51037 -0.19014 0.58316 0.88984 -0.0078283 -0.15925 -0.11162 -0.86711 -0.20399 -0.19066 -0.23815 0.56972 -0.087647 -0.079213 0.2045 -0.2984 0.4093 0.019862 0.76818 0.24991 0.27074 0.97869 -0.38217 -0.10993 -0.72344 0.42617 0.023781
return	0.10483 -0.20148 0.20761 -0.24741 -0.13387 0.1678 -0.17015 0.31613 -0.085635 0.22753 -0.12968 0.66281 0.34332 0.11174 -0.062333 -0.47705 0.38937 0.17352 -0.1497 0.57772 0.20197 -0.19238 -0.21633 0.33175 0.2554 0.12737 -0.29661 -0.38718 0.93222 -0.23178 -0.41018 0.25106 -0.44001 0.048755 0.078251 0.2067 0.32111 0.39704 -0.78405 -0.65491 -0.82952 -0.45039 0.5385 -0.37227 0.31965 -2.9134e-05 -0.37973 -0.54251 0.68472 -0.81818 0.35916 -0.017955 0.28055 0.70254 0.22264 -2.3298 -0.29809 -0.81741 1.8447 0.39505 -0.36728 0.2835 -0.70904 -0.37948 0.76066 -0.1291 -0.02278 0.29353 -0.63138 -0.25353 -0.082943 -0.4101 -0.5194 -0.7351 0.17988 0.14519 -0.45157 0.077171 -0.49515 0.064367 0.7602 0.5762 -0.22859 0.0007965 -0.79401 0.16778 0.6392 0.087073 -0.078949 -0.63338 -0.34562 -0.053887 0.24041 0.0053984 -0.98415 -0.47787 0.46757 0.56396 0.070056 -0.21982
null	0.079432 -0.14054 -0.10462 -0.36259 -0.22721 -0.13612 0.74755 0.32809 0.54364 0.12091 -0.53579 -0.093852 -0.1253 0.0075018 0.54402 -0.51891 0.34596 1.3306 1.0153 0.31239 0.16274 -0.026524 0.73949 0.5574 1.1129 -0.44905 1.0968 0.73696 -0.44728 0.032219 1.1976 0.059368 -0.37853 -0.21233 0.1351 -0.34381 0.48377 0.017526 -0.46031 -0.77044 -0.85068 0.30327 0.11417 -0.25013 0.014417 -0.05347 -0.30477 0.40744 -1.4463 0.85099 0.66363 0.0049562 0.57099 0.27496 0.0087559 -0.84859 0.74672 0.51043 0.18724 -0.012529 -0.42562 -0.84412 -0.50242 0.016912 0.41224 0.25004 0.12519 0.56298 -1.0472 -1.0784 -0.88615 0.11577 0.85152 0.16019 0.83352 -0.38092 0.044191 0.22782 -0.38651 -0.019875 -0.89481 -0.35736 -0.48555 0.036485 -0.43308 0.16881 1.0746 0.095382 0.54107 -0.38136 -1.2123 0.51573 0.16573 0.67943 0.35327 0.17672 0.25803 0.068445 -1.2016 -0.20168
Fields	-0.047616 0.99576 -0.71022 0.7524 0.53466 -0.82734 0.11373 0.29041 -0.46434 0.052024 -0.46316 -0.30941 0.67578 0.50736 -0.17579 -0.42409 0.47908 0.60994 -0.2695 0.29835 -0.25166 0.62413 1.1192 -0.030751 -0.19425 0.33195 0.29204 -0.3402 -0.15314 0.48892 -0.7018 -0.28773 0.47878 -0.31754 0.045104 0.31921 -0.33212 0.66268 -0.77237 0.42653 -0.19031 -1.056 -0.53589 -0.11899 -0.078285 0.37777 -0.35187 0.63479 -0.12965 -0.55702 -0.24686 -0.26448 0.043006 1.2225 0.61456 -1.0282 0.024019 -0.37065 1.26 0.42652 0.08088 0.9891 0.069389 -0.17465 1.0652 -0.17165 0.80588 -0.22493 0.49112 -0.13462 0.19677 0.19754 0.83006 -0.70803 -0.0004889 -0.45778 0.8754 0.18089 -0.55612 0.88671 1.2495 0.61516 -0.80477 -0.42965 -0.51398 0.63367 0.11991 -0.4999 0.3615 -0.15363 -0.019578 -0.0060289 -0.52583 0.17419 -0.72534 0.50641 -0.77926 -0.076215 0.55053 0.4307
Fetch	-0.13804 0.94521 0.26167 0.18095 0.22046 0.24207 0.055964 0.4734 0.10447 -0.33127 0.17503 0.80823 0.23874 -0.11952 -0.15121 -0.51721 -0.38881 0.26085 0.087544 0.56159 0.18993 -0.66692 0.27049 -0.04837 0.065818 -0.069108 -0.44901 -0.12363 0.0087252 -0.3826 -0.18861 -0.65099 -0.079438 0.091298 0.29345 0.99568 -0.14148 -0.20835 0.068865 -0.44636 0.83057 -0.046446 -0.86176 -1.297 -0.24204 0.28333 -0.6713 -0.20431 0.20241 -0.26981 0.17188 0.25327 0.6989 0.24219 -0.37712 -0.3267 -0.63702 -0.2594 0.72226 -0.17384 0.49481 0.87355 -0.69389 0.052162 -0.57294 0.1806 0.10926 0.12444 0.5287 -0.15559 -0.36336 -0.1588 0.60268 0.028181 -0.020159 -0.093678 -0.37131 -0.058912 -0.42337 0.015041 0.79621 0.39881 -0.42167 -0.82145 0.24015 -0.52724 0.51269 -0.088538 -0.17303 0.024923 0.077924 0.17999 0.44729 -1.1943 -0.14296 -0.94154 0.11836 0.36926 -0.30785 0.041826
Schedule	-0.72633 -0.40326 0.39361 -0.22228 -0.36374 -0.17224 0.17662 1.3832 -0.8848 0.18723 0.31922 -0.20734 0.35773 -0.43679 -0.15963 -0.24821 -0.45674 0.44661 0.40224 -0.13259 -0.51841 -0.17591 -0.016131 0.49734 -0.074212 -0.48093 -0.12057 -0.18124 -0.23395 0.25073 -0.77674 0.22251 0.18179 -0.50005 -0.2717 0.84431 -0.19937 -0.5107 -0.65078 0.41384 -0.056363 -0.29066 0.51968 0.34251 -0.37569 -0.5963 -0.25316 -0.79673 0.52777 -0.63248 0.20427 -0.48271 0.33649 0.66258 0.66697 -1.877 0.060106 0.21965 1.8751 0.82421 -0.70736 0.3198 0.00043539 -0.60954 0.67782 -0.14962 -0.51154 0.1554 -0.20565 -0.20719 0.017603 -1.0492 -0.080573 0.47906 0.047836 0.12169 -0.07547 0.07784 -0.22793 -0.3063 -0.13551 -0.76783 -0.37262 0.030756 -1.2421 0.054808 -0.25007 -0.38195 -0.71829 0.60619 -0.46689 0.49658 0.12115 0.40981 -0.060582 -0.21815 0.68214 0.54088 0.78603 0.61251
Fetch	-0.13804 0.94521 0.26167 0.18095 0.22046 0.24207 0.055964 0.4734 0.10447 -0.33127 0.17503 0.80823 0.23874 -0.11952 -0.15121 -0.51721 -0.38881 0.26085 0.087544 0.56159 0.18993 -0.66692 0.27049 -0.04837 0.065818 -0.069108 -0.44901 -0.12363 0.0087252 -0.3826 -0.18861 -0.65099 -0.079438 0.091298 0.29345 0.99568 -0.14148 -0.20835 0.068865 -0.44636 0.83057 -0.046446 -0.86176 -1.297 -0.24204 0.28333 -0.6713 -0.20431 0.20241 -0.26981 0.17188 0.25327 0.6989 0.24219 -0.37712 -0.3267 -0.63702 -0.2594 0.72226 -0.17384 0.49481 0.87355 -0.69389 0.052162 -0.57294 0.1806 0.10926 0.12444 0.5287 -0.15559 -0.36336 -0.1588 0.60268 0.028181 -0.020159 -0.093678 -0.37131 -0.058912 -0.42337 0.015041 0.79621 0.39881 -0.42167 -0.82145 0.24015 -0.52724 0.51269 -0.088538 -0.17303 0.024923 0.077924 0.17999 0.44729 -1.1943 -0.14296 -0.94154 0.11836 0.36926 -0.30785 0.041826
Schedule	-0.72633 -0.40326 0.39361 -0.22228 -0.36374 -0.17224 0.17662 1.3832 -0.8848 0.18723 0.31922 -0.20734 0.35773 -0.43679 -0.15963 -0.24821 -0.45674 0.44661 0.40224 -0.13259 -0.51841 -0.17591 -0.016131 0.49734 -0.074212 -0.48093 -0.12057 -0.18124 -0.23395 0.25073 -0.77674 0.22251 0.18179 -0.50005 -0.2717 0.84431 -0.19937 -0.5107 -0.65078 0.41384 -0.056363 -0.29066 0.51968 0.34251 -0.37569 -0.5963 -0.25316 -0.79673 0.52777 -0.63248 0.20427 -0.48271 0.33649 0.66258 0.66697 -1.877 0.060106 0.21965 1.8751 0.82421 -0.70736 0.3198 0.00043539 -0.60954 0.67782 -0.14962 -0.51154 0.1554 -0.20565 -0.20719 0.017603 -1.0492 -0.080573 0.47906 0.047836 0.12169 -0.07547 0.07784 -0.22793 -0.3063 -0.13551 -0.76783 -0.37262 0.030756 -1.2421 0.054808 -0.25007 -0.38195 -0.71829 0.60619 -0.46689 0.49658 0.12115 0.40981 -0.060582 -0.21815 0.68214 0.54088 0.78603 0.61251
Web	-0.28771 0.040343 -0.17981 -0.87136 1.0818 0.2616 -0.34209 -0.58544 0.71001 0.031773 0.62295 -0.23325 0.33404 -1.0701 -0.037406 0.51141 0.71532 -0.26646 -0.27841 0.75021 -0.65367 -0.092784 0.092977 0.42076 0.19878 -0.45588 0.012684 0.46597 -0.74541 -0.29903 0.46508 1.1452 -0.16956 -0.040844 0.87047 0.25074 -0.95495 -0.29667 -0.064417 -0.0007189 -0.029676 0.43128 -0.66776 -0.0079854 -0.7223 -0.36435 -0.63926 -0.12461 0.74773 -0.033642 0.7368 0.22278 0.046522 0.39713 -0.29758 -2.0173 -0.20648 0.33742 2.4243 0.28224 -0.64936 0.63153 0.31943 -0.6054 0.78325 0.3784 0.48971 -0.076332 0.90219 -0.0085366 0.097902 0.33472 0.1191 -0.81045 -0.49685 -0.094225 0.46478 0.095197 -0.83325 -0.16783 0.39707 -0.4456 -0.38178 0.022273 -1.163 -0.079993 0.23361 0.021073 -0.24729 0.086145 0.33563 0.91965 0.90263 -0.28867 0.25681 -0.17129 -0.3346 -0.68653 1.098 0.7118

