solrindex	
issues	-0.17943 0.74934 0.5073 0.43314 0.33523 -0.65611 -0.51882 -0.82561 0.37629 -0.39154 0.092771 -0.27144 0.31189 -0.02071 -0.17946 -0.27324 -0.13531 -0.023518 -0.52193 -0.72487 0.34895 -0.48586 0.52148 0.19411 0.064155 -0.53878 0.49184 -0.26788 -0.69041 0.42825 -0.62316 0.082218 0.092546 0.67137 -0.58263 0.4472 0.32993 -0.13726 -0.46387 0.69762 -0.73038 -0.98175 0.33569 -0.61716 -1.1967 -0.48909 -0.18114 0.3209 -0.75904 -0.86791 0.79634 0.027124 -0.27388 1.4744 0.2901 -1.4269 0.70946 -0.41418 1.701 0.66936 -0.32985 0.25132 -0.44879 -0.79732 1.1933 -8.3366e-05 0.64838 0.32015 0.94161 -0.0059216 -0.19101 -0.013997 -0.21357 0.010751 -0.20859 0.16564 -0.81731 0.45243 -0.88155 -0.23452 0.016506 0.24845 0.80407 0.31205 -1.9157 -0.14293 -0.68776 -0.17291 -0.084251 -0.6268 -0.41643 0.18095 -0.81675 -0.16009 -0.6937 1.2226 -0.074623 -0.16406 1.1696 0.46147

caveats	-0.70197 0.30717 0.059147 -0.28236 -0.54118 -0.11515 -0.68373 -0.16053 -0.22945 -0.83563 0.2647 0.07541 -0.051433 -0.23037 0.50381 0.56136 0.010494 -0.11519 -0.3649 -0.30943 -0.28276 0.39626 -0.30884 0.35275 -0.45267 -0.31837 -0.016547 -0.50246 -0.6746 -0.58133 0.037067 -1.1369 -0.76423 -0.3268 -0.52882 0.63319 0.40501 0.10358 -0.62832 0.032979 -0.3436 0.5037 0.16686 0.22951 -0.64451 -0.22631 0.61916 0.013269 -1.0717 0.052196 0.58947 -0.33509 0.082939 0.19525 -0.11715 0.50776 0.67756 -0.25846 -0.13407 0.17076 -0.032975 0.54006 0.622 0.62099 0.26936 0.019188 -0.62038 -0.28412 -0.036066 -0.061064 0.050757 0.14081 0.6954 -0.43188 -0.54387 1.0406 0.030456 -0.63848 0.023956 -0.063061 0.47594 -1.2968 0.083012 0.099312 -0.58833 -0.23033 0.42984 0.26801 -1.0149 0.49505 -0.94789 0.20818 -0.13127 -0.30712 -0.25782 0.23735 -0.10188 -0.65142 -0.34294 1.1465
solrindex	
command	-0.76889 -0.34884 0.18733 0.11263 -0.2457 -0.40023 -0.050714 -0.5665 -0.41843 0.55445 0.70953 -0.38173 0.27305 0.25637 0.2401 -0.66949 0.36664 -0.55389 -0.79208 -0.41912 0.59224 -0.77386 0.47098 -0.49607 -0.63525 -0.20403 -0.087751 0.6026 0.98276 -0.30495 -0.053316 0.1574 -0.32721 -0.56498 0.2983 0.52891 -0.35318 0.24118 0.39604 0.021946 0.10252 0.24344 0.61743 -0.1377 0.64633 0.57204 -0.20106 -0.043201 0.067538 -0.27167 0.27606 0.26485 -0.4636 0.70184 0.34489 -1.7759 0.7667 -0.91082 1.7314 0.85877 0.25673 0.48029 0.13085 0.34391 0.24083 -0.71401 -0.9709 0.43103 0.086805 1.7895 0.45838 -0.72838 -0.00095167 -0.89161 0.36069 0.075764 -0.5882 0.74784 -0.56656 0.21156 0.12604 -0.38553 -0.80923 0.60929 -0.74071 0.25478 0.83859 -0.83501 0.35287 -0.28592 -0.017314 -0.51857 0.52408 0.89517 0.060442 0.12941 0.11901 -0.58085 -0.21028 0.45973
documents	0.28716 -0.35596 0.24277 -0.089299 0.83218 0.23081 0.031466 -0.22785 0.54227 0.1722 1.0973 0.0978 0.19511 0.58112 -0.54413 0.41286 1.5229 -0.18494 -0.19763 -0.034459 -0.42782 -0.34263 0.16139 0.11612 -0.83184 -1.3202 0.40994 -0.17676 -0.53278 -0.0060628 1.0309 -0.43891 -0.71724 -0.06324 -0.31791 -0.13785 -0.062418 -0.48731 0.053837 0.22938 -0.72139 -0.62132 0.33894 -0.030397 -0.74272 -0.82668 -0.079148 -0.38635 0.21634 -0.47704 1.6137 0.37875 0.46164 0.74088 -0.07146 -0.64367 -0.49653 -0.55208 1.988 0.40602 -0.697 1.2524 -0.082344 -0.30557 0.64856 -0.82427 0.45322 0.81772 -0.14632 -0.52238 0.012464 0.44449 0.35911 -0.88376 0.093562 0.77873 -0.004083 0.31933 -1.7703 0.37034 0.99848 0.1772 0.17314 -0.11939 -1.3204 -0.029014 0.65715 -0.16386 -0.14863 0.087074 -0.33874 -0.32558 0.27593 -0.354 0.3065 -0.26606 -0.20861 -0.3488 0.024058 0.02451

refer	-0.55594 -0.024694 0.030856 0.21044 -0.29213 0.26213 -0.29205 -0.23473 0.34617 -0.43854 -0.54071 -0.26236 0.42233 0.43645 -0.075871 0.090036 0.78336 -0.036413 -0.8708 0.20408 0.051433 -0.36349 0.022532 -0.01508 -0.56916 -0.26385 0.1985 -0.07766 0.50252 0.63159 0.067679 0.20827 -0.1336 -0.40041 0.39267 0.22744 0.34823 -0.11948 0.19601 -0.17277 -0.42867 -0.021807 -0.32207 -0.61676 -0.11787 -0.012531 0.13563 0.1118 -0.3478 -0.10473 0.58027 0.28422 0.60262 0.45266 -0.5834 -1.4125 0.15755 -0.35909 0.79103 0.18114 -0.081994 0.57012 0.22485 -0.15733 0.9417 -0.18497 0.13457 0.052129 -0.18479 0.039223 -0.62166 0.4169 0.12445 -0.31897 0.49494 -0.44626 0.28764 0.074125 -0.52957 -0.28218 -0.2618 -0.62336 -0.44552 -0.44101 -1.0513 0.32273 -0.50254 -0.56665 0.79117 0.047787 -0.67706 -0.18324 0.051116 -0.1182 -0.2187 -0.17533 -0.87003 -0.27024 0.18719 -0.28039
http	-0.78276 0.80839 0.34307 -0.056739 -0.22186 0.62693 -1.1103 0.26204 0.43222 0.19659 1.0535 -1.0201 -0.63932 -0.48783 0.34218 0.86971 0.79009 -1.4131 -0.34594 0.15927 -1.0754 -0.51421 0.069214 1.5814 0.6842 0.0095959 0.481 0.68623 0.059354 -1.1807 0.50105 0.91183 0.35633 0.5449 1.2338 1.0921 -0.32087 0.35704 0.95254 -0.12311 -0.15272 0.33961 -0.098089 -0.15975 0.13301 0.17044 -0.72582 -0.063276 0.53076 0.60043 1.1527 0.72697 0.33649 0.46124 -0.91024 -0.12898 0.54072 0.30668 0.48901 -0.63584 -0.59013 -0.071582 -0.091594 -0.86752 0.15488 -1.0922 0.33943 -0.30857 0.27868 -0.86409 -1.2991 0.13353 0.41928 -0.19728 0.074828 -0.89912 -0.23144 0.80908 -0.3161 0.18095 0.34996 -0.24297 -0.50595 0.19423 0.12022 1.2143 1.4073 0.50377 -0.39768 -0.27614 -0.60669 1.0417 -0.23915 0.44705 0.79111 -0.30528 0.73449 0.083831 0.47065 0.59265
techvineyard	
blogspot	0.024278 -0.25554 -0.46796 -0.019454 0.37742 -0.096809 -0.069037 -0.057311 0.4999 0.04608 -0.2194 0.058206 -0.14936 -0.46836 -0.23392 0.083276 -0.039701 -0.29251 -0.10049 -0.22251 -0.24983 -0.13497 -0.19196 -0.0072751 0.057405 0.014759 -0.22503 0.65249 -0.17561 0.067131 0.28941 0.27223 0.48095 0.093921 0.30349 0.12041 -0.57822 -0.33751 0.16897 -0.1926 0.581 0.62462 0.25002 0.51731 -0.66005 -0.001466 -0.559 0.21569 0.33787 0.3879 0.28915 0.032023 -0.27681 -0.26198 0.0050862 0.41923 0.21516 0.12312 -0.21759 -0.3393 -0.56524 -0.20846 0.34767 -0.50283 -0.062505 0.2324 -0.27522 -0.36901 0.23359 -0.13282 -0.35278 0.32366 0.36178 0.038216 -0.78137 0.12222 0.39504 0.016602 0.6812 0.0074531 -0.22633 -0.26348 0.25159 -0.019676 0.47511 0.00061047 0.14167 0.52064 -0.12216 0.28592 0.070893 0.050147 0.56364 -0.36211 0.30109 -0.25423 -0.20048 -0.035429 -0.035781 0.28761
build	0.36471 0.96526 -0.53712 0.35132 -0.019328 -0.90084 -0.41062 0.051517 -0.077505 0.99241 0.061337 -0.0077562 -0.0064564 -0.37325 -0.209 -0.75209 0.6611 0.64706 -0.36124 0.29212 0.35783 -0.0023795 -0.28401 -0.31992 -0.13319 -0.7276 -0.4256 -0.20717 0.20036 0.35106 -0.52132 0.63143 0.21176 -0.13702 0.37916 0.33258 0.41027 -0.40844 -0.11708 0.37214 0.040268 -0.44453 -0.091373 -0.42895 0.09765 0.16107 0.27917 0.20819 0.13728 -0.6852 -0.58213 0.042097 0.27152 0.99303 0.40922 -2.5097 0.085356 -0.39861 1.6358 -0.30575 -0.4199 0.40068 0.05328 0.31888 0.60673 0.53624 -0.06232 0.69876 -0.028126 -0.72308 1.0493 -0.065311 -0.23949 -0.91142 0.41964 -0.076004 0.23226 0.23908 -0.69078 0.74879 0.94654 0.29539 -0.31577 0.52663 -0.34336 0.92644 0.7092 0.12332 -0.38014 0.24789 0.15236 -0.24175 0.13802 -0.69002 -0.32167 -0.48562 -0.059369 -0.50038 1.0222 0.40846
nutch	
html	-0.69055 0.76062 0.30261 -0.89325 0.45756 1.1112 -0.2828 0.061267 1.1461 0.076935 1.4993 -0.81566 -0.84225 -0.54856 0.41384 0.77006 0.88674 -0.53257 0.23412 0.80166 -0.83844 -0.53489 0.40934 0.62696 0.78404 -1.7436 0.83558 0.15779 -0.7663 -0.66425 0.2104 0.59282 -0.6916 -0.47104 0.65872 0.63672 0.082289 -0.29946 0.70822 -0.080571 -0.26856 -0.012822 -0.55868 0.036258 -0.85925 0.39271 -0.22511 0.084806 -0.056145 -0.62872 0.70655 0.9546 -0.35824 0.27964 -0.35663 0.22085 0.25736 -0.13916 0.65384 -0.17086 0.17619 -0.09766 -1.0492 -0.52496 0.5636 -0.31323 0.61229 0.11989 0.059623 -0.28132 0.10637 0.1602 0.73538 -0.553 -0.18022 0.076009 -0.15832 0.0069204 -0.23618 0.17294 -0.44648 -0.69148 -0.45661 -0.49855 0.24966 1.3736 0.743 -0.095663 -0.27307 -0.14822 -0.24585 0.79804 0.30284 0.72332 0.58997 -0.76908 -0.37328 -1.2863 0.28349 0.12886
solrindex	
describes	-0.56249 0.22187 0.013196 0.52489 0.38354 0.43067 -0.082614 -0.22161 -0.045672 -0.17224 -0.054012 -0.4718 -0.010943 -0.076578 0.36901 0.50838 0.38781 -0.14656 -0.09531 0.41032 -0.12909 -0.53346 -0.14016 -0.17023 -0.028815 0.06291 -0.35799 -0.22627 -0.054206 0.31694 -0.29213 0.65187 -0.16126 -0.20101 -0.13346 -0.19805 -0.082624 0.087417 0.20432 -0.20446 -0.59119 0.23546 0.41958 0.31828 -0.51833 -0.078427 -0.26647 -0.10768 0.1542 0.17614 0.76715 -0.046707 0.67492 0.80641 -0.23178 -1.7327 0.16622 -0.07004 0.31402 0.384 0.28158 0.26741 0.28762 -0.69706 0.79003 -0.29012 0.50824 -0.11651 0.099679 0.32712 0.032012 0.46827 -0.086451 0.34685 0.54072 -0.32525 0.41994 -0.40621 -0.85487 -0.060204 -0.40958 0.42896 -0.39163 0.081024 -0.91686 0.060385 -0.61798 -0.98741 -0.045421 -0.15699 0.080974 -0.0062983 0.34866 -0.062173 0.51379 -0.1278 -0.65333 -0.73249 -0.1829 0.23112
tests	-0.37906 0.32433 0.21559 0.10914 -1.4685 -0.38792 0.35252 0.93983 -1.3256 0.75604 -0.049175 -0.13989 0.18782 0.69897 0.32758 0.402 0.24233 0.91387 -0.29767 0.14447 0.15447 -0.28095 0.11191 -0.092958 -0.32542 0.081207 0.01346 -0.3358 -0.37062 0.32077 -0.17917 0.06165 -0.78 0.23922 0.82362 0.16467 -0.27358 -0.41899 -1.4241 0.35495 -1.0919 0.10067 -0.091429 -0.78299 -0.094842 0.31715 0.55517 -0.78317 -0.55538 -0.5091 0.72589 0.042896 -0.35815 0.86922 -0.087776 -1.5139 -1.0458 -0.19528 1.2784 0.18363 -0.31651 0.62153 0.79919 0.42065 0.22551 1.1927 -0.22155 -0.18781 0.16301 0.033726 -0.12723 0.61968 0.24009 0.25306 -0.031486 0.60423 0.11976 -0.2717 -1.1865 -0.45172 0.9437 -0.13707 -0.22812 -0.055562 -2.1165 0.034045 0.85824 0.39473 -0.84621 0.67665 -0.77233 0.2391 0.064901 0.60682 0.11541 1.2251 -0.14338 -0.28247 -0.13127 -0.19051

