Bug	-0.42404 -0.11038 0.94873 -0.71327 -0.19712 0.077077 0.96163 -0.35674 0.8292 -0.3676 0.15004 0.62746 0.091752 0.11142 -0.015791 0.84124 0.24467 0.023366 0.54286 -0.068057 -0.87995 -0.59202 0.18641 0.50787 0.55458 0.48448 -0.42383 0.22249 -0.8823 -0.041186 -0.049256 0.31483 0.25182 0.10876 0.45824 -0.12085 -0.96037 -0.69492 0.93473 -0.31937 -0.31673 0.24099 -0.3822 -0.72243 0.18017 0.62991 0.0030923 -0.36699 -0.21576 -0.1654 -0.55928 0.11278 -0.62944 0.56955 -0.59166 -0.92922 0.044769 0.32981 0.697 -0.13983 0.40377 1.7035 -0.68531 0.49846 0.29719 0.27865 -0.18668 -0.93605 0.66117 0.01478 -0.30582 -0.4491 -0.44983 -0.39544 -0.37577 -0.18869 0.06883 -0.04811 -0.33131 1.0204 0.32457 -0.88047 0.018825 -0.303 -0.88685 0.35682 -0.3993 -0.10512 -0.86557 0.37554 0.48771 -0.28133 0.12722 -0.56959 0.33936 0.40162 0.1109 -0.20506 0.18093 -0.23185
refesh	
JavaElementSorter	
Java	-0.84714 0.020302 0.25959 -0.36874 0.44068 0.67536 -0.30071 -0.1679 0.54697 1.0976 0.51706 0.10964 0.19969 -0.31916 0.039724 -0.7028 0.084263 -0.10588 -0.072092 0.41502 0.44481 -0.68525 1.3962 0.61555 -0.4752 0.61334 0.045766 0.60384 -1.2541 0.041386 -0.19581 0.53461 -0.23929 0.59037 0.68815 -0.099991 0.06518 -0.63082 0.7608 -1.2582 -0.85974 0.47335 0.41507 -0.27783 -0.056308 0.55999 0.825 -0.47537 0.5768 0.60929 -0.95241 0.91425 -0.13165 -0.42898 -0.59134 -0.56076 -0.95617 -0.8252 1.6745 0.054822 -0.59881 0.77632 -0.92323 -0.73269 0.12317 0.27333 -0.28778 -0.10222 0.40905 -0.11932 -0.49878 0.60036 0.7207 -0.51854 -0.31778 0.19507 -0.18214 0.59462 -0.065178 0.0072862 0.28388 -0.59001 -0.97728 -0.59743 0.0014984 1.6339 0.034357 -0.33376 0.28589 0.31225 1.3427 0.55273 -0.022257 0.64239 0.29907 0.36066 -0.63254 -0.45407 0.75004 -0.03187
Element	-0.49279 0.58078 0.83223 0.31119 0.14213 -0.0092379 0.19737 -0.55888 0.23185 0.65041 -0.031546 -0.37154 -0.31743 -0.21057 -0.20033 0.35641 -0.17252 0.19528 0.23722 0.03763 0.44889 -0.78509 -0.37297 -0.29529 -0.084406 -0.0617 0.70999 0.72374 -0.19649 -0.41643 -0.30781 0.32096 -0.42145 -0.37379 0.38356 -0.41027 0.34956 -0.041297 0.48503 -0.11391 -0.13881 -0.15098 0.62892 -0.0708 0.22642 0.26572 -0.12685 0.44627 -0.46809 -0.44504 0.57014 0.52689 -0.057058 0.95495 -0.22458 -1.6012 -0.13947 -0.34337 1.1951 0.59701 0.044027 0.3143 -0.29304 0.51528 1.3971 -0.16263 0.20013 -0.24752 0.24587 -0.16293 0.056972 -0.49856 -0.017192 0.65554 0.58005 -0.19941 0.063676 -0.6201 -0.37615 -0.2709 -0.69209 -0.076385 -0.40436 -0.12618 -0.78787 0.84055 0.16368 -0.087157 -0.0086752 -0.46961 -0.83119 -0.24213 -0.14471 0.397 0.28955 -0.45102 0.13663 -1.2143 0.33211 0.67623
Sorter	-0.23067 0.50162 0.010048 -0.60555 0.069416 0.14321 0.48636 -0.3829 0.014087 0.48581 -0.77004 -0.13795 -0.69223 -0.47863 0.081223 -0.079178 0.044977 -0.4289 0.078758 -0.62043 -0.6078 -0.23081 -0.35989 -0.78915 0.69962 -0.40272 -0.30181 0.68834 -0.43435 -0.15692 0.22355 0.45856 0.94137 -0.73067 0.76908 0.19222 -0.27618 -0.97815 0.50592 0.34248 0.31327 -0.58214 -0.28335 -0.43653 -0.33409 0.019321 0.010705 -0.35795 -0.18238 -0.38457 -0.48299 0.17278 0.50565 0.45851 -0.028999 0.54111 -0.18012 -0.10361 -0.75 0.16454 -0.043283 -0.34909 0.52956 0.32253 -0.18764 -0.18439 -0.22408 -0.66651 0.48632 -0.49391 -0.22838 0.97124 0.26338 0.039724 0.36737 0.13674 0.54183 -0.22195 0.16828 -0.1672 -0.16576 -0.29914 0.34797 -0.16754 -0.2788 -0.15925 0.49835 0.025065 -0.71488 -0.37953 0.027963 1.0988 0.63908 -0.085698 1.1545 0.80881 0.35394 -0.10724 -0.96124 -0.016956

MembersOrderPreferencePage	
PREF	0.14525 0.0093787 0.43586 -0.1175 -0.25379 0.13548 -0.0011686 -0.17719 0.46827 0.30851 0.015083 -0.10025 0.19573 -0.0091618 -0.25404 0.16031 -0.38018 -0.015544 0.39827 0.052165 -0.055766 0.073391 -0.63434 0.24026 -0.23575 0.14399 0.32209 0.19293 0.62101 -0.15709 -0.11653 -0.46483 -0.13972 -0.37979 -0.030004 -0.31895 0.056925 -0.54161 -0.21808 -0.55792 0.38637 0.3607 -0.50064 0.16555 -0.11688 -0.71447 0.15072 -0.18016 0.074502 0.35543 -0.67969 -0.22607 0.10871 -0.46654 0.27897 0.41278 0.016503 0.16946 -0.6595 -0.48549 -0.05151 -0.03937 -0.20498 -0.26339 -0.17644 -0.22967 -0.80896 -0.16822 -0.046367 -0.079724 -0.19134 0.30052 0.52746 0.46123 -0.13268 -0.22262 -0.012407 0.34332 0.30461 -0.065476 -0.71469 -0.9203 0.12991 0.12397 0.23191 0.17454 -0.6178 -0.025651 -0.094401 0.31063 -0.14572 -0.048173 0.2167 -0.55316 0.32376 0.12694 -0.072679 0.62152 -0.15617 -0.11583
OUTLINE	-0.56988 0.26524 0.35171 0.78596 0.45559 -0.52068 -0.28762 0.20662 -0.050806 0.1725 0.10038 0.10423 0.11575 -0.18749 0.50018 0.95443 0.37918 -0.15986 -0.07226 -0.98362 -0.59813 -0.75741 -0.55777 0.029837 -0.29811 -0.6047 0.019278 0.12434 -1.1079 -0.50468 -0.26772 0.16 0.066841 -0.34582 -0.41528 0.59843 -0.072828 -0.51912 -0.18619 0.43622 -0.31169 -0.043971 0.40501 0.52568 -1.1489 0.23606 -0.32482 0.044178 -0.50182 0.041712 0.48514 0.025102 0.60984 0.9975 -0.020624 -1.1521 0.61528 -0.52906 0.5648 0.27593 0.10682 0.74874 -0.66487 -0.52837 0.84391 -0.52834 -0.5932 0.83785 -0.80498 -0.98739 0.12235 -0.024374 -0.49485 -0.88434 0.19407 0.16857 -0.37047 0.31117 -0.50743 -0.64408 -0.36168 0.23257 -0.1558 -0.10708 -0.483 -0.012573 0.43129 -0.064247 -0.081927 0.49689 0.20622 -0.068747 -0.6725 -0.21595 0.022459 -0.32128 -0.62905 -0.60344 0.21951 0.42769
SORT	0.026266 0.38102 0.38957 -0.062063 -0.30652 0.43033 -0.23173 -0.021659 0.24941 -0.033261 -0.36428 -0.032409 0.33595 -0.067435 0.34772 0.13168 -0.027121 0.33482 0.0038387 0.41187 0.24059 0.14443 -0.274 -1.1538 0.018704 0.091571 -0.30604 -0.31894 -0.09675 -0.50925 -0.2721 0.39446 -0.076994 -0.37745 0.33507 -0.06408 -0.14475 -0.21803 0.3601 -0.35036 -0.25046 0.11961 0.10003 -0.48062 -0.40849 -0.012612 0.2551 0.33328 -0.087367 -0.91132 0.30868 -0.10241 0.12584 0.33671 0.055641 -2.1326 0.45893 0.1704 1.1331 0.34414 0.081292 0.89116 -0.62132 -0.27155 0.98991 -0.31584 0.34291 -0.11506 -0.29644 -0.39361 0.10086 -0.39854 -0.2186 -0.086825 0.17672 0.19108 -0.078865 -0.37961 -0.47924 0.048531 0.27315 -0.00441 -0.16163 -0.048944 -1.4363 0.097218 0.055574 -0.042652 -0.37088 -0.609 0.16024 0.16487 -0.091095 -0.27136 0.37675 -0.28517 -0.032058 -0.53898 0.13837 0.7489
OPTION	0.15961 0.19482 0.3423 0.038303 -0.18634 -0.16837 0.3605 0.079312 0.42781 0.019325 0.17574 0.25104 -0.18196 -0.53931 0.23192 -0.72971 -0.36456 0.21001 0.28488 0.25373 -0.24839 -0.33763 -0.31478 -0.10696 0.22693 -0.20838 -0.11495 -0.35656 -0.68291 0.057438 0.11642 1.1191 -0.6662 -0.50491 0.72077 0.55072 -0.026672 -0.22855 -0.13663 -0.77994 0.43416 0.14304 0.77339 -0.6961 -0.29818 0.049359 0.24533 -0.63908 -0.62457 -0.57987 0.26004 0.23726 -0.47957 0.93261 -0.10022 -1.7435 0.2295 -0.63599 1.8144 0.02482 -0.18161 -0.29215 0.026545 -0.021834 0.99101 -0.31023 0.26314 0.07947 -0.76992 -0.24759 -0.43848 -0.6365 -0.52821 -0.13836 -0.44765 0.17194 -0.53137 0.34271 -0.29874 -0.75382 0.21654 -0.44976 -0.25396 -0.56976 -0.81853 0.4374 0.65738 -0.0072078 0.31027 -0.45091 -0.85813 -0.017532 0.10482 -0.4559 -0.52059 0.64925 0.25451 0.41862 0.85483 -0.13416
pref	0.14525 0.0093787 0.43586 -0.1175 -0.25379 0.13548 -0.0011686 -0.17719 0.46827 0.30851 0.015083 -0.10025 0.19573 -0.0091618 -0.25404 0.16031 -0.38018 -0.015544 0.39827 0.052165 -0.055766 0.073391 -0.63434 0.24026 -0.23575 0.14399 0.32209 0.19293 0.62101 -0.15709 -0.11653 -0.46483 -0.13972 -0.37979 -0.030004 -0.31895 0.056925 -0.54161 -0.21808 -0.55792 0.38637 0.3607 -0.50064 0.16555 -0.11688 -0.71447 0.15072 -0.18016 0.074502 0.35543 -0.67969 -0.22607 0.10871 -0.46654 0.27897 0.41278 0.016503 0.16946 -0.6595 -0.48549 -0.05151 -0.03937 -0.20498 -0.26339 -0.17644 -0.22967 -0.80896 -0.16822 -0.046367 -0.079724 -0.19134 0.30052 0.52746 0.46123 -0.13268 -0.22262 -0.012407 0.34332 0.30461 -0.065476 -0.71469 -0.9203 0.12991 0.12397 0.23191 0.17454 -0.6178 -0.025651 -0.094401 0.31063 -0.14572 -0.048173 0.2167 -0.55316 0.32376 0.12694 -0.072679 0.62152 -0.15617 -0.11583
key	-0.22009 0.1228 0.49666 0.014973 0.58537 -1.0869 -0.4435 -0.67389 -0.11957 -0.2751 0.14446 -0.30252 -0.32128 0.14588 -0.1927 0.29439 0.093863 -0.43039 0.20753 0.084383 0.39514 -0.59375 0.32108 -0.065593 -0.11269 -0.6302 -0.23751 -0.094258 -0.36321 0.3258 0.082417 -0.093256 0.15658 -0.059934 0.022428 -0.11107 0.093985 -0.04207 -0.32812 0.031688 -0.50681 -0.61542 1.6011 0.030004 0.00056317 0.2723 -0.10129 -0.0017352 -0.46781 -0.58449 0.10235 0.15112 -0.22557 0.9944 -0.13042 -2.0398 -0.29454 -0.3525 1.7486 0.59134 -0.65688 0.3913 -0.068291 -0.00327 0.63607 -0.041222 0.22515 0.40704 0.60109 0.029032 -0.17948 0.24172 -0.21984 -0.55467 0.09011 -0.45749 -0.25776 0.02886 -0.17182 -0.00081766 0.70004 0.12981 -0.49957 -0.59933 -1.7221 0.32901 0.49726 0.61915 0.093617 -0.23046 -0.49754 0.5477 -0.28813 0.26786 -0.99516 0.3707 0.24787 -0.46564 0.97654 0.92977
Members	0.12804 0.17035 0.00016697 -0.72995 0.21784 0.67215 -0.065565 0.44775 -0.38164 -0.12586 0.33258 -0.48206 1.0431 0.17192 -0.50811 -0.58984 0.10478 -0.61272 -0.86102 0.1962 0.42851 -0.31176 0.25709 -0.57597 -0.44215 -0.98682 0.19055 -0.29888 0.9926 0.44657 0.72666 0.63624 -0.49693 -0.055484 0.12474 0.13647 0.90847 0.42567 0.13833 0.13251 -1.2708 -0.12705 1.0378 0.18706 0.23332 -0.32289 -0.54932 0.0049797 -0.37152 -0.082057 -0.39388 -0.4356 -0.39053 0.78519 -0.37901 -1.6479 0.41538 -0.85929 1.6895 0.83287 -0.42748 0.8161 0.3356 0.32526 0.60771 -0.10563 0.012662 0.79631 1.1112 -0.29734 0.33521 -0.59666 -0.81183 -0.74802 -0.39796 0.17214 -0.22177 -0.55819 -0.89832 -0.28444 0.37706 -0.1398 0.27771 -0.43392 -1.7633 -0.44874 0.088826 0.17771 0.23515 0.061952 -0.094129 -0.41608 -0.22666 0.17002 -0.66082 -0.1688 -0.65766 -0.11944 0.8389 -0.29686
Order	-0.034057 -0.43131 -0.19716 0.46429 -0.10513 0.53612 -0.48987 -0.30831 -0.49893 0.36651 -0.19352 -0.11855 0.31087 0.23738 -0.35699 -0.37677 0.60825 0.56713 -0.6612 0.40612 -0.043963 -0.93474 0.4853 -0.19031 0.46714 -0.015579 -0.38304 -0.51897 0.16811 -0.068862 0.29067 -0.031393 -0.31108 -0.43114 -0.33586 0.39899 0.20414 -0.53229 -0.35693 -0.33847 -0.43594 0.040716 0.2285 -0.91157 0.16134 -0.16923 -0.19384 -0.20617 0.091049 -0.6711 0.36988 0.16965 0.024592 1.3771 -0.15788 -2.1277 -0.28285 -0.15612 2.3049 0.50289 -0.63042 -0.10613 -0.084574 0.092476 1.2218 -0.18183 -0.76381 0.23732 0.40246 -0.41733 0.073375 -0.4046 -0.19212 -0.7337 0.57635 0.48449 -0.59015 0.086238 -0.76147 0.151 0.29896 -0.38905 -0.73351 0.13635 -1.1779 -0.018747 0.44691 -0.44374 0.21153 0.07235 -0.49581 -0.58365 0.13184 -0.33582 -0.27479 -0.25103 0.33756 -0.65422 -0.021066 0.0042945
Preference	0.21829 0.63014 0.36104 0.11967 -0.4882 0.3192 0.033644 0.14948 -0.18165 0.11285 -0.97846 0.19661 0.12565 -0.39274 0.42244 -0.42697 0.30833 0.2233 0.74023 0.19067 -0.47705 -0.10815 -0.0017598 -0.062469 -0.21159 -0.48113 0.74731 -0.29744 -0.2513 -0.39421 0.33625 0.97485 -0.083244 -0.30664 0.63329 0.62765 0.52833 -0.030664 -0.50291 -0.041822 -0.063149 -0.33729 0.42383 -0.19493 -0.30537 -0.81194 -0.29687 0.09417 -0.77146 -0.90693 0.11132 0.11687 -0.18056 0.5804 0.23088 -0.75349 0.69922 -0.78294 1.056 -0.56937 0.10015 -0.43552 0.37936 0.22587 0.66066 0.065564 0.15715 -0.57981 0.13195 -0.19422 -0.75435 -0.013021 0.26388 -0.53951 -0.10491 0.65234 -0.77695 -0.28061 -0.52767 -0.18414 -0.44718 -0.38491 0.055846 -0.16933 -0.73377 -0.72242 -0.14849 -0.19893 0.15962 -0.39107 -0.67532 -0.024553 0.18651 0.079578 -0.11371 -0.085401 -0.41819 -0.49496 0.081238 0.25983

browsing	-0.19236 -0.35539 -0.26425 -0.44723 0.14289 0.61091 -0.1123 -0.1486 0.39016 -0.73068 0.28875 0.036145 0.23684 -1.6865 0.83372 0.26392 0.30113 0.6384 0.010859 0.46663 -0.97304 0.54637 0.42069 0.12057 0.55841 -0.079067 -0.59771 0.40064 -1.2627 -0.29174 -0.11999 0.32028 -0.35457 -0.75931 0.76934 0.20266 -0.79502 -0.21176 0.38836 -0.15729 0.24705 0.26483 -0.027775 0.12443 -0.64735 0.64091 0.19155 -0.42058 1.0063 -0.17597 0.74431 0.75987 -0.293 -0.19132 -0.51905 -0.21593 -0.2167 0.2128 1.1654 -0.22772 0.052338 0.21324 0.84963 -0.47041 -0.15854 0.63674 0.95267 -0.79969 1.2571 -0.15663 -0.0092539 -0.096035 0.83021 -1.0447 -0.77838 0.25299 -0.39471 -0.0072108 -0.050013 -0.62107 0.12002 -0.16369 -0.53993 0.66404 -0.58181 0.38186 0.38558 -0.23671 -0.62012 0.30311 -0.075438 0.70034 1.3304 -0.29587 0.29396 -0.7506 0.14088 -0.93031 0.70438 0.52746
views	0.01291 0.41961 0.24029 0.67878 0.43654 0.022922 -0.59969 -0.48747 -0.2717 -0.21642 -0.34198 0.26973 0.20557 -0.30033 0.49006 0.015325 -0.56941 -0.31009 -1.038 -0.24928 0.38064 -0.21513 0.13338 -0.30948 -0.51706 -0.74118 0.23783 0.10488 -0.14682 -0.093674 0.2625 1.074 0.03757 0.43151 0.28676 0.49993 0.38433 0.16245 -0.57897 -0.13645 -1.1607 -0.41728 0.38679 0.12817 -0.39565 -0.60873 0.073227 -0.06205 0.026864 -0.30801 1.0283 0.031866 0.31934 0.83314 0.19768 -1.7321 1.6539 -0.22547 1.2263 -0.30787 -0.29997 0.77734 0.3374 -0.76221 0.60951 -0.028037 0.48691 0.077347 -0.052899 -0.43469 0.35781 0.22677 0.62683 -1.0126 -0.41531 -0.51768 0.10877 -0.010921 -0.216 -0.2032 -0.092181 0.41802 0.46271 -0.051354 -0.61149 -0.54886 -0.50762 0.12652 0.44274 -0.59708 -0.24774 -0.50455 -0.19045 0.046294 -0.49737 0.2443 -1.3418 -0.78952 0.70865 0.78929
members	0.12804 0.17035 0.00016697 -0.72995 0.21784 0.67215 -0.065565 0.44775 -0.38164 -0.12586 0.33258 -0.48206 1.0431 0.17192 -0.50811 -0.58984 0.10478 -0.61272 -0.86102 0.1962 0.42851 -0.31176 0.25709 -0.57597 -0.44215 -0.98682 0.19055 -0.29888 0.9926 0.44657 0.72666 0.63624 -0.49693 -0.055484 0.12474 0.13647 0.90847 0.42567 0.13833 0.13251 -1.2708 -0.12705 1.0378 0.18706 0.23332 -0.32289 -0.54932 0.0049797 -0.37152 -0.082057 -0.39388 -0.4356 -0.39053 0.78519 -0.37901 -1.6479 0.41538 -0.85929 1.6895 0.83287 -0.42748 0.8161 0.3356 0.32526 0.60771 -0.10563 0.012662 0.79631 1.1112 -0.29734 0.33521 -0.59666 -0.81183 -0.74802 -0.39796 0.17214 -0.22177 -0.55819 -0.89832 -0.28444 0.37706 -0.1398 0.27771 -0.43392 -1.7633 -0.44874 0.088826 0.17771 0.23515 0.061952 -0.094129 -0.41608 -0.22666 0.17002 -0.66082 -0.1688 -0.65766 -0.11944 0.8389 -0.29686

