Bug	-0.42404 -0.11038 0.94873 -0.71327 -0.19712 0.077077 0.96163 -0.35674 0.8292 -0.3676 0.15004 0.62746 0.091752 0.11142 -0.015791 0.84124 0.24467 0.023366 0.54286 -0.068057 -0.87995 -0.59202 0.18641 0.50787 0.55458 0.48448 -0.42383 0.22249 -0.8823 -0.041186 -0.049256 0.31483 0.25182 0.10876 0.45824 -0.12085 -0.96037 -0.69492 0.93473 -0.31937 -0.31673 0.24099 -0.3822 -0.72243 0.18017 0.62991 0.0030923 -0.36699 -0.21576 -0.1654 -0.55928 0.11278 -0.62944 0.56955 -0.59166 -0.92922 0.044769 0.32981 0.697 -0.13983 0.40377 1.7035 -0.68531 0.49846 0.29719 0.27865 -0.18668 -0.93605 0.66117 0.01478 -0.30582 -0.4491 -0.44983 -0.39544 -0.37577 -0.18869 0.06883 -0.04811 -0.33131 1.0204 0.32457 -0.88047 0.018825 -0.303 -0.88685 0.35682 -0.3993 -0.10512 -0.86557 0.37554 0.48771 -0.28133 0.12722 -0.56959 0.33936 0.40162 0.1109 -0.20506 0.18093 -0.23185
StringMatcher	
bug	-0.42404 -0.11038 0.94873 -0.71327 -0.19712 0.077077 0.96163 -0.35674 0.8292 -0.3676 0.15004 0.62746 0.091752 0.11142 -0.015791 0.84124 0.24467 0.023366 0.54286 -0.068057 -0.87995 -0.59202 0.18641 0.50787 0.55458 0.48448 -0.42383 0.22249 -0.8823 -0.041186 -0.049256 0.31483 0.25182 0.10876 0.45824 -0.12085 -0.96037 -0.69492 0.93473 -0.31937 -0.31673 0.24099 -0.3822 -0.72243 0.18017 0.62991 0.0030923 -0.36699 -0.21576 -0.1654 -0.55928 0.11278 -0.62944 0.56955 -0.59166 -0.92922 0.044769 0.32981 0.697 -0.13983 0.40377 1.7035 -0.68531 0.49846 0.29719 0.27865 -0.18668 -0.93605 0.66117 0.01478 -0.30582 -0.4491 -0.44983 -0.39544 -0.37577 -0.18869 0.06883 -0.04811 -0.33131 1.0204 0.32457 -0.88047 0.018825 -0.303 -0.88685 0.35682 -0.3993 -0.10512 -0.86557 0.37554 0.48771 -0.28133 0.12722 -0.56959 0.33936 0.40162 0.1109 -0.20506 0.18093 -0.23185
matches	-0.41374 0.49676 0.39132 0.088527 -0.51355 0.73486 0.54963 0.94483 -1.3652 -0.16633 0.77514 -0.81517 -0.012063 0.29136 0.18488 0.42757 0.04315 0.65415 0.051497 0.38403 0.3065 0.33115 0.86613 0.63906 0.49463 -0.86532 0.6269 -0.20617 0.28768 -0.040649 -0.74941 0.133 -0.42112 -0.51807 0.7155 -0.10895 -0.74274 0.099169 -1.6664 0.026961 0.11443 -0.66666 0.65444 -0.70473 0.17717 -0.16634 0.28255 -0.8236 0.087573 -0.87746 -0.44626 -0.016338 0.14624 1.0794 0.37683 -1.8073 -0.56736 -0.27797 0.27101 1.1737 -1.4307 0.29105 -0.52065 0.27934 0.18521 0.38586 -0.21594 0.43723 -0.0034062 -0.44338 -0.074424 -0.18307 0.69685 -0.20212 0.61433 0.19507 -0.00014988 -0.49562 -0.46485 0.46946 0.84612 -0.65888 -0.25646 -0.11708 -1.4061 -0.59933 -1.7053 0.25953 -0.09783 0.67806 -1.099 0.47153 0.13271 0.58908 -0.01641 0.30378 -0.28237 0.80135 0.29811 0.087897
String	-0.58612 0.68468 -0.3048 -0.30143 0.63022 0.54069 0.01149 -0.079599 -1.2801 0.52436 -0.085146 0.011723 -0.068233 1.3369 -0.53491 1.1505 -1.0879 -0.014131 0.84327 0.35177 0.1791 -0.17666 0.069901 -0.10659 0.21653 -0.39874 -0.53911 0.15529 0.43732 -0.12114 0.024777 -0.37661 0.016911 0.1536 -0.6331 -0.44423 0.17383 -0.60363 0.47226 -0.35641 0.19885 0.18405 0.62407 0.36511 0.082608 -0.041067 0.51466 0.2014 0.35829 -0.35822 -0.5558 0.13119 -0.15079 0.43218 -0.0049345 -2.1244 0.065888 0.2303 1.1107 0.89659 -0.73445 0.28847 0.07422 0.1921 0.29703 0.0082317 0.43467 0.29806 0.19613 0.17296 -0.76403 0.30902 0.012527 0.31087 0.087482 0.12754 0.02412 0.0055587 -0.35831 0.45593 0.96553 -0.10852 -0.18546 -0.19566 -1.1958 -0.21444 0.046392 -0.64232 -0.51301 0.15291 -0.8148 0.94186 -0.88127 -0.16941 0.061199 0.19866 -0.67404 -0.31921 0.56022 -0.10541
Matcher	-0.097988 0.28306 -0.064512 0.1591 -0.26552 -0.067807 0.56738 -0.21795 -0.15782 -0.5061 0.22658 0.2714 0.31241 -0.37971 -0.12471 0.91235 -0.98074 -0.023121 0.59676 0.025522 -1.0075 0.28176 -1.4361 0.043557 -0.27266 -0.13368 -0.09497 -0.26769 0.021381 -0.66156 -0.080581 -0.50865 0.50831 -0.41929 0.55326 -0.15963 -0.55663 -0.1863 -0.57222 -0.33246 0.55114 0.056306 -0.31827 -0.29398 -0.76067 0.22749 0.22532 0.096934 0.29476 -0.40578 -0.34634 0.13536 0.47105 -0.68924 -0.24169 1.3157 0.36736 0.91404 0.57505 -0.57077 -0.12631 -0.67571 -0.19973 0.099866 -0.4466 0.88543 -0.22858 -0.32945 -0.51247 -0.28958 0.752 0.14754 0.34524 0.44712 0.098378 0.26277 0.81522 0.031089 0.10606 -0.22574 -0.51128 -0.48804 0.92585 -0.13496 0.0049503 -0.58798 -0.76958 -0.55649 -0.45987 -0.68285 0.13917 -0.014231 0.41508 0.097777 0.10322 0.18925 0.55583 0.23181 -0.27892 0.39721

Bug	-0.42404 -0.11038 0.94873 -0.71327 -0.19712 0.077077 0.96163 -0.35674 0.8292 -0.3676 0.15004 0.62746 0.091752 0.11142 -0.015791 0.84124 0.24467 0.023366 0.54286 -0.068057 -0.87995 -0.59202 0.18641 0.50787 0.55458 0.48448 -0.42383 0.22249 -0.8823 -0.041186 -0.049256 0.31483 0.25182 0.10876 0.45824 -0.12085 -0.96037 -0.69492 0.93473 -0.31937 -0.31673 0.24099 -0.3822 -0.72243 0.18017 0.62991 0.0030923 -0.36699 -0.21576 -0.1654 -0.55928 0.11278 -0.62944 0.56955 -0.59166 -0.92922 0.044769 0.32981 0.697 -0.13983 0.40377 1.7035 -0.68531 0.49846 0.29719 0.27865 -0.18668 -0.93605 0.66117 0.01478 -0.30582 -0.4491 -0.44983 -0.39544 -0.37577 -0.18869 0.06883 -0.04811 -0.33131 1.0204 0.32457 -0.88047 0.018825 -0.303 -0.88685 0.35682 -0.3993 -0.10512 -0.86557 0.37554 0.48771 -0.28133 0.12722 -0.56959 0.33936 0.40162 0.1109 -0.20506 0.18093 -0.23185

JDT	
copies	0.49583 0.14466 0.10416 0.069569 1.0195 0.51418 0.95602 -0.12757 0.88815 0.16598 1.059 -0.29998 0.407 0.04358 -0.42332 0.30708 0.98874 0.35085 0.69459 -0.22584 0.96288 -0.15788 0.13818 0.23711 0.68583 -0.5912 1.321 -0.4619 0.26884 0.10833 1.1677 0.15381 -0.33234 0.45421 0.15796 0.35516 -0.43127 -0.20912 -0.53376 -0.38136 0.016422 0.28973 0.084545 -0.036179 0.020786 -0.89285 -0.15236 -1.348 -0.007571 -0.2081 1.1552 0.27225 0.40364 0.023173 -0.0038783 -1.1689 -0.52039 -0.45621 1.3756 -0.20088 0.53509 1.2833 -0.26499 -0.37792 0.23608 -0.086477 0.16846 0.88394 0.83504 -1.0603 0.026937 1.0266 0.29269 0.22927 0.089931 1.0232 -0.40708 -0.034596 -0.61344 -0.36706 0.68247 -0.68834 -0.75792 0.31572 -0.9134 -0.16722 0.57941 -1.0962 -0.31749 0.5525 -0.37804 0.081672 0.32043 -0.5808 -0.71547 -0.9306 -0.34756 0.29974 0.22559 -0.28876
class	0.44507 1.1348 0.33681 0.033357 -1.0405 0.24413 0.43113 0.041197 -0.81321 1.1462 -0.041166 -0.56681 -0.37751 0.010833 -0.49384 -0.98461 0.2911 0.62519 0.0021157 0.076011 0.57661 -0.42666 0.026943 -0.31422 0.22591 -0.40706 -0.44773 -0.46698 0.071828 0.087351 -0.25286 1.0292 -0.17695 -0.57001 0.69949 0.49922 -0.23905 0.21815 0.067587 0.91464 -0.62297 -0.85661 -0.1409 -0.61247 0.66159 0.090501 0.19563 0.35387 0.18804 0.30706 -0.73807 0.019089 -0.32798 0.51793 -0.003088 -1.7927 0.08279 -0.13564 2.0857 0.16076 -0.41443 0.42641 0.055687 0.03359 0.74283 -0.19547 0.53011 0.19503 0.44296 0.54503 -0.030984 -0.49682 -0.11398 0.085998 -0.046392 0.92739 0.088696 -0.28703 -0.72927 -1.1755 -0.26028 -0.55622 -0.026987 -0.20324 -0.81465 -0.12299 -1.1006 -1.5845 -0.18962 -0.32423 -0.99665 -0.060921 0.43139 0.38787 0.24177 0.29155 -0.080935 -0.70294 0.47778 -0.33316

change	-0.21947 0.11521 0.65302 -0.065847 -0.27114 -0.31691 -0.27264 0.072489 -0.1994 0.18162 -0.40119 -0.15237 0.15274 -0.44999 0.35391 -0.18541 -0.31092 0.13765 -0.28494 -0.21728 0.084083 -0.26736 -0.13991 -0.10453 -0.22532 0.08351 -0.0078045 -0.66395 0.35111 -0.32218 -0.017092 1.0643 -0.19717 -0.16794 -0.32944 0.0015641 0.177 -0.23554 -0.41079 -0.45179 -0.98893 -0.39237 0.10609 -0.10884 -0.69575 0.066924 0.011955 -0.033838 -0.56384 -1.2382 0.60476 -0.077292 -0.093608 1.1617 0.45363 -2.4786 0.22304 0.0071302 1.6748 0.28602 -0.43532 0.36987 -0.68299 -0.16679 1.5058 0.27098 -0.32695 -0.1704 0.36196 -0.62764 0.074537 -0.26008 -0.36486 -0.67706 0.40995 -0.55273 -0.13101 -0.21172 -0.37387 -0.023259 -0.044405 -0.83011 -0.25722 -0.13334 -1.4099 -0.051098 0.29462 -0.62621 -0.46596 -0.68857 0.06224 -0.11744 -0.35229 -0.14699 -0.22453 -0.07303 -0.11518 -0.29582 0.69329 0.27524

