Bug	-0.42404 -0.11038 0.94873 -0.71327 -0.19712 0.077077 0.96163 -0.35674 0.8292 -0.3676 0.15004 0.62746 0.091752 0.11142 -0.015791 0.84124 0.24467 0.023366 0.54286 -0.068057 -0.87995 -0.59202 0.18641 0.50787 0.55458 0.48448 -0.42383 0.22249 -0.8823 -0.041186 -0.049256 0.31483 0.25182 0.10876 0.45824 -0.12085 -0.96037 -0.69492 0.93473 -0.31937 -0.31673 0.24099 -0.3822 -0.72243 0.18017 0.62991 0.0030923 -0.36699 -0.21576 -0.1654 -0.55928 0.11278 -0.62944 0.56955 -0.59166 -0.92922 0.044769 0.32981 0.697 -0.13983 0.40377 1.7035 -0.68531 0.49846 0.29719 0.27865 -0.18668 -0.93605 0.66117 0.01478 -0.30582 -0.4491 -0.44983 -0.39544 -0.37577 -0.18869 0.06883 -0.04811 -0.33131 1.0204 0.32457 -0.88047 0.018825 -0.303 -0.88685 0.35682 -0.3993 -0.10512 -0.86557 0.37554 0.48771 -0.28133 0.12722 -0.56959 0.33936 0.40162 0.1109 -0.20506 0.18093 -0.23185
JUnit	-0.14225 0.16489 -0.09137 0.33503 -0.4008 -0.12113 0.41388 -0.026347 0.066678 0.031439 -0.14368 -0.29147 -0.090829 0.10568 0.079864 0.40644 0.074603 -0.046584 0.3027 0.022547 -0.13167 -0.29984 -0.097379 -0.11357 -0.36089 0.13285 0.089889 0.40256 -0.33994 0.079943 -0.10334 -0.0090251 -0.16961 -0.15117 0.45534 0.027393 -0.0078659 -0.45079 -0.049673 -0.10043 0.15561 0.41995 0.14611 -0.013949 -0.026472 -0.064344 -0.089845 -0.0034123 -0.16341 0.33569 0.034936 0.41483 -0.7703 -0.31049 0.042378 0.53438 0.017809 0.14626 -0.34481 -0.22594 0.092685 -0.5014 0.11725 -0.23767 -0.28638 0.38476 -0.66141 -0.43311 -0.18888 0.019869 -0.085719 0.33861 0.19731 0.45607 -0.17835 0.36922 0.15154 -0.12024 0.13901 -0.053307 -0.10903 -0.033563 0.37802 0.10384 0.5356 0.30715 0.32084 0.52282 -0.19873 0.55076 -0.21415 0.25738 -0.055644 -0.33716 0.43738 0.0059472 0.034375 0.16432 -0.26182 0.58369
Testsuites	
created	0.056525 -0.18148 -0.20936 -0.070561 0.95013 0.17602 -0.070017 -0.15964 0.047953 -0.38843 -0.044277 -0.52962 0.29647 -0.2411 0.39247 -0.13195 0.7705 0.49644 -0.55179 -0.16028 -0.22651 -0.3008 0.51691 -0.31662 -0.060479 -0.81213 -0.13141 0.0066376 -0.29525 -0.23555 0.37093 0.67933 -0.45026 -0.34164 -0.24077 -0.22571 0.13249 -0.11855 -0.33498 -0.38785 -0.12861 0.09697 -0.3969 -0.19937 0.31318 -0.058941 -0.030812 -0.081864 0.099476 -0.24611 -0.43853 0.047988 0.15537 0.69702 0.010567 -2.7869 -0.0037619 -0.10836 0.75486 0.42012 0.1434 1.0492 -0.10554 0.33441 1.3263 -0.32001 0.053685 0.13923 0.62683 -0.1209 0.85711 0.14897 -0.46904 0.11087 0.15238 -0.056619 0.33403 0.27947 -0.86069 0.46684 0.23539 -0.1794 -0.15249 0.46176 -1.062 0.28963 6.8021e-06 -0.65815 0.059446 -0.42393 0.090936 -0.25033 -0.32441 -0.012409 0.26815 0.063334 -0.15215 -0.6276 0.22948 -0.44526
Testsuite	
Wizard	0.30943 -0.027142 0.57865 -0.66131 -0.37233 0.40766 -0.28125 0.19348 -0.63497 -0.15076 0.51541 -0.29725 -0.44139 -0.18555 -0.050061 0.23124 0.72155 0.48756 -0.11408 0.27156 -0.11943 -0.59162 -0.41341 -0.58532 0.72202 0.57366 -0.045198 -0.10238 -0.73343 0.17508 0.19473 0.20816 -0.71834 -0.498 -0.28099 0.068696 -0.45862 -0.085602 0.61675 -0.67167 -0.4965 0.9813 0.049607 -0.33754 0.3795 0.013658 -0.24706 0.27496 1.0845 0.31973 -0.61015 0.4988 0.80413 0.6645 0.38931 -1.1298 -0.64792 0.81243 -0.25604 0.24574 0.33378 0.6617 -0.60108 0.48613 -0.055998 -0.12294 0.66535 0.083019 0.34038 -0.046341 0.21789 -0.40441 -0.6909 0.23113 -0.71145 0.43484 0.29558 0.061657 0.40441 -0.46717 0.31722 0.24555 -0.27227 0.0086042 -0.80633 1.0741 -0.28451 -0.53425 1.1546 -0.058712 -0.2407 0.43571 0.69136 -0.12494 0.80896 -0.69991 0.15549 -0.49105 -0.28633 -0.18998

User	-0.53907 0.033098 0.52285 0.026693 0.61981 0.52334 -0.40875 -0.030037 0.78697 0.029269 0.20407 -0.39216 0.12381 -1.2211 0.42551 0.55187 0.35793 0.51613 -0.17932 0.38599 -0.88919 -0.74184 -0.082802 0.17513 0.041756 -0.63514 -0.026689 0.13022 -0.16057 -0.28817 0.1906 1.7854 -0.3682 -0.1381 1.1881 0.2389 -0.558 -0.37028 0.45427 -0.32379 0.14587 -0.034054 0.2225 0.13439 -0.35842 0.39816 -0.5233 -0.48453 0.40235 -0.028133 0.72899 0.46269 -0.1086 0.46951 0.2599 -0.99482 -0.12163 -0.6089 1.9743 0.028185 0.10136 0.17887 -0.24697 0.30358 0.82272 0.0463 0.52727 -0.92163 0.82443 -0.051295 -0.2712 0.37301 0.68107 -0.6095 0.20592 0.16469 -0.096514 -0.72638 0.0039317 -0.32222 0.32087 -0.31803 -1.0121 0.02379 -1.7207 0.33977 0.46771 -0.36459 -0.0050145 -0.14975 -0.17153 1.2254 0.49077 -0.53566 0.85129 0.027093 -0.01747 -0.87803 0.53809 -0.29624
Agent	0.54263 -0.94556 0.63338 -1.1186 -0.033968 -0.50336 0.2662 -0.43339 -0.068826 0.1326 -0.11673 -0.7428 0.24098 0.31927 0.149 0.25225 0.89375 0.1362 -0.20531 0.22922 -0.45712 0.037074 -0.94237 -0.2087 0.10498 -0.026186 0.39272 -0.61634 -0.033848 0.52247 -0.099738 1.4282 -0.095186 -0.58463 0.19847 -0.21672 -0.66678 0.25273 0.66437 0.11844 0.49575 -0.20699 0.54199 -0.22103 0.84711 -0.17925 -0.85337 -0.84244 0.22508 -0.23347 1.0846 0.34772 0.17441 0.79287 0.16292 -1.2031 -0.85298 -0.20582 1.0274 0.81467 0.023544 0.99344 -0.22389 -0.50794 0.61108 -0.84063 1.1529 0.07776 0.10547 0.57986 -0.47526 -1.0866 -0.7366 -0.34891 0.12625 -0.39275 0.1023 -0.33372 -1.0588 -0.058325 0.88322 0.77251 -0.37973 -0.26777 -0.71694 -0.0018102 0.82903 0.47776 -0.056319 -0.60168 -0.65215 -0.17447 -0.15826 -0.2061 0.38677 0.31808 -0.0003246 0.34315 -0.49299 -0.44456

Mozilla	-0.0047782 -0.06017 -0.30395 0.11378 1.4921 0.28043 0.26742 0.1017 0.9345 -0.89019 -0.16615 0.88269 -0.85118 -0.93737 -0.73478 -0.18906 0.99487 0.38028 0.35124 0.27046 -1.2331 -0.53486 -0.19469 1.3756 0.18114 0.20041 -0.11092 -0.33807 -0.48325 -0.75607 0.66134 0.93037 -0.24023 0.36086 0.040229 1.4741 0.26816 0.11685 0.52235 0.027192 0.26296 0.41585 -0.071634 0.51536 -0.083177 0.029963 0.018769 -0.36584 0.3078 0.12351 -0.37448 0.64496 -0.82465 -0.95854 -1.1754 -0.57985 -0.055257 0.3239 0.614 0.43742 -0.37558 -0.50852 -0.21705 0.94298 0.57315 -0.064298 -0.2314 -0.74859 0.60019 0.10972 0.10576 0.6875 -0.0014558 -0.54991 -0.58656 0.0050362 1.4484 0.37873 -0.41057 -1.0184 -0.41104 -0.13185 -0.042928 1.3998 -0.084695 1.4035 0.26847 0.71493 -0.12718 -0.30706 0.30726 -0.18925 -0.10696 -0.090956 0.89 0.014103 -0.70979 -0.40684 0.22827 0.26576
compatible	-0.51349 0.33386 0.32001 -0.12035 0.24144 0.21088 0.67557 -0.60055 0.76563 0.26657 0.27532 -0.15856 0.69706 -0.16707 0.59564 -0.29794 0.1023 0.64056 0.083053 0.20082 -0.83335 -0.7732 0.81808 0.4439 0.36985 -0.11364 0.042213 -0.41683 -0.42419 0.72481 0.65859 0.92776 -0.64367 0.17001 1.5524 0.48418 0.23173 -0.12795 -0.12014 -0.71583 0.24447 -0.033496 0.19895 0.16828 -0.89252 -0.46113 0.45953 0.12191 -0.46109 -0.28919 0.02053 0.36164 -0.48312 -0.42694 0.11271 -0.66938 0.27089 0.11521 1.1876 -0.29204 -0.16488 -0.31052 -0.67538 0.45011 -0.15838 -0.044421 -0.1772 0.018736 0.17937 -0.41758 0.37022 0.092385 0.73046 -0.41953 0.45592 -0.012305 -0.26661 0.15953 -0.026464 -0.26119 0.19241 -0.2695 -0.47604 0.6837 -1.3095 1.3113 0.19189 -0.20589 -0.22323 -0.025003 -0.10407 1.0293 -0.11779 -0.29491 0.048254 -0.60013 -0.43741 -0.71804 0.85745 -0.10499

MSIE	

Windows	-0.54194 0.39576 0.21015 -0.15881 0.59019 1.1064 -0.21929 -0.093131 1.2114 0.41319 1.176 -0.075398 0.84804 0.047217 0.095208 -0.20473 -0.55749 0.98645 -0.50545 0.24014 -0.85653 -0.85029 0.52315 0.47936 1.2698 -0.50511 -0.29337 -0.02949 -0.97608 -0.39131 1.4196 0.70497 -0.75662 0.52679 0.93305 0.34878 0.047494 -0.74645 1.3433 -0.12583 0.23701 -0.71989 0.10044 0.31357 0.29355 0.17371 -0.017388 -0.17552 0.30023 -0.41154 0.42306 0.30597 -0.90399 0.26673 -0.35271 -2.382 -0.49296 0.41202 1.7238 0.39654 -0.94772 0.70864 -0.85537 1.0131 -0.48118 -0.058361 0.4166 -0.72199 -0.059826 -0.71774 0.32136 0.96373 0.63238 -0.88068 -0.070608 0.18426 0.35821 0.9663 0.46629 -0.52667 0.53668 -0.75709 -0.7039 0.59939 -0.67701 0.77457 0.17182 -0.42599 0.042488 0.26451 1.1949 0.26224 0.34957 -0.14551 0.20941 -0.40806 -0.22913 0.11343 1.5768 0.20408

Trident	0.053884 0.54083 -0.18657 -0.15159 -0.40188 -0.41201 0.80932 -0.39188 -0.21812 1.2226 1.0076 0.31533 -0.65654 0.83905 0.062166 -0.54785 0.4914 -0.22254 0.040913 -0.25498 0.43529 -0.67873 -0.9686 -0.41577 0.063056 1.1805 0.079456 0.49136 -0.68918 -0.036268 0.39919 0.83193 -0.036565 -0.59264 0.43158 0.91086 -0.011542 -0.47803 0.063961 -0.55141 0.13415 0.37073 0.041711 0.32694 0.83356 0.89184 0.17986 0.66226 0.49612 0.30547 -0.27972 0.10931 -0.64814 0.61111 -0.17115 -0.4618 0.19823 0.27035 -0.38703 -0.20656 0.14371 0.52886 0.25134 0.53858 -0.90742 0.93416 0.30303 0.84348 0.00054767 -0.36933 0.2915 -0.28247 0.47303 -0.17104 -0.74961 -0.01284 0.22517 0.30874 -1.0728 0.082916 0.19354 -0.95768 0.6826 0.98996 0.42561 0.73801 0.67212 0.24323 0.51149 0.17899 -0.89073 0.3177 0.078271 0.3499 0.045841 -0.18834 -0.33522 -0.59638 0.87611 -0.27714
NET	0.51435 0.059716 0.70215 -0.51947 0.47898 -0.0048011 0.18822 -0.30317 -0.35363 -0.34969 0.38779 0.49882 -0.2516 -0.13245 0.58114 -0.13979 -0.66392 0.3218 0.35138 0.37346 0.70857 0.43339 -0.18359 1.7049 0.10267 -0.37952 0.33583 0.19917 -0.33893 -1.2667 -0.011259 0.83463 -0.14993 -0.13931 0.24297 -0.22334 -0.46244 0.53481 -0.23889 -0.17298 0.52748 -0.56051 -0.35783 0.66836 0.14204 0.075727 -0.44825 -0.36409 -0.35273 -0.71321 -0.14912 0.40095 -0.35704 0.55478 -0.38547 -1.9744 0.018177 -0.43355 2.2304 0.48014 0.50102 -0.72207 -1.1078 0.66829 -0.56571 -0.068312 0.26556 0.029946 0.78739 -0.19843 0.27247 0.29646 0.88368 -0.45316 0.10628 -0.60375 -0.22026 0.17801 -0.37431 0.73622 0.55096 0.47428 -0.46101 -0.27068 -1.0666 -1.5399 0.46159 -0.45909 -0.11978 -0.078589 -0.085481 0.18648 0.11012 -0.70056 -0.080856 -0.13587 0.57279 -0.049566 0.68103 -0.51854
CLR	-0.71072 0.26969 0.011343 -0.50306 0.22799 0.048238 -0.16946 -0.67831 -0.029765 0.81859 0.56912 -0.11933 -0.85129 -1.0713 1.3071 -0.16071 -0.37699 0.70574 0.13861 1.4737 -0.50018 1.3455 -0.34256 1.1802 -1.2661 0.60588 0.013734 -0.54276 0.98786 -0.67467 0.56752 0.45872 0.10139 -0.53911 -0.12723 -0.69843 1.4363 -0.4981 -0.0066272 0.75659 -0.55105 -1.1536 -0.13098 -0.44077 0.2047 -0.7563 -0.19571 -0.56142 -0.32264 0.61653 -0.0094224 -0.66637 0.16225 -0.12073 -0.57002 -0.26426 -0.98857 0.45515 0.05058 -0.8443 -0.63136 -1.0843 -0.20156 -0.71212 -1.3536 0.21175 -0.60432 -0.57597 -1.4035 0.59844 -1.0472 0.60143 0.61941 0.76461 0.28133 -1.5221 1.6579 -0.23334 0.47446 -0.54021 0.21002 -0.50729 1.7669 0.29556 -0.0254 0.27799 1.0055 -1.0935 1.3024 1.4447 0.9371 -0.35902 0.7004 -0.24443 -1.5735 0.98874 0.12426 -0.91663 -0.051924 -0.12663
NET	0.51435 0.059716 0.70215 -0.51947 0.47898 -0.0048011 0.18822 -0.30317 -0.35363 -0.34969 0.38779 0.49882 -0.2516 -0.13245 0.58114 -0.13979 -0.66392 0.3218 0.35138 0.37346 0.70857 0.43339 -0.18359 1.7049 0.10267 -0.37952 0.33583 0.19917 -0.33893 -1.2667 -0.011259 0.83463 -0.14993 -0.13931 0.24297 -0.22334 -0.46244 0.53481 -0.23889 -0.17298 0.52748 -0.56051 -0.35783 0.66836 0.14204 0.075727 -0.44825 -0.36409 -0.35273 -0.71321 -0.14912 0.40095 -0.35704 0.55478 -0.38547 -1.9744 0.018177 -0.43355 2.2304 0.48014 0.50102 -0.72207 -1.1078 0.66829 -0.56571 -0.068312 0.26556 0.029946 0.78739 -0.19843 0.27247 0.29646 0.88368 -0.45316 0.10628 -0.60375 -0.22026 0.17801 -0.37431 0.73622 0.55096 0.47428 -0.46101 -0.27068 -1.0666 -1.5399 0.46159 -0.45909 -0.11978 -0.078589 -0.085481 0.18648 0.11012 -0.70056 -0.080856 -0.13587 0.57279 -0.049566 0.68103 -0.51854
CLR	-0.71072 0.26969 0.011343 -0.50306 0.22799 0.048238 -0.16946 -0.67831 -0.029765 0.81859 0.56912 -0.11933 -0.85129 -1.0713 1.3071 -0.16071 -0.37699 0.70574 0.13861 1.4737 -0.50018 1.3455 -0.34256 1.1802 -1.2661 0.60588 0.013734 -0.54276 0.98786 -0.67467 0.56752 0.45872 0.10139 -0.53911 -0.12723 -0.69843 1.4363 -0.4981 -0.0066272 0.75659 -0.55105 -1.1536 -0.13098 -0.44077 0.2047 -0.7563 -0.19571 -0.56142 -0.32264 0.61653 -0.0094224 -0.66637 0.16225 -0.12073 -0.57002 -0.26426 -0.98857 0.45515 0.05058 -0.8443 -0.63136 -1.0843 -0.20156 -0.71212 -1.3536 0.21175 -0.60432 -0.57597 -1.4035 0.59844 -1.0472 0.60143 0.61941 0.76461 0.28133 -1.5221 1.6579 -0.23334 0.47446 -0.54021 0.21002 -0.50729 1.7669 0.29556 -0.0254 0.27799 1.0055 -1.0935 1.3024 1.4447 0.9371 -0.35902 0.7004 -0.24443 -1.5735 0.98874 0.12426 -0.91663 -0.051924 -0.12663
NET	0.51435 0.059716 0.70215 -0.51947 0.47898 -0.0048011 0.18822 -0.30317 -0.35363 -0.34969 0.38779 0.49882 -0.2516 -0.13245 0.58114 -0.13979 -0.66392 0.3218 0.35138 0.37346 0.70857 0.43339 -0.18359 1.7049 0.10267 -0.37952 0.33583 0.19917 -0.33893 -1.2667 -0.011259 0.83463 -0.14993 -0.13931 0.24297 -0.22334 -0.46244 0.53481 -0.23889 -0.17298 0.52748 -0.56051 -0.35783 0.66836 0.14204 0.075727 -0.44825 -0.36409 -0.35273 -0.71321 -0.14912 0.40095 -0.35704 0.55478 -0.38547 -1.9744 0.018177 -0.43355 2.2304 0.48014 0.50102 -0.72207 -1.1078 0.66829 -0.56571 -0.068312 0.26556 0.029946 0.78739 -0.19843 0.27247 0.29646 0.88368 -0.45316 0.10628 -0.60375 -0.22026 0.17801 -0.37431 0.73622 0.55096 0.47428 -0.46101 -0.27068 -1.0666 -1.5399 0.46159 -0.45909 -0.11978 -0.078589 -0.085481 0.18648 0.11012 -0.70056 -0.080856 -0.13587 0.57279 -0.049566 0.68103 -0.51854
CLR	-0.71072 0.26969 0.011343 -0.50306 0.22799 0.048238 -0.16946 -0.67831 -0.029765 0.81859 0.56912 -0.11933 -0.85129 -1.0713 1.3071 -0.16071 -0.37699 0.70574 0.13861 1.4737 -0.50018 1.3455 -0.34256 1.1802 -1.2661 0.60588 0.013734 -0.54276 0.98786 -0.67467 0.56752 0.45872 0.10139 -0.53911 -0.12723 -0.69843 1.4363 -0.4981 -0.0066272 0.75659 -0.55105 -1.1536 -0.13098 -0.44077 0.2047 -0.7563 -0.19571 -0.56142 -0.32264 0.61653 -0.0094224 -0.66637 0.16225 -0.12073 -0.57002 -0.26426 -0.98857 0.45515 0.05058 -0.8443 -0.63136 -1.0843 -0.20156 -0.71212 -1.3536 0.21175 -0.60432 -0.57597 -1.4035 0.59844 -1.0472 0.60143 0.61941 0.76461 0.28133 -1.5221 1.6579 -0.23334 0.47446 -0.54021 0.21002 -0.50729 1.7669 0.29556 -0.0254 0.27799 1.0055 -1.0935 1.3024 1.4447 0.9371 -0.35902 0.7004 -0.24443 -1.5735 0.98874 0.12426 -0.91663 -0.051924 -0.12663
NET	0.51435 0.059716 0.70215 -0.51947 0.47898 -0.0048011 0.18822 -0.30317 -0.35363 -0.34969 0.38779 0.49882 -0.2516 -0.13245 0.58114 -0.13979 -0.66392 0.3218 0.35138 0.37346 0.70857 0.43339 -0.18359 1.7049 0.10267 -0.37952 0.33583 0.19917 -0.33893 -1.2667 -0.011259 0.83463 -0.14993 -0.13931 0.24297 -0.22334 -0.46244 0.53481 -0.23889 -0.17298 0.52748 -0.56051 -0.35783 0.66836 0.14204 0.075727 -0.44825 -0.36409 -0.35273 -0.71321 -0.14912 0.40095 -0.35704 0.55478 -0.38547 -1.9744 0.018177 -0.43355 2.2304 0.48014 0.50102 -0.72207 -1.1078 0.66829 -0.56571 -0.068312 0.26556 0.029946 0.78739 -0.19843 0.27247 0.29646 0.88368 -0.45316 0.10628 -0.60375 -0.22026 0.17801 -0.37431 0.73622 0.55096 0.47428 -0.46101 -0.27068 -1.0666 -1.5399 0.46159 -0.45909 -0.11978 -0.078589 -0.085481 0.18648 0.11012 -0.70056 -0.080856 -0.13587 0.57279 -0.049566 0.68103 -0.51854
CLR	-0.71072 0.26969 0.011343 -0.50306 0.22799 0.048238 -0.16946 -0.67831 -0.029765 0.81859 0.56912 -0.11933 -0.85129 -1.0713 1.3071 -0.16071 -0.37699 0.70574 0.13861 1.4737 -0.50018 1.3455 -0.34256 1.1802 -1.2661 0.60588 0.013734 -0.54276 0.98786 -0.67467 0.56752 0.45872 0.10139 -0.53911 -0.12723 -0.69843 1.4363 -0.4981 -0.0066272 0.75659 -0.55105 -1.1536 -0.13098 -0.44077 0.2047 -0.7563 -0.19571 -0.56142 -0.32264 0.61653 -0.0094224 -0.66637 0.16225 -0.12073 -0.57002 -0.26426 -0.98857 0.45515 0.05058 -0.8443 -0.63136 -1.0843 -0.20156 -0.71212 -1.3536 0.21175 -0.60432 -0.57597 -1.4035 0.59844 -1.0472 0.60143 0.61941 0.76461 0.28133 -1.5221 1.6579 -0.23334 0.47446 -0.54021 0.21002 -0.50729 1.7669 0.29556 -0.0254 0.27799 1.0055 -1.0935 1.3024 1.4447 0.9371 -0.35902 0.7004 -0.24443 -1.5735 0.98874 0.12426 -0.91663 -0.051924 -0.12663

Build	0.36471 0.96526 -0.53712 0.35132 -0.019328 -0.90084 -0.41062 0.051517 -0.077505 0.99241 0.061337 -0.0077562 -0.0064564 -0.37325 -0.209 -0.75209 0.6611 0.64706 -0.36124 0.29212 0.35783 -0.0023795 -0.28401 -0.31992 -0.13319 -0.7276 -0.4256 -0.20717 0.20036 0.35106 -0.52132 0.63143 0.21176 -0.13702 0.37916 0.33258 0.41027 -0.40844 -0.11708 0.37214 0.040268 -0.44453 -0.091373 -0.42895 0.09765 0.16107 0.27917 0.20819 0.13728 -0.6852 -0.58213 0.042097 0.27152 0.99303 0.40922 -2.5097 0.085356 -0.39861 1.6358 -0.30575 -0.4199 0.40068 0.05328 0.31888 0.60673 0.53624 -0.06232 0.69876 -0.028126 -0.72308 1.0493 -0.065311 -0.23949 -0.91142 0.41964 -0.076004 0.23226 0.23908 -0.69078 0.74879 0.94654 0.29539 -0.31577 0.52663 -0.34336 0.92644 0.7092 0.12332 -0.38014 0.24789 0.15236 -0.24175 0.13802 -0.69002 -0.32167 -0.48562 -0.059369 -0.50038 1.0222 0.40846
Identifier	-0.50723 0.030067 0.99343 -0.42255 -0.22544 -0.01075 -0.99101 -0.12486 0.42112 -0.062958 0.33435 -1.3347 0.51336 -0.59312 0.44825 0.3575 1.8027 0.50075 -0.55091 -0.42801 -0.64525 -0.10499 -0.91038 -0.30933 0.58623 -1.0178 0.66429 0.63713 -0.26915 -0.55247 -0.11177 0.21272 0.24219 0.66144 0.69236 -0.022954 0.15652 0.3888 0.71266 -0.39817 0.62277 0.38191 0.60889 1.274 0.21931 0.81633 0.24019 0.1501 -0.56854 0.033845 0.84082 0.3136 0.31803 0.49278 0.098975 -0.02029 0.44647 -0.41722 0.88566 0.13763 0.063134 0.077809 0.7068 0.14068 0.20479 -0.88797 -0.48561 -1.1977 0.44428 0.3489 -1.4233 -0.42704 0.17202 0.30043 0.64821 -0.31406 -0.39567 -0.59087 -0.5527 -0.2627 -0.30012 -1.2017 -1.3145 -0.94888 0.317 1.0827 0.40228 -0.52164 -0.33517 0.69458 -0.25269 0.95126 -0.63158 -0.38179 0.9754 0.62551 0.38799 -0.29322 -0.79924 -0.30396

creating	-0.031015 0.054008 -0.13713 0.55027 1.3047 0.14545 -0.58466 -0.37105 0.27294 0.02427 -0.22284 -0.5627 -0.36697 -0.68697 0.32454 -0.41468 0.13965 0.19269 0.3211 -0.15763 -0.39343 0.27776 0.28232 -0.61405 -0.093915 -0.33638 -0.29742 -0.19099 -0.52818 0.1358 -0.035663 0.21475 -0.32266 -0.92795 0.21258 -0.77102 0.24954 -0.40767 -0.41437 0.044284 -0.18685 0.13792 -0.22548 -0.0299 0.057159 0.17507 -0.011343 0.18816 -0.5558 -0.67243 -0.10709 -0.19397 -0.41525 1.0147 -0.21818 -2.5536 0.81191 -0.047804 1.2018 0.41491 -0.17587 0.77874 -0.10727 0.12206 0.68563 0.067978 0.43574 -0.082012 0.39053 -0.53154 0.35799 0.043673 -0.39795 -0.29971 0.16882 0.22397 0.074801 -0.029316 -0.60451 0.44741 0.50584 0.12058 -0.23961 0.29645 -0.95874 0.62642 0.052604 -0.33188 -0.16234 -0.10458 0.16884 -0.038864 -0.22567 -0.60015 0.14644 -0.37848 -0.065008 -0.57827 0.84409 0.25542
TestSuite	
Wizard	0.30943 -0.027142 0.57865 -0.66131 -0.37233 0.40766 -0.28125 0.19348 -0.63497 -0.15076 0.51541 -0.29725 -0.44139 -0.18555 -0.050061 0.23124 0.72155 0.48756 -0.11408 0.27156 -0.11943 -0.59162 -0.41341 -0.58532 0.72202 0.57366 -0.045198 -0.10238 -0.73343 0.17508 0.19473 0.20816 -0.71834 -0.498 -0.28099 0.068696 -0.45862 -0.085602 0.61675 -0.67167 -0.4965 0.9813 0.049607 -0.33754 0.3795 0.013658 -0.24706 0.27496 1.0845 0.31973 -0.61015 0.4988 0.80413 0.6645 0.38931 -1.1298 -0.64792 0.81243 -0.25604 0.24574 0.33378 0.6617 -0.60108 0.48613 -0.055998 -0.12294 0.66535 0.083019 0.34038 -0.046341 0.21789 -0.40441 -0.6909 0.23113 -0.71145 0.43484 0.29558 0.061657 0.40441 -0.46717 0.31722 0.24555 -0.27227 0.0086042 -0.80633 1.0741 -0.28451 -0.53425 1.1546 -0.058712 -0.2407 0.43571 0.69136 -0.12494 0.80896 -0.69991 0.15549 -0.49105 -0.28633 -0.18998
generated	-0.3551 0.61159 0.40354 -0.30346 1.0204 0.28777 0.046816 -0.034553 -0.12893 -0.074249 0.10727 -0.19479 -0.063523 -0.75027 0.42715 -0.45633 -0.76172 0.77323 0.68187 0.21066 0.29408 -0.12553 -0.15135 0.30839 -0.48917 -0.52404 0.59371 1.2664 -0.30907 -0.5762 0.27514 0.50777 -0.39062 0.25757 -0.0893 -0.15103 0.21133 -0.27879 -0.68349 -0.02852 -0.0058575 -0.58701 -0.66566 0.18448 0.41667 -0.33647 0.13862 0.057642 0.54401 -0.76234 0.0050293 -0.23999 0.43087 0.52381 0.50685 -1.4791 0.12117 0.032154 1.1894 -0.015932 0.33613 0.52273 -0.23071 -0.052039 0.74722 0.50197 0.36436 -0.43899 1.0721 -0.27032 0.377 0.24054 0.055657 0.3126 0.11249 0.43645 0.66034 -0.53341 -1.2267 0.98209 0.60627 -0.062013 -0.66081 -0.33519 -0.94121 0.20608 0.44721 -0.68628 -0.15486 -0.63342 -0.46402 0.079585 -0.57796 -0.57387 0.58384 -0.083883 -0.024405 -0.31712 0.52271 -0.41126
suite	-0.4436 0.19688 0.99827 0.99931 0.19731 1.0336 0.992 0.73059 -0.47035 0.39132 1.0063 -0.0966 -0.64569 0.064576 -0.49931 0.13823 0.089993 0.73707 -0.0033762 -0.18093 -0.69246 -0.54141 0.066931 -0.25585 0.0095627 -0.47255 -0.0059987 0.19287 -0.6588 -0.51405 -0.0057988 0.32284 0.0082628 0.67837 0.37542 1.4273 0.11143 -0.21912 0.92281 -1.0467 0.97241 -0.23228 0.0067625 -0.034785 0.42492 -0.092361 -1.0731 0.18978 0.58674 0.84034 -0.49452 0.22775 -0.19133 -0.26757 0.087752 -1.9626 0.4546 -0.3284 0.67717 0.49038 -0.50413 0.23826 -0.21062 -0.18155 -0.692 -0.32688 1.1672 -0.43546 0.84263 -0.096726 -0.10825 0.22678 -0.38269 -0.30875 -0.21366 -0.013037 0.050104 0.60778 0.22356 -0.41992 -0.23514 -0.11508 0.27767 -0.044257 -0.7614 0.89958 0.69019 -1.117 -0.06496 -0.095988 0.28394 -0.080086 0.64667 0.30392 0.3821 0.65557 0.1559 -0.76706 0.98443 0.18758
method	-0.41796 0.53241 -0.33693 0.69262 0.068686 -0.087566 0.27663 -0.071203 -0.3353 0.33365 -0.52407 -0.53341 0.04046 -0.16659 0.45481 -0.34785 0.24926 0.022734 0.4212 0.0062452 -0.13359 -0.51309 0.21382 -0.24943 -0.36553 -0.01069 0.25961 -0.2909 -0.7678 0.037387 -0.46895 0.89278 -0.53101 -0.38841 0.35913 -0.4793 -0.33601 -0.20371 0.39182 -0.95175 -0.62779 0.17753 -0.035282 -0.12463 -0.84179 -0.34632 -0.19631 -0.84428 -0.54253 -0.19322 0.25287 -0.01299 -0.0014 1.4574 -0.76291 -1.5731 -0.23982 0.22269 0.87785 -0.034078 -0.036702 -0.31008 0.80324 0.61032 1.3546 -0.14522 -0.19501 -0.68654 -0.096186 -0.50487 -1.0144 0.37278 0.63403 0.66473 0.33144 -0.62283 -0.11496 -0.60323 -0.46632 -0.17908 0.23923 0.25257 -1.1826 -0.60126 -1.8759 0.92491 0.87735 -0.62709 -0.26522 -0.10025 -0.58459 0.12821 0.3471 0.52632 0.74769 -0.33396 -0.36954 -0.75431 0.34056 0.28563
creates	-0.26886 0.37902 0.26907 0.015512 0.79042 -0.0025096 -0.71357 -0.072211 0.46796 -0.22859 -0.38289 -0.21814 -0.47193 -0.52782 0.27955 0.23063 -0.19137 0.42291 0.44423 0.11398 -0.39476 -0.29063 0.13031 -0.38057 0.19518 -0.30567 -0.26989 -0.13813 -0.41025 -0.64449 -0.10557 0.97981 -0.52911 -0.54226 -0.16162 -0.45677 0.20037 -0.35093 -0.043338 -0.21883 -0.07708 0.18225 -0.27402 -0.43495 -0.056576 -0.18819 -0.18484 0.41994 -0.38333 -0.11034 0.14162 -0.39531 -0.30478 0.49959 0.23378 -1.9971 0.56022 -0.2377 0.6591 0.253 0.14607 0.3952 0.11104 -0.12382 0.60394 -0.031694 0.60519 -0.68186 0.28366 -0.41565 0.65629 -0.4475 -0.006283 0.37265 1.078 0.17146 0.30769 -0.59818 -0.33339 0.52999 0.40846 0.032894 -0.53473 0.29106 -0.64813 0.2777 -0.0012583 -0.32131 0.50885 -0.098677 0.083529 0.080538 -0.1774 -0.72777 0.8703 0.29355 0.11555 -0.80186 0.31326 0.38759
TestSuite	
fixed	-0.22854 0.29302 -0.018262 0.68466 0.058217 -0.6316 -0.80372 0.12537 0.084838 0.21244 -0.026269 0.70218 0.44812 0.41498 0.95576 -0.95814 -0.47356 0.55094 0.88055 -0.84682 0.30529 -0.29999 0.094018 0.26647 0.68246 -1.011 -0.028228 -0.14043 -0.40209 0.16928 0.44969 0.37961 -0.055716 -0.18279 0.78879 0.14137 -0.014485 0.042868 0.39777 -0.72547 0.99108 -0.53029 0.38054 0.22057 -0.52366 0.040634 -0.27015 -0.40913 -0.18147 -0.86651 0.13798 -0.40806 0.19116 0.70889 0.28485 -1.4105 0.50255 0.10527 1.9485 0.78337 0.32547 -0.010607 -0.60055 0.62572 0.38096 0.012558 -0.34573 -0.073152 0.38062 0.094483 -0.42103 -0.32339 0.632 -0.13039 0.38748 -0.98862 -0.14716 -0.14362 -0.59563 -0.52154 0.92095 -0.20401 -0.38381 -0.74214 -0.56772 0.05406 0.027712 -0.13511 0.18785 -0.045253 -0.90564 0.18279 0.41653 -0.47595 -0.30505 -0.050141 0.3641 -0.15219 0.35202 -0.0081126
Test	-0.58342 0.48631 0.7423 0.17875 -1.5873 -0.37499 0.37902 0.70767 -1.5402 0.74851 -0.0069018 -0.44981 -0.11125 0.17395 0.26005 0.27065 0.78731 0.84877 -0.099277 0.017688 0.44389 -0.873 0.4964 -0.1843 0.24894 0.24073 0.08446 0.070786 -0.23216 0.26685 -0.23519 0.45211 -0.39982 0.24936 0.73548 -0.072352 -0.81008 -0.15256 -1.0313 0.23067 -1.1634 0.20387 0.42369 -1.0589 0.29905 0.20036 0.63371 -0.57507 -0.4373 -0.55908 0.50811 0.32673 -0.4371 1.0702 -0.10418 -2.4432 -1.0739 0.10881 1.5446 -0.15633 -0.37779 0.15111 0.58397 0.5498 0.23775 0.8869 -0.1022 -0.041313 -0.19496 -0.1376 -0.00013191 0.6949 0.06623 -0.25647 -0.10539 0.5695 0.17414 -0.59899 -0.86757 -0.31254 0.5456 -0.092359 -0.12294 -0.19419 -1.9168 -0.044395 0.68561 0.2003 -0.37791 0.67436 -0.77218 0.49596 0.005819 0.53833 0.33367 0.97822 0.31984 -0.12619 -0.017724 0.18389
Suite	-0.4436 0.19688 0.99827 0.99931 0.19731 1.0336 0.992 0.73059 -0.47035 0.39132 1.0063 -0.0966 -0.64569 0.064576 -0.49931 0.13823 0.089993 0.73707 -0.0033762 -0.18093 -0.69246 -0.54141 0.066931 -0.25585 0.0095627 -0.47255 -0.0059987 0.19287 -0.6588 -0.51405 -0.0057988 0.32284 0.0082628 0.67837 0.37542 1.4273 0.11143 -0.21912 0.92281 -1.0467 0.97241 -0.23228 0.0067625 -0.034785 0.42492 -0.092361 -1.0731 0.18978 0.58674 0.84034 -0.49452 0.22775 -0.19133 -0.26757 0.087752 -1.9626 0.4546 -0.3284 0.67717 0.49038 -0.50413 0.23826 -0.21062 -0.18155 -0.692 -0.32688 1.1672 -0.43546 0.84263 -0.096726 -0.10825 0.22678 -0.38269 -0.30875 -0.21366 -0.013037 0.050104 0.60778 0.22356 -0.41992 -0.23514 -0.11508 0.27767 -0.044257 -0.7614 0.89958 0.69019 -1.117 -0.06496 -0.095988 0.28394 -0.080086 0.64667 0.30392 0.3821 0.65557 0.1559 -0.76706 0.98443 0.18758
Test	-0.58342 0.48631 0.7423 0.17875 -1.5873 -0.37499 0.37902 0.70767 -1.5402 0.74851 -0.0069018 -0.44981 -0.11125 0.17395 0.26005 0.27065 0.78731 0.84877 -0.099277 0.017688 0.44389 -0.873 0.4964 -0.1843 0.24894 0.24073 0.08446 0.070786 -0.23216 0.26685 -0.23519 0.45211 -0.39982 0.24936 0.73548 -0.072352 -0.81008 -0.15256 -1.0313 0.23067 -1.1634 0.20387 0.42369 -1.0589 0.29905 0.20036 0.63371 -0.57507 -0.4373 -0.55908 0.50811 0.32673 -0.4371 1.0702 -0.10418 -2.4432 -1.0739 0.10881 1.5446 -0.15633 -0.37779 0.15111 0.58397 0.5498 0.23775 0.8869 -0.1022 -0.041313 -0.19496 -0.1376 -0.00013191 0.6949 0.06623 -0.25647 -0.10539 0.5695 0.17414 -0.59899 -0.86757 -0.31254 0.5456 -0.092359 -0.12294 -0.19419 -1.9168 -0.044395 0.68561 0.2003 -0.37791 0.67436 -0.77218 0.49596 0.005819 0.53833 0.33367 0.97822 0.31984 -0.12619 -0.017724 0.18389
Suite	-0.4436 0.19688 0.99827 0.99931 0.19731 1.0336 0.992 0.73059 -0.47035 0.39132 1.0063 -0.0966 -0.64569 0.064576 -0.49931 0.13823 0.089993 0.73707 -0.0033762 -0.18093 -0.69246 -0.54141 0.066931 -0.25585 0.0095627 -0.47255 -0.0059987 0.19287 -0.6588 -0.51405 -0.0057988 0.32284 0.0082628 0.67837 0.37542 1.4273 0.11143 -0.21912 0.92281 -1.0467 0.97241 -0.23228 0.0067625 -0.034785 0.42492 -0.092361 -1.0731 0.18978 0.58674 0.84034 -0.49452 0.22775 -0.19133 -0.26757 0.087752 -1.9626 0.4546 -0.3284 0.67717 0.49038 -0.50413 0.23826 -0.21062 -0.18155 -0.692 -0.32688 1.1672 -0.43546 0.84263 -0.096726 -0.10825 0.22678 -0.38269 -0.30875 -0.21366 -0.013037 0.050104 0.60778 0.22356 -0.41992 -0.23514 -0.11508 0.27767 -0.044257 -0.7614 0.89958 0.69019 -1.117 -0.06496 -0.095988 0.28394 -0.080086 0.64667 0.30392 0.3821 0.65557 0.1559 -0.76706 0.98443 0.18758

TestSuite	
suite	-0.4436 0.19688 0.99827 0.99931 0.19731 1.0336 0.992 0.73059 -0.47035 0.39132 1.0063 -0.0966 -0.64569 0.064576 -0.49931 0.13823 0.089993 0.73707 -0.0033762 -0.18093 -0.69246 -0.54141 0.066931 -0.25585 0.0095627 -0.47255 -0.0059987 0.19287 -0.6588 -0.51405 -0.0057988 0.32284 0.0082628 0.67837 0.37542 1.4273 0.11143 -0.21912 0.92281 -1.0467 0.97241 -0.23228 0.0067625 -0.034785 0.42492 -0.092361 -1.0731 0.18978 0.58674 0.84034 -0.49452 0.22775 -0.19133 -0.26757 0.087752 -1.9626 0.4546 -0.3284 0.67717 0.49038 -0.50413 0.23826 -0.21062 -0.18155 -0.692 -0.32688 1.1672 -0.43546 0.84263 -0.096726 -0.10825 0.22678 -0.38269 -0.30875 -0.21366 -0.013037 0.050104 0.60778 0.22356 -0.41992 -0.23514 -0.11508 0.27767 -0.044257 -0.7614 0.89958 0.69019 -1.117 -0.06496 -0.095988 0.28394 -0.080086 0.64667 0.30392 0.3821 0.65557 0.1559 -0.76706 0.98443 0.18758
TestSuite	
Test	-0.58342 0.48631 0.7423 0.17875 -1.5873 -0.37499 0.37902 0.70767 -1.5402 0.74851 -0.0069018 -0.44981 -0.11125 0.17395 0.26005 0.27065 0.78731 0.84877 -0.099277 0.017688 0.44389 -0.873 0.4964 -0.1843 0.24894 0.24073 0.08446 0.070786 -0.23216 0.26685 -0.23519 0.45211 -0.39982 0.24936 0.73548 -0.072352 -0.81008 -0.15256 -1.0313 0.23067 -1.1634 0.20387 0.42369 -1.0589 0.29905 0.20036 0.63371 -0.57507 -0.4373 -0.55908 0.50811 0.32673 -0.4371 1.0702 -0.10418 -2.4432 -1.0739 0.10881 1.5446 -0.15633 -0.37779 0.15111 0.58397 0.5498 0.23775 0.8869 -0.1022 -0.041313 -0.19496 -0.1376 -0.00013191 0.6949 0.06623 -0.25647 -0.10539 0.5695 0.17414 -0.59899 -0.86757 -0.31254 0.5456 -0.092359 -0.12294 -0.19419 -1.9168 -0.044395 0.68561 0.2003 -0.37791 0.67436 -0.77218 0.49596 0.005819 0.53833 0.33367 0.97822 0.31984 -0.12619 -0.017724 0.18389
fullyqualified	
package	-0.57239 0.73942 0.64488 -0.39172 0.42011 -0.63556 0.55621 0.43577 0.14266 0.27698 0.53763 0.20109 -0.70893 0.054355 -0.066039 0.63021 0.19783 -0.21876 -0.35033 -0.33057 -0.41965 -0.093528 -0.68233 -0.32898 0.017718 0.23826 -0.35661 0.33072 -1.3792 -0.37548 0.12684 0.96906 -0.52238 -0.51633 0.1191 0.46801 0.52202 -0.40862 -0.33416 -0.55277 0.31249 -1.0608 0.87087 0.18658 -0.05955 -0.20466 -0.4748 -0.2176 -0.0077453 -0.31853 0.0072747 0.4189 0.35346 0.77688 -0.18934 -1.9298 -0.05506 -0.30739 1.8154 0.27948 0.1676 0.32624 -0.31924 -0.37692 0.092453 -0.33507 -0.72009 0.46593 0.27382 -1.1385 0.42382 -0.42438 -0.72656 0.33328 0.25856 1.1144 -0.3163 0.49774 -0.58307 -0.088606 0.12847 -0.39836 0.25909 -1.0248 -1.06 0.29581 0.74005 -0.11144 -0.83442 -0.52277 0.022073 0.40113 -0.43538 -0.68905 -0.25778 0.29121 0.55502 0.30792 1.4968 -0.35021
Test	-0.58342 0.48631 0.7423 0.17875 -1.5873 -0.37499 0.37902 0.70767 -1.5402 0.74851 -0.0069018 -0.44981 -0.11125 0.17395 0.26005 0.27065 0.78731 0.84877 -0.099277 0.017688 0.44389 -0.873 0.4964 -0.1843 0.24894 0.24073 0.08446 0.070786 -0.23216 0.26685 -0.23519 0.45211 -0.39982 0.24936 0.73548 -0.072352 -0.81008 -0.15256 -1.0313 0.23067 -1.1634 0.20387 0.42369 -1.0589 0.29905 0.20036 0.63371 -0.57507 -0.4373 -0.55908 0.50811 0.32673 -0.4371 1.0702 -0.10418 -2.4432 -1.0739 0.10881 1.5446 -0.15633 -0.37779 0.15111 0.58397 0.5498 0.23775 0.8869 -0.1022 -0.041313 -0.19496 -0.1376 -0.00013191 0.6949 0.06623 -0.25647 -0.10539 0.5695 0.17414 -0.59899 -0.86757 -0.31254 0.5456 -0.092359 -0.12294 -0.19419 -1.9168 -0.044395 0.68561 0.2003 -0.37791 0.67436 -0.77218 0.49596 0.005819 0.53833 0.33367 0.97822 0.31984 -0.12619 -0.017724 0.18389
Suite	-0.4436 0.19688 0.99827 0.99931 0.19731 1.0336 0.992 0.73059 -0.47035 0.39132 1.0063 -0.0966 -0.64569 0.064576 -0.49931 0.13823 0.089993 0.73707 -0.0033762 -0.18093 -0.69246 -0.54141 0.066931 -0.25585 0.0095627 -0.47255 -0.0059987 0.19287 -0.6588 -0.51405 -0.0057988 0.32284 0.0082628 0.67837 0.37542 1.4273 0.11143 -0.21912 0.92281 -1.0467 0.97241 -0.23228 0.0067625 -0.034785 0.42492 -0.092361 -1.0731 0.18978 0.58674 0.84034 -0.49452 0.22775 -0.19133 -0.26757 0.087752 -1.9626 0.4546 -0.3284 0.67717 0.49038 -0.50413 0.23826 -0.21062 -0.18155 -0.692 -0.32688 1.1672 -0.43546 0.84263 -0.096726 -0.10825 0.22678 -0.38269 -0.30875 -0.21366 -0.013037 0.050104 0.60778 0.22356 -0.41992 -0.23514 -0.11508 0.27767 -0.044257 -0.7614 0.89958 0.69019 -1.117 -0.06496 -0.095988 0.28394 -0.080086 0.64667 0.30392 0.3821 0.65557 0.1559 -0.76706 0.98443 0.18758
Test	-0.58342 0.48631 0.7423 0.17875 -1.5873 -0.37499 0.37902 0.70767 -1.5402 0.74851 -0.0069018 -0.44981 -0.11125 0.17395 0.26005 0.27065 0.78731 0.84877 -0.099277 0.017688 0.44389 -0.873 0.4964 -0.1843 0.24894 0.24073 0.08446 0.070786 -0.23216 0.26685 -0.23519 0.45211 -0.39982 0.24936 0.73548 -0.072352 -0.81008 -0.15256 -1.0313 0.23067 -1.1634 0.20387 0.42369 -1.0589 0.29905 0.20036 0.63371 -0.57507 -0.4373 -0.55908 0.50811 0.32673 -0.4371 1.0702 -0.10418 -2.4432 -1.0739 0.10881 1.5446 -0.15633 -0.37779 0.15111 0.58397 0.5498 0.23775 0.8869 -0.1022 -0.041313 -0.19496 -0.1376 -0.00013191 0.6949 0.06623 -0.25647 -0.10539 0.5695 0.17414 -0.59899 -0.86757 -0.31254 0.5456 -0.092359 -0.12294 -0.19419 -1.9168 -0.044395 0.68561 0.2003 -0.37791 0.67436 -0.77218 0.49596 0.005819 0.53833 0.33367 0.97822 0.31984 -0.12619 -0.017724 0.18389
Suite	-0.4436 0.19688 0.99827 0.99931 0.19731 1.0336 0.992 0.73059 -0.47035 0.39132 1.0063 -0.0966 -0.64569 0.064576 -0.49931 0.13823 0.089993 0.73707 -0.0033762 -0.18093 -0.69246 -0.54141 0.066931 -0.25585 0.0095627 -0.47255 -0.0059987 0.19287 -0.6588 -0.51405 -0.0057988 0.32284 0.0082628 0.67837 0.37542 1.4273 0.11143 -0.21912 0.92281 -1.0467 0.97241 -0.23228 0.0067625 -0.034785 0.42492 -0.092361 -1.0731 0.18978 0.58674 0.84034 -0.49452 0.22775 -0.19133 -0.26757 0.087752 -1.9626 0.4546 -0.3284 0.67717 0.49038 -0.50413 0.23826 -0.21062 -0.18155 -0.692 -0.32688 1.1672 -0.43546 0.84263 -0.096726 -0.10825 0.22678 -0.38269 -0.30875 -0.21366 -0.013037 0.050104 0.60778 0.22356 -0.41992 -0.23514 -0.11508 0.27767 -0.044257 -0.7614 0.89958 0.69019 -1.117 -0.06496 -0.095988 0.28394 -0.080086 0.64667 0.30392 0.3821 0.65557 0.1559 -0.76706 0.98443 0.18758

nice	-0.18554 0.047152 0.34867 -0.23114 -0.26083 0.63108 0.55687 0.61622 -0.15437 -0.38381 0.12445 -0.26999 -0.29196 0.1125 0.36035 0.70689 -0.33891 -0.2695 0.17481 0.97048 0.23014 0.63168 -0.24543 -0.7289 0.32517 -0.21118 -0.80354 -0.59863 -0.10182 -0.87826 -0.80162 0.20999 0.64598 -0.38239 0.64512 0.73046 -0.19881 0.35717 0.19135 -0.43686 0.75956 -0.66431 0.34509 -1.0383 -0.50491 0.19976 -0.041208 0.16952 0.17821 -0.84249 0.21992 -0.16474 -0.24669 0.34117 -0.59713 -2.3434 0.31484 0.69668 0.53368 -0.62857 -0.197 0.52241 -1.5903 -0.16475 0.62553 -0.094116 0.0070705 0.22617 -0.45698 -0.53268 0.11573 -0.19052 0.28086 -0.5591 0.35291 0.42552 0.47334 -0.41046 0.47275 0.22753 -0.097073 -0.11809 -0.25613 -0.10689 -1.2788 -0.085504 0.20205 0.23338 -0.52939 -0.49492 0.15289 -0.31324 0.41248 -0.10425 -0.65246 0.48348 -0.54844 0.095473 -0.1142 0.32743
feature	-0.91116 -0.026764 0.26591 -0.28526 0.91879 0.13976 -0.25282 0.18772 -0.28782 -0.27082 0.2389 -0.75439 0.39858 -0.11712 0.32608 0.44496 0.36097 0.024492 0.10213 0.33983 0.06928 -0.45241 -0.042189 0.23599 1.094 -0.52097 0.28728 0.14847 -0.42171 -0.14211 -0.42844 0.36247 -0.4625 0.057993 0.66232 -0.020079 0.077952 -0.17472 -0.27419 -0.33436 0.61372 0.24143 -0.17167 0.4643 0.36162 0.22905 -0.11615 -0.73688 0.071576 -0.10558 -0.15059 -0.089606 0.069489 0.54274 0.53424 -2.3389 -0.26739 0.29564 1.241 -0.10111 -0.54936 1.6074 0.30479 -0.042829 1.2764 -0.44562 0.30109 0.13242 0.30899 -0.096764 -0.00067997 0.40795 0.059851 0.36128 -0.089439 0.094677 0.1005 0.43093 0.18416 -0.54541 -0.34435 -0.62816 0.24483 -0.34028 -1.3099 0.269 -0.033387 -0.34174 0.16189 0.056689 -0.19263 0.083543 0.12784 -0.21509 -0.23674 -0.054159 -0.58901 -0.6139 1.1305 0.51607
testsuite	
created	0.056525 -0.18148 -0.20936 -0.070561 0.95013 0.17602 -0.070017 -0.15964 0.047953 -0.38843 -0.044277 -0.52962 0.29647 -0.2411 0.39247 -0.13195 0.7705 0.49644 -0.55179 -0.16028 -0.22651 -0.3008 0.51691 -0.31662 -0.060479 -0.81213 -0.13141 0.0066376 -0.29525 -0.23555 0.37093 0.67933 -0.45026 -0.34164 -0.24077 -0.22571 0.13249 -0.11855 -0.33498 -0.38785 -0.12861 0.09697 -0.3969 -0.19937 0.31318 -0.058941 -0.030812 -0.081864 0.099476 -0.24611 -0.43853 0.047988 0.15537 0.69702 0.010567 -2.7869 -0.0037619 -0.10836 0.75486 0.42012 0.1434 1.0492 -0.10554 0.33441 1.3263 -0.32001 0.053685 0.13923 0.62683 -0.1209 0.85711 0.14897 -0.46904 0.11087 0.15238 -0.056619 0.33403 0.27947 -0.86069 0.46684 0.23539 -0.1794 -0.15249 0.46176 -1.062 0.28963 6.8021e-06 -0.65815 0.059446 -0.42393 0.090936 -0.25033 -0.32441 -0.012409 0.26815 0.063334 -0.15215 -0.6276 0.22948 -0.44526
package	-0.57239 0.73942 0.64488 -0.39172 0.42011 -0.63556 0.55621 0.43577 0.14266 0.27698 0.53763 0.20109 -0.70893 0.054355 -0.066039 0.63021 0.19783 -0.21876 -0.35033 -0.33057 -0.41965 -0.093528 -0.68233 -0.32898 0.017718 0.23826 -0.35661 0.33072 -1.3792 -0.37548 0.12684 0.96906 -0.52238 -0.51633 0.1191 0.46801 0.52202 -0.40862 -0.33416 -0.55277 0.31249 -1.0608 0.87087 0.18658 -0.05955 -0.20466 -0.4748 -0.2176 -0.0077453 -0.31853 0.0072747 0.4189 0.35346 0.77688 -0.18934 -1.9298 -0.05506 -0.30739 1.8154 0.27948 0.1676 0.32624 -0.31924 -0.37692 0.092453 -0.33507 -0.72009 0.46593 0.27382 -1.1385 0.42382 -0.42438 -0.72656 0.33328 0.25856 1.1144 -0.3163 0.49774 -0.58307 -0.088606 0.12847 -0.39836 0.25909 -1.0248 -1.06 0.29581 0.74005 -0.11144 -0.83442 -0.52277 0.022073 0.40113 -0.43538 -0.68905 -0.25778 0.29121 0.55502 0.30792 1.4968 -0.35021
reflection	-0.3395 0.3269 0.088411 0.49054 -0.27585 0.39824 -0.5787 -0.14691 -0.20588 -0.22722 -0.53531 -0.53007 0.63056 -0.37399 0.58297 -0.16198 -0.77383 0.39935 0.58561 -0.032555 -0.34984 -0.38571 -1.0715 -0.14442 0.39422 0.019785 0.38973 0.61062 0.038653 -0.40487 -0.26018 -0.27803 -0.29164 0.17079 -0.39407 -0.12261 0.48179 0.64046 0.19778 -0.45055 -0.66514 -0.1664 -0.021943 0.28508 -0.97632 -0.25769 0.84104 0.18465 -0.0051343 -0.66626 0.52421 -0.18009 0.013352 0.9467 -0.14467 -1.525 0.9515 0.0326 1.1181 -0.12558 0.32276 0.31402 -0.32177 -0.087225 0.71717 0.31466 0.015123 -0.83754 0.13161 -0.50652 0.1052 0.40968 0.45936 -0.31909 0.12999 0.028432 0.65013 -0.38346 -0.38831 -0.32613 -0.55169 0.60085 -0.026408 0.208 -0.73493 0.036337 -0.2435 0.13217 0.28181 -0.69344 -0.24344 0.028006 -0.20553 0.34779 0.26696 -0.072483 0.040601 -0.76416 -0.84741 0.45093

TestSuite	
suite	-0.4436 0.19688 0.99827 0.99931 0.19731 1.0336 0.992 0.73059 -0.47035 0.39132 1.0063 -0.0966 -0.64569 0.064576 -0.49931 0.13823 0.089993 0.73707 -0.0033762 -0.18093 -0.69246 -0.54141 0.066931 -0.25585 0.0095627 -0.47255 -0.0059987 0.19287 -0.6588 -0.51405 -0.0057988 0.32284 0.0082628 0.67837 0.37542 1.4273 0.11143 -0.21912 0.92281 -1.0467 0.97241 -0.23228 0.0067625 -0.034785 0.42492 -0.092361 -1.0731 0.18978 0.58674 0.84034 -0.49452 0.22775 -0.19133 -0.26757 0.087752 -1.9626 0.4546 -0.3284 0.67717 0.49038 -0.50413 0.23826 -0.21062 -0.18155 -0.692 -0.32688 1.1672 -0.43546 0.84263 -0.096726 -0.10825 0.22678 -0.38269 -0.30875 -0.21366 -0.013037 0.050104 0.60778 0.22356 -0.41992 -0.23514 -0.11508 0.27767 -0.044257 -0.7614 0.89958 0.69019 -1.117 -0.06496 -0.095988 0.28394 -0.080086 0.64667 0.30392 0.3821 0.65557 0.1559 -0.76706 0.98443 0.18758
TestSuite	
Test	-0.58342 0.48631 0.7423 0.17875 -1.5873 -0.37499 0.37902 0.70767 -1.5402 0.74851 -0.0069018 -0.44981 -0.11125 0.17395 0.26005 0.27065 0.78731 0.84877 -0.099277 0.017688 0.44389 -0.873 0.4964 -0.1843 0.24894 0.24073 0.08446 0.070786 -0.23216 0.26685 -0.23519 0.45211 -0.39982 0.24936 0.73548 -0.072352 -0.81008 -0.15256 -1.0313 0.23067 -1.1634 0.20387 0.42369 -1.0589 0.29905 0.20036 0.63371 -0.57507 -0.4373 -0.55908 0.50811 0.32673 -0.4371 1.0702 -0.10418 -2.4432 -1.0739 0.10881 1.5446 -0.15633 -0.37779 0.15111 0.58397 0.5498 0.23775 0.8869 -0.1022 -0.041313 -0.19496 -0.1376 -0.00013191 0.6949 0.06623 -0.25647 -0.10539 0.5695 0.17414 -0.59899 -0.86757 -0.31254 0.5456 -0.092359 -0.12294 -0.19419 -1.9168 -0.044395 0.68561 0.2003 -0.37791 0.67436 -0.77218 0.49596 0.005819 0.53833 0.33367 0.97822 0.31984 -0.12619 -0.017724 0.18389
AllTests	
class	0.44507 1.1348 0.33681 0.033357 -1.0405 0.24413 0.43113 0.041197 -0.81321 1.1462 -0.041166 -0.56681 -0.37751 0.010833 -0.49384 -0.98461 0.2911 0.62519 0.0021157 0.076011 0.57661 -0.42666 0.026943 -0.31422 0.22591 -0.40706 -0.44773 -0.46698 0.071828 0.087351 -0.25286 1.0292 -0.17695 -0.57001 0.69949 0.49922 -0.23905 0.21815 0.067587 0.91464 -0.62297 -0.85661 -0.1409 -0.61247 0.66159 0.090501 0.19563 0.35387 0.18804 0.30706 -0.73807 0.019089 -0.32798 0.51793 -0.003088 -1.7927 0.08279 -0.13564 2.0857 0.16076 -0.41443 0.42641 0.055687 0.03359 0.74283 -0.19547 0.53011 0.19503 0.44296 0.54503 -0.030984 -0.49682 -0.11398 0.085998 -0.046392 0.92739 0.088696 -0.28703 -0.72927 -1.1755 -0.26028 -0.55622 -0.026987 -0.20324 -0.81465 -0.12299 -1.1006 -1.5845 -0.18962 -0.32423 -0.99665 -0.060921 0.43139 0.38787 0.24177 0.29155 -0.080935 -0.70294 0.47778 -0.33316
getPackage	
getName	
Test	-0.58342 0.48631 0.7423 0.17875 -1.5873 -0.37499 0.37902 0.70767 -1.5402 0.74851 -0.0069018 -0.44981 -0.11125 0.17395 0.26005 0.27065 0.78731 0.84877 -0.099277 0.017688 0.44389 -0.873 0.4964 -0.1843 0.24894 0.24073 0.08446 0.070786 -0.23216 0.26685 -0.23519 0.45211 -0.39982 0.24936 0.73548 -0.072352 -0.81008 -0.15256 -1.0313 0.23067 -1.1634 0.20387 0.42369 -1.0589 0.29905 0.20036 0.63371 -0.57507 -0.4373 -0.55908 0.50811 0.32673 -0.4371 1.0702 -0.10418 -2.4432 -1.0739 0.10881 1.5446 -0.15633 -0.37779 0.15111 0.58397 0.5498 0.23775 0.8869 -0.1022 -0.041313 -0.19496 -0.1376 -0.00013191 0.6949 0.06623 -0.25647 -0.10539 0.5695 0.17414 -0.59899 -0.86757 -0.31254 0.5456 -0.092359 -0.12294 -0.19419 -1.9168 -0.044395 0.68561 0.2003 -0.37791 0.67436 -0.77218 0.49596 0.005819 0.53833 0.33367 0.97822 0.31984 -0.12619 -0.017724 0.18389
Suite	-0.4436 0.19688 0.99827 0.99931 0.19731 1.0336 0.992 0.73059 -0.47035 0.39132 1.0063 -0.0966 -0.64569 0.064576 -0.49931 0.13823 0.089993 0.73707 -0.0033762 -0.18093 -0.69246 -0.54141 0.066931 -0.25585 0.0095627 -0.47255 -0.0059987 0.19287 -0.6588 -0.51405 -0.0057988 0.32284 0.0082628 0.67837 0.37542 1.4273 0.11143 -0.21912 0.92281 -1.0467 0.97241 -0.23228 0.0067625 -0.034785 0.42492 -0.092361 -1.0731 0.18978 0.58674 0.84034 -0.49452 0.22775 -0.19133 -0.26757 0.087752 -1.9626 0.4546 -0.3284 0.67717 0.49038 -0.50413 0.23826 -0.21062 -0.18155 -0.692 -0.32688 1.1672 -0.43546 0.84263 -0.096726 -0.10825 0.22678 -0.38269 -0.30875 -0.21366 -0.013037 0.050104 0.60778 0.22356 -0.41992 -0.23514 -0.11508 0.27767 -0.044257 -0.7614 0.89958 0.69019 -1.117 -0.06496 -0.095988 0.28394 -0.080086 0.64667 0.30392 0.3821 0.65557 0.1559 -0.76706 0.98443 0.18758
Test	-0.58342 0.48631 0.7423 0.17875 -1.5873 -0.37499 0.37902 0.70767 -1.5402 0.74851 -0.0069018 -0.44981 -0.11125 0.17395 0.26005 0.27065 0.78731 0.84877 -0.099277 0.017688 0.44389 -0.873 0.4964 -0.1843 0.24894 0.24073 0.08446 0.070786 -0.23216 0.26685 -0.23519 0.45211 -0.39982 0.24936 0.73548 -0.072352 -0.81008 -0.15256 -1.0313 0.23067 -1.1634 0.20387 0.42369 -1.0589 0.29905 0.20036 0.63371 -0.57507 -0.4373 -0.55908 0.50811 0.32673 -0.4371 1.0702 -0.10418 -2.4432 -1.0739 0.10881 1.5446 -0.15633 -0.37779 0.15111 0.58397 0.5498 0.23775 0.8869 -0.1022 -0.041313 -0.19496 -0.1376 -0.00013191 0.6949 0.06623 -0.25647 -0.10539 0.5695 0.17414 -0.59899 -0.86757 -0.31254 0.5456 -0.092359 -0.12294 -0.19419 -1.9168 -0.044395 0.68561 0.2003 -0.37791 0.67436 -0.77218 0.49596 0.005819 0.53833 0.33367 0.97822 0.31984 -0.12619 -0.017724 0.18389
Suite	-0.4436 0.19688 0.99827 0.99931 0.19731 1.0336 0.992 0.73059 -0.47035 0.39132 1.0063 -0.0966 -0.64569 0.064576 -0.49931 0.13823 0.089993 0.73707 -0.0033762 -0.18093 -0.69246 -0.54141 0.066931 -0.25585 0.0095627 -0.47255 -0.0059987 0.19287 -0.6588 -0.51405 -0.0057988 0.32284 0.0082628 0.67837 0.37542 1.4273 0.11143 -0.21912 0.92281 -1.0467 0.97241 -0.23228 0.0067625 -0.034785 0.42492 -0.092361 -1.0731 0.18978 0.58674 0.84034 -0.49452 0.22775 -0.19133 -0.26757 0.087752 -1.9626 0.4546 -0.3284 0.67717 0.49038 -0.50413 0.23826 -0.21062 -0.18155 -0.692 -0.32688 1.1672 -0.43546 0.84263 -0.096726 -0.10825 0.22678 -0.38269 -0.30875 -0.21366 -0.013037 0.050104 0.60778 0.22356 -0.41992 -0.23514 -0.11508 0.27767 -0.044257 -0.7614 0.89958 0.69019 -1.117 -0.06496 -0.095988 0.28394 -0.080086 0.64667 0.30392 0.3821 0.65557 0.1559 -0.76706 0.98443 0.18758
Tests	-0.37906 0.32433 0.21559 0.10914 -1.4685 -0.38792 0.35252 0.93983 -1.3256 0.75604 -0.049175 -0.13989 0.18782 0.69897 0.32758 0.402 0.24233 0.91387 -0.29767 0.14447 0.15447 -0.28095 0.11191 -0.092958 -0.32542 0.081207 0.01346 -0.3358 -0.37062 0.32077 -0.17917 0.06165 -0.78 0.23922 0.82362 0.16467 -0.27358 -0.41899 -1.4241 0.35495 -1.0919 0.10067 -0.091429 -0.78299 -0.094842 0.31715 0.55517 -0.78317 -0.55538 -0.5091 0.72589 0.042896 -0.35815 0.86922 -0.087776 -1.5139 -1.0458 -0.19528 1.2784 0.18363 -0.31651 0.62153 0.79919 0.42065 0.22551 1.1927 -0.22155 -0.18781 0.16301 0.033726 -0.12723 0.61968 0.24009 0.25306 -0.031486 0.60423 0.11976 -0.2717 -1.1865 -0.45172 0.9437 -0.13707 -0.22812 -0.055562 -2.1165 0.034045 0.85824 0.39473 -0.84621 0.67665 -0.77233 0.2391 0.064901 0.60682 0.11541 1.2251 -0.14338 -0.28247 -0.13127 -0.19051
Package	-0.57239 0.73942 0.64488 -0.39172 0.42011 -0.63556 0.55621 0.43577 0.14266 0.27698 0.53763 0.20109 -0.70893 0.054355 -0.066039 0.63021 0.19783 -0.21876 -0.35033 -0.33057 -0.41965 -0.093528 -0.68233 -0.32898 0.017718 0.23826 -0.35661 0.33072 -1.3792 -0.37548 0.12684 0.96906 -0.52238 -0.51633 0.1191 0.46801 0.52202 -0.40862 -0.33416 -0.55277 0.31249 -1.0608 0.87087 0.18658 -0.05955 -0.20466 -0.4748 -0.2176 -0.0077453 -0.31853 0.0072747 0.4189 0.35346 0.77688 -0.18934 -1.9298 -0.05506 -0.30739 1.8154 0.27948 0.1676 0.32624 -0.31924 -0.37692 0.092453 -0.33507 -0.72009 0.46593 0.27382 -1.1385 0.42382 -0.42438 -0.72656 0.33328 0.25856 1.1144 -0.3163 0.49774 -0.58307 -0.088606 0.12847 -0.39836 0.25909 -1.0248 -1.06 0.29581 0.74005 -0.11144 -0.83442 -0.52277 0.022073 0.40113 -0.43538 -0.68905 -0.25778 0.29121 0.55502 0.30792 1.4968 -0.35021

junit	-0.14225 0.16489 -0.09137 0.33503 -0.4008 -0.12113 0.41388 -0.026347 0.066678 0.031439 -0.14368 -0.29147 -0.090829 0.10568 0.079864 0.40644 0.074603 -0.046584 0.3027 0.022547 -0.13167 -0.29984 -0.097379 -0.11357 -0.36089 0.13285 0.089889 0.40256 -0.33994 0.079943 -0.10334 -0.0090251 -0.16961 -0.15117 0.45534 0.027393 -0.0078659 -0.45079 -0.049673 -0.10043 0.15561 0.41995 0.14611 -0.013949 -0.026472 -0.064344 -0.089845 -0.0034123 -0.16341 0.33569 0.034936 0.41483 -0.7703 -0.31049 0.042378 0.53438 0.017809 0.14626 -0.34481 -0.22594 0.092685 -0.5014 0.11725 -0.23767 -0.28638 0.38476 -0.66141 -0.43311 -0.18888 0.019869 -0.085719 0.33861 0.19731 0.45607 -0.17835 0.36922 0.15154 -0.12024 0.13901 -0.053307 -0.10903 -0.033563 0.37802 0.10384 0.5356 0.30715 0.32084 0.52282 -0.19873 0.55076 -0.21415 0.25738 -0.055644 -0.33716 0.43738 0.0059472 0.034375 0.16432 -0.26182 0.58369
label	0.49121 -0.80387 0.35336 -0.52331 0.87641 0.18889 0.4192 -0.77931 0.024622 0.074578 0.82496 -0.33534 0.69628 0.061678 -0.19775 0.38956 1.2127 -0.32839 0.79417 -0.23453 0.045309 -0.035071 -0.17789 -0.41368 -0.5713 1.0833 0.3181 -0.5316 0.42101 -0.26351 0.51979 0.61561 -0.062245 0.77556 -0.18974 0.6268 0.32956 -0.072796 -0.046173 -1.3457 0.66612 0.64844 -0.21829 -0.044417 -0.12115 -0.71728 -0.088261 -0.0087302 0.20128 -0.17474 0.45813 0.3309 -0.42637 0.18385 0.045579 -2.2343 -0.46516 0.42201 0.93865 0.22747 0.75047 0.3936 -0.5561 0.11277 0.89245 -0.68199 0.27636 0.38547 0.43475 -0.66001 -0.10088 0.45655 -0.71182 0.040497 -0.34461 -0.12558 -0.12599 -0.60011 -0.49592 -0.4235 -0.13196 -0.31891 -0.16118 0.81185 -0.77075 -0.2565 0.01496 -0.56208 -0.39106 0.82798 -0.66863 -0.00079252 -0.31453 -0.29963 -0.10432 -0.020599 -1.0236 0.15358 0.96606 -0.45906
changed	0.59014 -0.16524 0.29241 0.21487 -0.17894 -0.096078 0.12266 -0.060071 0.10477 0.10592 0.049439 -0.075033 0.52681 -0.31481 0.15618 -0.68104 -0.039924 0.14993 -0.27383 -0.099363 0.24255 -0.1256 0.21889 0.00096639 -0.19069 -0.32811 0.031624 -0.84373 0.045889 0.071095 0.40193 1.2175 -0.42473 -0.098046 -0.28234 0.34936 -0.13179 -0.35067 -0.39365 -0.68285 -0.14058 -0.81491 0.059576 0.12649 -0.5607 0.090764 0.29091 0.057168 0.10911 -1.4859 0.16127 -0.11542 0.77548 1.205 -0.14691 -1.9732 -0.16329 0.0014997 1.2589 0.50079 0.02999 0.71761 -0.41721 -0.18725 0.55176 -0.11622 -0.30309 -0.13413 0.16841 0.38622 -0.051597 -0.0044127 -0.18865 -0.31188 0.24158 -0.38708 -0.046993 0.32547 -0.48506 -0.23362 -0.5692 -0.50932 -0.19597 -0.097976 -0.95955 -0.1231 -0.31017 -1.0086 -0.37292 0.12004 -0.37904 -0.10555 -0.25156 0.42394 -0.44824 0.1117 -0.50723 -0.031289 -0.06269 0.14181
suite	-0.4436 0.19688 0.99827 0.99931 0.19731 1.0336 0.992 0.73059 -0.47035 0.39132 1.0063 -0.0966 -0.64569 0.064576 -0.49931 0.13823 0.089993 0.73707 -0.0033762 -0.18093 -0.69246 -0.54141 0.066931 -0.25585 0.0095627 -0.47255 -0.0059987 0.19287 -0.6588 -0.51405 -0.0057988 0.32284 0.0082628 0.67837 0.37542 1.4273 0.11143 -0.21912 0.92281 -1.0467 0.97241 -0.23228 0.0067625 -0.034785 0.42492 -0.092361 -1.0731 0.18978 0.58674 0.84034 -0.49452 0.22775 -0.19133 -0.26757 0.087752 -1.9626 0.4546 -0.3284 0.67717 0.49038 -0.50413 0.23826 -0.21062 -0.18155 -0.692 -0.32688 1.1672 -0.43546 0.84263 -0.096726 -0.10825 0.22678 -0.38269 -0.30875 -0.21366 -0.013037 0.050104 0.60778 0.22356 -0.41992 -0.23514 -0.11508 0.27767 -0.044257 -0.7614 0.89958 0.69019 -1.117 -0.06496 -0.095988 0.28394 -0.080086 0.64667 0.30392 0.3821 0.65557 0.1559 -0.76706 0.98443 0.18758
moved	-0.14525 -0.35109 -0.24271 -0.033816 0.10984 0.024604 -0.18661 0.097345 -0.081843 0.1174 0.64248 -0.3279 0.11123 -0.22217 -0.13759 -0.59365 0.52314 0.04563 -0.71929 -0.31937 0.53239 0.78112 0.76643 0.81238 0.32506 -0.44636 -0.061012 -0.81702 0.22445 0.51058 -0.3397 0.71323 -0.2063 0.43715 -0.27384 0.092513 0.10865 -0.26501 -0.25694 0.11714 -0.59972 -1.013 -0.31337 -0.52726 0.37448 0.059976 -0.12698 0.1612 1.111 -0.54276 -0.25628 -0.046812 0.31146 1.0801 -0.34487 -2.2861 -0.71837 -0.65549 0.8738 0.46173 -0.053813 1.1366 -0.29762 -0.1779 0.4726 -0.047153 -0.11591 0.36201 -0.027457 0.94628 -0.17668 -0.30215 -0.59919 -0.72776 0.10371 -0.27761 0.0063904 0.087078 -0.17818 -0.12182 -0.22943 0.16893 -0.28593 0.20821 -0.37382 -0.29943 0.3602 -0.42423 -0.29881 -0.057871 -0.46056 -0.27421 0.23163 0.68507 -1.1406 -0.0033004 0.11194 0.44284 0.55255 -0.18037
package	-0.57239 0.73942 0.64488 -0.39172 0.42011 -0.63556 0.55621 0.43577 0.14266 0.27698 0.53763 0.20109 -0.70893 0.054355 -0.066039 0.63021 0.19783 -0.21876 -0.35033 -0.33057 -0.41965 -0.093528 -0.68233 -0.32898 0.017718 0.23826 -0.35661 0.33072 -1.3792 -0.37548 0.12684 0.96906 -0.52238 -0.51633 0.1191 0.46801 0.52202 -0.40862 -0.33416 -0.55277 0.31249 -1.0608 0.87087 0.18658 -0.05955 -0.20466 -0.4748 -0.2176 -0.0077453 -0.31853 0.0072747 0.4189 0.35346 0.77688 -0.18934 -1.9298 -0.05506 -0.30739 1.8154 0.27948 0.1676 0.32624 -0.31924 -0.37692 0.092453 -0.33507 -0.72009 0.46593 0.27382 -1.1385 0.42382 -0.42438 -0.72656 0.33328 0.25856 1.1144 -0.3163 0.49774 -0.58307 -0.088606 0.12847 -0.39836 0.25909 -1.0248 -1.06 0.29581 0.74005 -0.11144 -0.83442 -0.52277 0.022073 0.40113 -0.43538 -0.68905 -0.25778 0.29121 0.55502 0.30792 1.4968 -0.35021

Reproducible	-0.51645 0.23161 -0.079616 0.72548 -0.055396 -0.009511 0.22077 0.1923 0.22704 0.24177 -0.21814 0.32228 0.62875 0.055258 0.62845 0.54995 -0.34114 0.35424 0.80766 -0.14339 -0.13039 -0.52648 0.21029 -0.072321 -0.45566 0.11036 0.2523 0.13808 -0.23342 -0.16683 -0.24216 -0.6063 -0.7006 -0.25324 0.6185 -0.61714 -0.71893 -0.23433 -0.59683 0.11369 0.65443 0.21142 -0.80109 0.042571 -0.52452 -0.4461 0.84234 -0.42511 -0.37452 -0.20628 0.21404 -0.024846 0.019946 -0.11747 0.48848 0.61188 0.31081 0.77772 -0.021211 -1.1925 -0.18652 -0.29486 -0.46592 0.47433 0.45113 -0.27208 -0.0045973 0.073984 0.56394 -0.56813 -0.3027 -0.037648 0.56445 0.017798 0.36871 -0.23551 0.019864 -0.81032 0.076564 -0.41188 0.057016 0.72952 -0.41497 0.48531 0.047879 -0.0050266 0.87119 0.23499 -0.27597 -0.49756 -0.15521 0.133 0.094632 0.2158 0.18985 0.028505 -0.3245 -0.26337 -0.43667 0.82889

