Bug	-0.42404 -0.11038 0.94873 -0.71327 -0.19712 0.077077 0.96163 -0.35674 0.8292 -0.3676 0.15004 0.62746 0.091752 0.11142 -0.015791 0.84124 0.24467 0.023366 0.54286 -0.068057 -0.87995 -0.59202 0.18641 0.50787 0.55458 0.48448 -0.42383 0.22249 -0.8823 -0.041186 -0.049256 0.31483 0.25182 0.10876 0.45824 -0.12085 -0.96037 -0.69492 0.93473 -0.31937 -0.31673 0.24099 -0.3822 -0.72243 0.18017 0.62991 0.0030923 -0.36699 -0.21576 -0.1654 -0.55928 0.11278 -0.62944 0.56955 -0.59166 -0.92922 0.044769 0.32981 0.697 -0.13983 0.40377 1.7035 -0.68531 0.49846 0.29719 0.27865 -0.18668 -0.93605 0.66117 0.01478 -0.30582 -0.4491 -0.44983 -0.39544 -0.37577 -0.18869 0.06883 -0.04811 -0.33131 1.0204 0.32457 -0.88047 0.018825 -0.303 -0.88685 0.35682 -0.3993 -0.10512 -0.86557 0.37554 0.48771 -0.28133 0.12722 -0.56959 0.33936 0.40162 0.1109 -0.20506 0.18093 -0.23185
Misspelling	0.28399 -0.49717 0.80761 -0.32303 -0.083281 0.76696 0.090129 -0.38541 -0.027934 0.2472 -0.88213 0.76328 0.32681 0.22113 0.41445 0.38226 0.13828 -0.06272 0.037056 0.27694 -0.52077 0.088732 -0.50368 0.53085 -0.020423 0.098065 -0.092643 0.46383 -0.38291 -0.42296 0.21674 0.076533 0.09121 -0.17815 -0.39541 -0.15959 -0.065363 -0.60405 0.35658 0.13169 0.46793 0.68051 0.40172 0.41242 0.12346 0.42292 0.40144 -0.29237 -0.913 -0.47934 0.47528 0.53897 0.009528 -0.051237 -0.90749 0.10695 0.20584 0.088987 -0.73581 -0.24474 0.021505 0.14073 0.3575 0.35849 0.25454 -0.67966 0.34554 -0.71619 -0.1845 -0.73069 -1.2343 0.42654 -0.29319 0.027993 -0.20198 0.35657 0.24949 0.25206 -0.094013 0.26574 -0.87476 -1.1905 -0.35536 0.042332 -0.33665 -0.027956 0.12758 0.11506 0.1204 0.071108 -0.43161 0.21421 0.23968 0.21441 0.61535 -0.2293 0.12757 -0.4658 -0.3715 0.17402
field	-0.10788 0.59699 0.016488 0.097625 -0.085979 -0.15676 0.80516 -0.13578 -1.4836 0.28518 0.30906 -0.55144 0.18377 -0.0023026 -0.02262 -0.035102 0.30888 0.96532 -0.10629 -0.49877 -0.041765 0.35596 0.68933 0.08777 0.12324 -0.13962 -0.16608 0.12485 0.66178 0.42103 -0.80425 0.23145 0.36594 0.26483 0.23219 -0.23883 -1.1873 1.3604 -0.36149 0.34139 0.099304 -0.28042 -0.2282 -0.23718 -0.22206 -0.062012 -0.089407 0.27265 -0.36992 -0.46849 0.12355 -0.26099 -0.27145 1.0958 0.37578 -2.0847 -0.126 -0.34241 1.8977 0.906 -0.2751 0.52267 0.17945 0.68405 1.1316 -0.25346 0.50099 -0.28185 -0.17878 0.83747 -0.10038 -0.11002 0.36584 -0.69662 0.30049 -0.31331 0.61458 -0.11791 -0.36314 0.59324 0.49595 0.57988 -0.79914 -0.25488 -1.0502 -0.079839 0.43479 -0.51662 0.4896 -0.17327 -0.077929 -0.50018 -0.60159 0.0905 -0.22624 0.30536 -0.39251 0.38776 0.24796 0.455
UndoManager	
fOperationHistroy	
Undo	-0.4987 -0.12344 0.09987 0.16282 -0.53217 -0.11323 -0.4623 0.18737 0.50989 0.43842 0.1876 0.70522 -0.15061 -0.32578 -0.28728 0.34291 0.12138 0.34538 -0.28143 0.44318 0.42032 -0.14899 0.15336 0.086262 0.0045744 0.1194 -0.59071 -0.52393 0.10375 -1.0079 0.67452 0.35952 -0.19972 0.30338 -0.9844 -0.1473 -0.31643 -0.88198 -0.29791 0.03676 -0.60847 0.38177 -0.00268 -0.20116 -0.79921 0.058313 0.70692 -0.4702 -0.41744 -0.42875 -0.19714 0.17488 -0.056526 0.18155 0.35353 -0.39111 0.81301 -0.15345 -0.048463 0.12769 -0.33676 0.46405 -0.5783 0.1912 0.26584 0.14211 0.077249 0.16329 -0.21068 -0.99362 0.44361 0.3076 -0.054004 -0.21249 0.09326 -0.68396 -0.61635 -0.17393 -0.12851 0.71336 -0.20795 -0.6302 0.16471 0.44206 -0.60662 0.43018 0.46255 0.038641 -0.72686 -0.63216 0.012743 -0.063668 -0.59994 -0.15153 0.081879 -0.58502 0.59543 -0.31868 -0.075151 0.037542
Manager	0.14024 -0.1865 0.19565 -0.91616 -0.071061 -0.44598 0.36605 -0.012751 -0.45876 -0.2328 0.16235 -0.6195 0.58428 -0.28212 0.19451 -0.97955 0.73128 0.10424 -0.20683 0.66479 -0.11284 0.258 -0.79496 -0.44744 -0.14626 -0.010699 0.35339 -0.31763 -0.11266 0.12718 -0.85551 1.3845 -0.36972 0.22339 -0.47727 0.41869 -0.66461 0.6197 0.41762 -1.3005 1.0075 -0.62002 0.70254 -0.078776 0.49277 0.97985 -0.13796 -0.39827 0.48762 -0.76665 0.29608 -0.61457 -0.47012 0.53916 0.43595 -2.2328 -0.78793 0.16327 0.5532 0.75369 0.11096 -0.25683 -0.48061 0.21908 0.59698 -0.38691 0.9954 0.84731 0.51657 0.63422 -0.29145 0.32014 -0.68682 -1.5089 0.33207 -0.15034 -0.25706 0.45708 -1.1419 0.20653 0.8394 0.053851 -0.56898 -0.35537 -0.49581 -0.06044 -0.52215 0.28946 -0.16602 -0.40245 0.2059 -0.0035898 0.49096 0.66654 0.45047 0.77126 -0.33691 0.81654 0.09251 -0.040469
Operation	-0.62519 -0.49927 -1.013 -0.25522 0.14315 -0.56204 0.21895 0.68548 0.072255 0.6808 0.078628 0.30959 0.78702 -0.096268 -0.46441 -0.28255 0.01921 -0.32853 -0.19727 0.27341 0.41167 -0.059609 -0.55187 -0.043396 -0.070556 0.85635 0.041768 0.12003 -0.057753 -0.29185 -0.28112 -0.17049 0.24114 -0.44996 0.23209 -0.29554 0.022268 0.058345 0.72967 -0.18833 0.41407 0.11725 0.58351 0.043377 0.22709 0.05282 0.2213 -0.50402 0.19878 -0.20094 -0.28029 0.6491 0.37753 1.3912 -0.21674 -2.0192 -0.69795 -0.65766 1.9497 0.64487 -0.24298 0.62013 0.1112 -0.046956 0.62366 0.27632 -0.97491 -0.19763 0.24261 0.33238 0.19016 -0.84799 -0.67326 0.26183 0.48559 -0.22945 -0.0047914 0.96087 -1.12 0.36873 1.3012 0.12604 -0.36698 1.0131 -1.5176 0.53953 1.0257 0.13029 -0.12995 -0.014295 -0.12382 -0.047099 0.12314 0.77085 0.13271 0.059746 0.18041 -0.11415 -0.082016 0.31929
Histroy	

Build	0.36471 0.96526 -0.53712 0.35132 -0.019328 -0.90084 -0.41062 0.051517 -0.077505 0.99241 0.061337 -0.0077562 -0.0064564 -0.37325 -0.209 -0.75209 0.6611 0.64706 -0.36124 0.29212 0.35783 -0.0023795 -0.28401 -0.31992 -0.13319 -0.7276 -0.4256 -0.20717 0.20036 0.35106 -0.52132 0.63143 0.21176 -0.13702 0.37916 0.33258 0.41027 -0.40844 -0.11708 0.37214 0.040268 -0.44453 -0.091373 -0.42895 0.09765 0.16107 0.27917 0.20819 0.13728 -0.6852 -0.58213 0.042097 0.27152 0.99303 0.40922 -2.5097 0.085356 -0.39861 1.6358 -0.30575 -0.4199 0.40068 0.05328 0.31888 0.60673 0.53624 -0.06232 0.69876 -0.028126 -0.72308 1.0493 -0.065311 -0.23949 -0.91142 0.41964 -0.076004 0.23226 0.23908 -0.69078 0.74879 0.94654 0.29539 -0.31577 0.52663 -0.34336 0.92644 0.7092 0.12332 -0.38014 0.24789 0.15236 -0.24175 0.13802 -0.69002 -0.32167 -0.48562 -0.059369 -0.50038 1.0222 0.40846
Identifier	-0.50723 0.030067 0.99343 -0.42255 -0.22544 -0.01075 -0.99101 -0.12486 0.42112 -0.062958 0.33435 -1.3347 0.51336 -0.59312 0.44825 0.3575 1.8027 0.50075 -0.55091 -0.42801 -0.64525 -0.10499 -0.91038 -0.30933 0.58623 -1.0178 0.66429 0.63713 -0.26915 -0.55247 -0.11177 0.21272 0.24219 0.66144 0.69236 -0.022954 0.15652 0.3888 0.71266 -0.39817 0.62277 0.38191 0.60889 1.274 0.21931 0.81633 0.24019 0.1501 -0.56854 0.033845 0.84082 0.3136 0.31803 0.49278 0.098975 -0.02029 0.44647 -0.41722 0.88566 0.13763 0.063134 0.077809 0.7068 0.14068 0.20479 -0.88797 -0.48561 -1.1977 0.44428 0.3489 -1.4233 -0.42704 0.17202 0.30043 0.64821 -0.31406 -0.39567 -0.59087 -0.5527 -0.2627 -0.30012 -1.2017 -1.3145 -0.94888 0.317 1.0827 0.40228 -0.52164 -0.33517 0.69458 -0.25269 0.95126 -0.63158 -0.38179 0.9754 0.62551 0.38799 -0.29322 -0.79924 -0.30396

field	-0.10788 0.59699 0.016488 0.097625 -0.085979 -0.15676 0.80516 -0.13578 -1.4836 0.28518 0.30906 -0.55144 0.18377 -0.0023026 -0.02262 -0.035102 0.30888 0.96532 -0.10629 -0.49877 -0.041765 0.35596 0.68933 0.08777 0.12324 -0.13962 -0.16608 0.12485 0.66178 0.42103 -0.80425 0.23145 0.36594 0.26483 0.23219 -0.23883 -1.1873 1.3604 -0.36149 0.34139 0.099304 -0.28042 -0.2282 -0.23718 -0.22206 -0.062012 -0.089407 0.27265 -0.36992 -0.46849 0.12355 -0.26099 -0.27145 1.0958 0.37578 -2.0847 -0.126 -0.34241 1.8977 0.906 -0.2751 0.52267 0.17945 0.68405 1.1316 -0.25346 0.50099 -0.28185 -0.17878 0.83747 -0.10038 -0.11002 0.36584 -0.69662 0.30049 -0.31331 0.61458 -0.11791 -0.36314 0.59324 0.49595 0.57988 -0.79914 -0.25488 -1.0502 -0.079839 0.43479 -0.51662 0.4896 -0.17327 -0.077929 -0.50018 -0.60159 0.0905 -0.22624 0.30536 -0.39251 0.38776 0.24796 0.455
misspelled	-0.14917 -0.5251 0.69366 -0.04642 -0.2772 0.69116 -0.14382 -0.37078 0.49012 0.15518 -0.7 0.51123 0.21279 0.042151 0.079794 0.22527 0.90175 -0.53242 0.26355 -0.17176 -0.19609 0.1541 -0.20993 0.5412 -0.12464 -0.31218 -0.21874 0.17798 -0.12449 0.013708 0.7505 0.58089 -0.25033 0.083795 -0.44266 0.13994 -0.67855 -0.37338 -0.14376 0.11745 0.53609 0.51946 0.045437 0.34447 0.019158 -0.03665 0.11525 0.11563 -0.5199 0.12508 0.67005 0.072808 0.43678 0.19022 -0.8308 -0.044389 -0.04898 0.21207 -0.73305 -0.41922 -0.073662 0.80852 0.07706 -0.19962 -0.041635 -1.199 0.59011 -0.32625 0.3058 -0.16944 -1.3287 0.33354 -0.14855 0.11035 0.33098 0.22609 -0.063245 0.19712 -0.70984 -0.30608 -0.82117 -1.6275 -0.56348 -0.46049 -0.62666 -0.18602 -0.0046163 -0.54762 0.21194 0.032322 -0.62898 0.36341 0.3976 -0.19172 -0.092271 0.34163 -0.20546 -0.23389 -0.26729 0.0092682

UndoManager	
fOperationHistory	
UndoManager	
fOperationHistroy	
Undo	-0.4987 -0.12344 0.09987 0.16282 -0.53217 -0.11323 -0.4623 0.18737 0.50989 0.43842 0.1876 0.70522 -0.15061 -0.32578 -0.28728 0.34291 0.12138 0.34538 -0.28143 0.44318 0.42032 -0.14899 0.15336 0.086262 0.0045744 0.1194 -0.59071 -0.52393 0.10375 -1.0079 0.67452 0.35952 -0.19972 0.30338 -0.9844 -0.1473 -0.31643 -0.88198 -0.29791 0.03676 -0.60847 0.38177 -0.00268 -0.20116 -0.79921 0.058313 0.70692 -0.4702 -0.41744 -0.42875 -0.19714 0.17488 -0.056526 0.18155 0.35353 -0.39111 0.81301 -0.15345 -0.048463 0.12769 -0.33676 0.46405 -0.5783 0.1912 0.26584 0.14211 0.077249 0.16329 -0.21068 -0.99362 0.44361 0.3076 -0.054004 -0.21249 0.09326 -0.68396 -0.61635 -0.17393 -0.12851 0.71336 -0.20795 -0.6302 0.16471 0.44206 -0.60662 0.43018 0.46255 0.038641 -0.72686 -0.63216 0.012743 -0.063668 -0.59994 -0.15153 0.081879 -0.58502 0.59543 -0.31868 -0.075151 0.037542
Manager	0.14024 -0.1865 0.19565 -0.91616 -0.071061 -0.44598 0.36605 -0.012751 -0.45876 -0.2328 0.16235 -0.6195 0.58428 -0.28212 0.19451 -0.97955 0.73128 0.10424 -0.20683 0.66479 -0.11284 0.258 -0.79496 -0.44744 -0.14626 -0.010699 0.35339 -0.31763 -0.11266 0.12718 -0.85551 1.3845 -0.36972 0.22339 -0.47727 0.41869 -0.66461 0.6197 0.41762 -1.3005 1.0075 -0.62002 0.70254 -0.078776 0.49277 0.97985 -0.13796 -0.39827 0.48762 -0.76665 0.29608 -0.61457 -0.47012 0.53916 0.43595 -2.2328 -0.78793 0.16327 0.5532 0.75369 0.11096 -0.25683 -0.48061 0.21908 0.59698 -0.38691 0.9954 0.84731 0.51657 0.63422 -0.29145 0.32014 -0.68682 -1.5089 0.33207 -0.15034 -0.25706 0.45708 -1.1419 0.20653 0.8394 0.053851 -0.56898 -0.35537 -0.49581 -0.06044 -0.52215 0.28946 -0.16602 -0.40245 0.2059 -0.0035898 0.49096 0.66654 0.45047 0.77126 -0.33691 0.81654 0.09251 -0.040469
Operation	-0.62519 -0.49927 -1.013 -0.25522 0.14315 -0.56204 0.21895 0.68548 0.072255 0.6808 0.078628 0.30959 0.78702 -0.096268 -0.46441 -0.28255 0.01921 -0.32853 -0.19727 0.27341 0.41167 -0.059609 -0.55187 -0.043396 -0.070556 0.85635 0.041768 0.12003 -0.057753 -0.29185 -0.28112 -0.17049 0.24114 -0.44996 0.23209 -0.29554 0.022268 0.058345 0.72967 -0.18833 0.41407 0.11725 0.58351 0.043377 0.22709 0.05282 0.2213 -0.50402 0.19878 -0.20094 -0.28029 0.6491 0.37753 1.3912 -0.21674 -2.0192 -0.69795 -0.65766 1.9497 0.64487 -0.24298 0.62013 0.1112 -0.046956 0.62366 0.27632 -0.97491 -0.19763 0.24261 0.33238 0.19016 -0.84799 -0.67326 0.26183 0.48559 -0.22945 -0.0047914 0.96087 -1.12 0.36873 1.3012 0.12604 -0.36698 1.0131 -1.5176 0.53953 1.0257 0.13029 -0.12995 -0.014295 -0.12382 -0.047099 0.12314 0.77085 0.13271 0.059746 0.18041 -0.11415 -0.082016 0.31929
History	0.2146 0.73921 0.79858 0.10209 0.10226 0.2875 0.30578 -0.58027 -0.87372 0.095291 -0.31811 -0.033557 0.38705 0.45357 -0.31216 0.18793 1.0856 0.0018788 -0.47521 0.51265 -0.11545 0.39716 0.051649 -0.25856 0.27369 -0.95031 -0.13871 -0.66468 0.16728 -0.57002 -0.74233 0.135 -0.37455 0.13538 -0.74598 -0.44546 -1.2134 0.27005 -0.71595 -0.078459 -0.58639 -0.28859 -0.29752 -0.42066 -0.080466 -0.13753 1.2055 -0.32076 0.21823 -0.44166 0.51726 -0.14649 0.22339 0.82143 0.33366 -2.141 -0.16177 -0.024171 1.6021 0.85862 -0.37618 1.0077 0.11486 -0.50389 1.1086 0.12977 0.49186 0.059207 0.035015 0.25293 0.17822 0.38248 -0.075291 0.47481 -0.18083 -0.32481 -0.11984 0.032416 -1.3414 0.18056 -0.13158 0.53583 0.088885 0.30953 -1.0697 0.20117 -1.0554 -1.1647 0.1156 -0.48444 0.16773 0.18189 -0.16731 0.32984 -0.27731 -0.1274 -0.33503 -0.833 0.16701 0.41966
Undo	-0.4987 -0.12344 0.09987 0.16282 -0.53217 -0.11323 -0.4623 0.18737 0.50989 0.43842 0.1876 0.70522 -0.15061 -0.32578 -0.28728 0.34291 0.12138 0.34538 -0.28143 0.44318 0.42032 -0.14899 0.15336 0.086262 0.0045744 0.1194 -0.59071 -0.52393 0.10375 -1.0079 0.67452 0.35952 -0.19972 0.30338 -0.9844 -0.1473 -0.31643 -0.88198 -0.29791 0.03676 -0.60847 0.38177 -0.00268 -0.20116 -0.79921 0.058313 0.70692 -0.4702 -0.41744 -0.42875 -0.19714 0.17488 -0.056526 0.18155 0.35353 -0.39111 0.81301 -0.15345 -0.048463 0.12769 -0.33676 0.46405 -0.5783 0.1912 0.26584 0.14211 0.077249 0.16329 -0.21068 -0.99362 0.44361 0.3076 -0.054004 -0.21249 0.09326 -0.68396 -0.61635 -0.17393 -0.12851 0.71336 -0.20795 -0.6302 0.16471 0.44206 -0.60662 0.43018 0.46255 0.038641 -0.72686 -0.63216 0.012743 -0.063668 -0.59994 -0.15153 0.081879 -0.58502 0.59543 -0.31868 -0.075151 0.037542
Manager	0.14024 -0.1865 0.19565 -0.91616 -0.071061 -0.44598 0.36605 -0.012751 -0.45876 -0.2328 0.16235 -0.6195 0.58428 -0.28212 0.19451 -0.97955 0.73128 0.10424 -0.20683 0.66479 -0.11284 0.258 -0.79496 -0.44744 -0.14626 -0.010699 0.35339 -0.31763 -0.11266 0.12718 -0.85551 1.3845 -0.36972 0.22339 -0.47727 0.41869 -0.66461 0.6197 0.41762 -1.3005 1.0075 -0.62002 0.70254 -0.078776 0.49277 0.97985 -0.13796 -0.39827 0.48762 -0.76665 0.29608 -0.61457 -0.47012 0.53916 0.43595 -2.2328 -0.78793 0.16327 0.5532 0.75369 0.11096 -0.25683 -0.48061 0.21908 0.59698 -0.38691 0.9954 0.84731 0.51657 0.63422 -0.29145 0.32014 -0.68682 -1.5089 0.33207 -0.15034 -0.25706 0.45708 -1.1419 0.20653 0.8394 0.053851 -0.56898 -0.35537 -0.49581 -0.06044 -0.52215 0.28946 -0.16602 -0.40245 0.2059 -0.0035898 0.49096 0.66654 0.45047 0.77126 -0.33691 0.81654 0.09251 -0.040469
Operation	-0.62519 -0.49927 -1.013 -0.25522 0.14315 -0.56204 0.21895 0.68548 0.072255 0.6808 0.078628 0.30959 0.78702 -0.096268 -0.46441 -0.28255 0.01921 -0.32853 -0.19727 0.27341 0.41167 -0.059609 -0.55187 -0.043396 -0.070556 0.85635 0.041768 0.12003 -0.057753 -0.29185 -0.28112 -0.17049 0.24114 -0.44996 0.23209 -0.29554 0.022268 0.058345 0.72967 -0.18833 0.41407 0.11725 0.58351 0.043377 0.22709 0.05282 0.2213 -0.50402 0.19878 -0.20094 -0.28029 0.6491 0.37753 1.3912 -0.21674 -2.0192 -0.69795 -0.65766 1.9497 0.64487 -0.24298 0.62013 0.1112 -0.046956 0.62366 0.27632 -0.97491 -0.19763 0.24261 0.33238 0.19016 -0.84799 -0.67326 0.26183 0.48559 -0.22945 -0.0047914 0.96087 -1.12 0.36873 1.3012 0.12604 -0.36698 1.0131 -1.5176 0.53953 1.0257 0.13029 -0.12995 -0.014295 -0.12382 -0.047099 0.12314 0.77085 0.13271 0.059746 0.18041 -0.11415 -0.082016 0.31929
Histroy	

Reproducible	-0.51645 0.23161 -0.079616 0.72548 -0.055396 -0.009511 0.22077 0.1923 0.22704 0.24177 -0.21814 0.32228 0.62875 0.055258 0.62845 0.54995 -0.34114 0.35424 0.80766 -0.14339 -0.13039 -0.52648 0.21029 -0.072321 -0.45566 0.11036 0.2523 0.13808 -0.23342 -0.16683 -0.24216 -0.6063 -0.7006 -0.25324 0.6185 -0.61714 -0.71893 -0.23433 -0.59683 0.11369 0.65443 0.21142 -0.80109 0.042571 -0.52452 -0.4461 0.84234 -0.42511 -0.37452 -0.20628 0.21404 -0.024846 0.019946 -0.11747 0.48848 0.61188 0.31081 0.77772 -0.021211 -1.1925 -0.18652 -0.29486 -0.46592 0.47433 0.45113 -0.27208 -0.0045973 0.073984 0.56394 -0.56813 -0.3027 -0.037648 0.56445 0.017798 0.36871 -0.23551 0.019864 -0.81032 0.076564 -0.41188 0.057016 0.72952 -0.41497 0.48531 0.047879 -0.0050266 0.87119 0.23499 -0.27597 -0.49756 -0.15521 0.133 0.094632 0.2158 0.18985 0.028505 -0.3245 -0.26337 -0.43667 0.82889

Steps	0.1427 0.18479 -0.40934 0.69622 0.003637 -0.35867 -1.1096 0.10158 -0.066892 -0.010732 0.31126 0.3592 0.074796 0.2239 -0.12665 0.5804 -0.18376 0.40685 -0.81193 -0.65788 0.058382 0.011773 -0.56488 -0.093552 -0.27927 0.52642 -0.26062 -0.14071 -0.28402 -0.021551 -0.19574 0.043722 0.15179 0.51757 -0.089905 0.25345 0.26951 -1.1463 -0.13253 -0.0036652 -0.79326 0.046781 0.49856 0.014037 -0.61719 0.57263 -0.45909 -0.019828 -0.40575 -0.38176 0.4202 -0.59921 0.0017385 1.3395 -0.1671 -2.1379 -0.10583 -0.41523 1.3765 0.18807 -0.58841 0.19147 -0.14128 0.37152 0.64433 0.1996 -0.33319 0.23228 -0.17468 -0.97959 0.30167 -0.71894 -0.39043 -0.84617 0.75056 -0.20536 -0.30269 0.37904 0.34248 -0.32398 0.55981 -0.06783 0.070046 -0.039021 -1.1202 0.23309 0.43124 -0.17436 -0.32794 -0.60154 -0.50841 -0.36195 -0.62442 0.065308 -0.595 0.0031078 0.014909 -0.51549 0.58678 0.50749
Reproduce	-0.42057 0.038617 -0.017408 0.36462 -0.55613 0.58027 -0.15226 -0.36836 0.5501 -0.082764 0.38468 0.1224 0.26341 -0.82081 0.042809 0.15896 0.11365 0.56822 0.3512 -0.32847 -0.73523 -0.95238 1.2264 0.69668 0.60255 -0.38969 -0.34361 -0.52602 0.39451 0.25741 -0.020931 0.2685 -0.53948 -0.055191 0.63048 -0.12517 -0.42721 -0.50098 -0.74275 -0.47268 0.012068 0.26316 -1.8716 -0.3429 -0.30144 -0.18766 0.54056 -0.53836 -0.35707 -0.5178 0.034597 0.32545 -0.032203 0.52696 0.8948 -0.094117 -0.46622 -0.46252 -0.10826 -0.63485 -0.32799 0.90017 -0.14567 -1.0248 0.57847 0.23125 0.69241 0.027014 -0.14287 -0.72426 -0.089868 0.26305 0.3373 -0.22076 0.72671 -0.50446 -1.1075 -1.3542 -0.20366 -0.14522 -0.29276 -0.42433 -0.4413 0.73105 -0.27119 -0.23482 1.5466 0.037527 -7.2796e-05 0.55586 0.20518 -0.31328 0.61281 -0.63311 -0.24968 -0.3683 -0.96039 -0.55575 0.34456 -0.19207

source	-0.54094 -0.076228 0.89303 -0.21225 0.5825 -0.3005 0.12909 -0.52773 0.92862 0.11514 -0.12677 0.096937 0.31288 0.050512 -0.32283 -0.3004 0.22007 -0.84137 -0.06254 0.17903 -0.42624 -0.10462 -0.40554 -0.10051 -0.40218 -0.015057 0.52526 0.15915 -0.18149 0.41998 0.14463 -0.021693 -0.64978 -0.090267 0.19731 0.099473 -0.32515 0.4068 0.3622 0.022279 -0.551 -0.12464 -0.16744 -0.094767 0.56511 -0.20268 -0.36092 -0.45798 -0.39297 -0.32961 0.81769 0.32481 0.42147 0.7609 -0.098642 -1.8316 -0.94356 -0.48457 1.6714 0.30485 -0.2748 0.071256 -0.48255 0.089058 1.3761 -0.49029 0.36082 -0.72647 0.58731 -0.14937 -0.13777 -0.040655 0.66596 -0.39209 0.51158 0.073351 0.39566 -0.48165 -1.4742 0.10518 0.58482 0.059647 -0.83053 -0.31453 -0.89902 0.47224 0.13688 0.45488 -0.05007 0.15508 0.47896 0.25437 -0.22414 -0.035257 -0.54084 0.0014581 -0.31231 -1.0292 0.80669 0.1777
code	0.040031 -0.24448 0.73053 -0.78522 0.10176 1.1329 -0.54574 -0.16502 -0.22271 0.26857 -0.0028017 -0.53323 0.23771 -0.013369 -0.31623 0.31315 1.4045 0.3017 -0.3337 0.026709 -0.23063 -0.35121 0.3957 -0.048798 0.20233 -0.42681 0.086992 -0.32299 -0.51931 -0.39928 0.40101 1.0389 0.11716 -0.29213 0.40621 0.34681 -0.21982 -0.99274 0.27808 0.30669 -0.15944 -0.43364 0.10627 0.13963 -0.47956 -0.080051 -0.062879 -0.10151 -0.20968 -0.19341 0.45186 0.61042 -0.064944 0.96259 -0.85312 -1.127 0.15543 -0.13428 2.2155 0.61877 -0.20611 -0.513 -0.68671 -0.048113 0.87501 -0.11171 -0.40812 -0.042767 0.6316 0.14233 -0.23214 0.036219 0.32677 0.13164 0.37036 0.17449 0.12896 0.12132 -0.88154 0.11403 -0.24804 -1.2929 -0.34626 -0.30557 -1.4405 1.2882 0.31974 -1.2983 -0.18529 0.85937 -0.19239 0.83516 -0.56495 0.0085904 0.70475 -0.095823 -0.26036 -0.95226 -0.059152 -0.19183
open	-0.61034 0.60236 0.61765 0.59614 0.55641 0.2301 -0.20742 0.8231 0.090912 -0.53776 0.17528 0.62751 0.15772 0.20984 -0.39661 0.47713 -0.27221 0.72068 -0.94254 -0.0011616 0.049811 0.44193 0.44902 0.47736 0.91806 -0.074704 0.43354 -1.389 0.40696 -0.15823 -0.51772 0.36528 0.12091 -0.20566 0.78396 -0.096688 -0.36237 0.02203 -0.44326 0.21395 0.046645 -1.1911 0.27869 0.042393 0.163 -0.2473 -0.18931 0.31419 0.37372 -0.83508 -0.54857 -0.38864 -0.031954 0.22341 -0.38107 -2.7609 0.28743 0.14508 2.3684 0.4966 -0.60259 0.42523 -0.16205 0.19028 0.38663 -0.39419 0.12353 0.37308 0.01648 -0.45128 -0.19476 -0.062371 0.31139 -0.83917 -0.62146 -0.17515 0.64186 0.19808 -0.44694 -0.24301 1.0159 -0.49681 -0.29576 0.94691 -0.80177 -0.0070947 0.041663 0.72282 0.026254 0.62928 0.073193 0.25655 0.16951 0.66374 -0.18381 0.66264 0.15201 -0.13958 0.72138 0.52252
UndoManager	
java	-0.84714 0.020302 0.25959 -0.36874 0.44068 0.67536 -0.30071 -0.1679 0.54697 1.0976 0.51706 0.10964 0.19969 -0.31916 0.039724 -0.7028 0.084263 -0.10588 -0.072092 0.41502 0.44481 -0.68525 1.3962 0.61555 -0.4752 0.61334 0.045766 0.60384 -1.2541 0.041386 -0.19581 0.53461 -0.23929 0.59037 0.68815 -0.099991 0.06518 -0.63082 0.7608 -1.2582 -0.85974 0.47335 0.41507 -0.27783 -0.056308 0.55999 0.825 -0.47537 0.5768 0.60929 -0.95241 0.91425 -0.13165 -0.42898 -0.59134 -0.56076 -0.95617 -0.8252 1.6745 0.054822 -0.59881 0.77632 -0.92323 -0.73269 0.12317 0.27333 -0.28778 -0.10222 0.40905 -0.11932 -0.49878 0.60036 0.7207 -0.51854 -0.31778 0.19507 -0.18214 0.59462 -0.065178 0.0072862 0.28388 -0.59001 -0.97728 -0.59743 0.0014984 1.6339 0.034357 -0.33376 0.28589 0.31225 1.3427 0.55273 -0.022257 0.64239 0.29907 0.36066 -0.63254 -0.45407 0.75004 -0.03187
org	-0.26016 -0.24664 0.218 -0.73062 -0.50396 0.53169 0.4634 -0.79583 0.65105 0.25617 0.94791 0.12506 0.71909 -0.16892 -0.16093 -0.24011 -0.076525 -0.23074 -0.049874 0.10632 -0.66776 0.35589 -0.39664 0.95125 0.17833 -0.10628 -0.013394 0.035961 0.079702 -1.3671 0.3305 0.76399 0.20854 0.89747 -0.25148 0.35534 -0.59125 0.22705 0.37938 -0.3528 0.010821 0.3049 -0.47934 0.28821 -0.077966 -0.0071496 -0.90188 0.34372 -0.539 1.0514 -0.24736 0.20956 -0.48592 -0.24934 -0.93457 -0.018738 0.4496 -0.57942 0.61226 0.83221 -0.073551 -0.1034 -0.046832 0.22416 0.083962 0.60766 0.28838 -0.14934 1.5167 -0.61933 0.39935 0.046438 -0.027113 -0.70042 -0.87339 -0.83821 0.0071577 -0.21938 0.11917 0.10178 0.024923 -1.1276 0.84177 0.365 0.40846 -0.011416 0.30357 -0.75461 0.35679 -0.042457 -0.70667 0.61659 0.68887 -0.2262 0.79291 0.12872 -0.25784 -0.2739 -0.3374 -0.14162
eclipse	-0.44309 0.14926 0.16649 0.42149 0.32457 -0.50745 0.99023 0.30442 -0.65309 -0.30448 0.28135 0.88885 0.68952 -0.94606 0.12771 -0.91705 1.0058 0.85728 0.8919 0.31291 0.084716 -1.1712 -0.46261 0.45815 1.3201 0.47897 0.27511 0.47025 -0.072981 -0.94041 -0.0015042 -0.20956 -0.11596 0.58161 -0.068764 0.19159 -0.19694 0.46838 -0.54513 0.083056 -0.62959 0.5083 -0.32024 -0.3328 -0.15892 -0.46357 0.71919 -0.56694 0.048712 -0.62023 -0.2425 -0.12787 -0.27382 0.080261 0.5803 -0.72875 -0.10715 1.0093 1.006 0.054757 -0.15775 1.1195 -0.021656 0.23757 0.59771 0.73702 -0.43183 -0.48263 -0.097095 -0.28765 0.024169 0.38842 0.032271 -0.10979 -0.45319 -0.42803 0.29235 -0.15962 -0.41953 -0.81562 0.26624 -0.07087 0.13718 0.77952 0.52504 -0.049254 0.082511 -0.17853 1.2107 -0.3381 0.12814 -0.06077 0.024663 -0.32214 0.13661 0.01612 -0.16721 0.044676 0.139 -0.10406
ltk	-0.47667 1.0127 -0.13452 0.28618 -0.80979 0.23307 -0.30514 -0.36363 0.52417 -0.39775 0.74131 0.057496 -1.074 -0.60408 -0.41044 0.50937 0.1422 -0.63783 0.080482 -0.40166 -0.046358 -0.53667 -0.95228 1.0348 0.077091 -0.24335 0.96938 -0.09655 -0.75324 -0.24366 0.22969 0.075797 -0.21779 -0.32639 -0.86776 0.59101 0.23299 -0.73678 0.95764 0.26963 0.66843 0.14732 -0.67383 -0.22347 -0.10503 0.67663 -0.94134 -0.20394 0.84527 -0.109 0.54753 0.99256 -0.070997 -0.05633 0.10561 0.20621 0.22562 -0.075033 -0.12716 -0.48528 -0.56563 0.71238 -0.2437 -0.3695 0.85316 -0.11328 -0.68696 -0.28954 -0.35911 0.62137 -0.3122 0.2986 -0.20312 -0.08956 0.1498 -0.53984 1.1314 0.073081 0.017931 -1.4407 -0.64608 0.53726 1.2277 -0.79518 0.31792 0.56771 -0.42483 -0.97218 -0.295 0.68053 0.69017 0.25193 0.32787 -0.027134 0.56441 -0.15974 0.75265 0.14083 -0.37439 0.83997
internal	-0.77938 -0.6875 -0.02916 -0.25488 0.16378 0.34342 -0.52898 -0.11437 0.6264 0.48488 0.060442 -0.15032 1.0052 0.93668 -0.47367 0.12516 -0.55849 -0.061991 0.16995 -0.53729 -0.25457 -0.61023 -0.070115 -0.088352 0.12503 -0.58347 0.36821 -0.30381 0.30267 0.15439 0.42212 0.034126 -0.59894 -0.38401 -0.56818 -0.047352 0.13177 0.38977 0.569 0.2874 -0.50985 -0.59356 0.07901 -0.15045 -0.44898 0.042147 -0.010694 -0.20445 -0.4071 -0.26956 1.07 0.0041053 -0.12092 0.59314 0.59716 -1.6981 0.64283 -0.47869 1.752 0.59483 -0.18461 -0.24757 -0.31829 0.19863 1.3123 -0.21027 -0.15487 -0.26563 0.80194 0.20947 0.49194 0.3496 0.52476 -0.14702 -0.22167 -0.20237 -0.36211 0.35428 -1.4355 0.3448 1.0894 0.29851 -0.028218 0.73746 -1.3064 0.4442 -0.0035908 0.38065 -0.13888 -0.29736 0.33862 0.76436 -0.7018 0.38015 0.67901 0.024469 0.28479 -0.79912 0.48613 -0.17152
core	-0.14828 0.7132 0.32604 -0.22844 -0.10507 -0.65067 -0.17046 -0.74577 0.14303 0.98697 0.27414 -0.53782 0.36607 -0.095681 -0.45485 -0.21577 -0.21463 0.30474 0.29465 -0.24477 0.32116 -1.0172 -0.15105 0.091343 -0.45392 -0.21536 0.24096 -0.032061 -0.51314 0.70999 0.13202 0.19515 0.028717 -0.20936 0.14502 0.023395 0.98232 0.070582 -0.096576 -0.43434 -0.032306 -0.75596 0.7676 0.17975 -0.64523 0.050584 -0.098476 0.46262 -0.14276 -0.328 -0.21518 -0.18995 -0.33552 0.24859 0.201 -1.6974 0.21375 -0.59653 2.1438 0.45957 0.58822 0.30494 -0.45044 0.14146 0.93786 0.27729 0.43002 0.1908 0.96688 -0.10398 0.39993 0.37521 0.048327 0.17694 -0.6034 -0.31225 0.3221 -0.11263 0.21502 -0.29828 -0.057163 0.49409 -0.84831 0.20811 -1.2053 0.14095 -0.11544 0.11683 0.37308 0.46435 -0.26211 0.41544 -0.31405 0.50588 -0.15955 -0.56035 -0.13661 -0.45952 1.229 0.85105
refactoring	-0.36064 -0.088125 -0.32099 -0.52401 0.28962 0.08876 -0.14493 -0.20594 0.0067182 0.26384 -0.26296 -0.30876 -0.1083 -0.72479 -0.14749 0.33819 0.63708 0.59763 0.19769 0.53355 -0.45199 -0.33324 -0.059072 -0.20874 0.0068458 0.33943 -0.074209 -0.057754 -0.25306 -0.44861 -0.44308 0.18958 0.091034 -0.43345 0.25226 -0.47615 -0.10719 -1.2463 0.30642 0.25745 -0.11594 0.063013 0.43625 0.17648 -0.45075 0.13942 0.10441 0.33497 -0.11332 -0.29939 0.24349 0.70274 -0.30454 -0.038481 -0.17164 0.72838 0.16697 -0.31888 0.33434 -0.40073 -0.26627 -1.1385 0.28115 0.43867 -0.053671 -0.080629 -0.51551 -0.51243 0.6908 -0.0602 -0.10277 0.35122 0.055643 0.37032 0.39292 0.14161 0.24677 0.40932 0.066086 0.018747 -0.71416 -0.72046 -0.033776 -0.076584 -0.17521 0.57644 0.39359 -0.79327 -0.67005 0.44796 -0.25238 0.42945 0.15677 0.046953 0.81567 -0.45377 -0.23432 -0.1499 -0.76115 0.64046
Undo	-0.4987 -0.12344 0.09987 0.16282 -0.53217 -0.11323 -0.4623 0.18737 0.50989 0.43842 0.1876 0.70522 -0.15061 -0.32578 -0.28728 0.34291 0.12138 0.34538 -0.28143 0.44318 0.42032 -0.14899 0.15336 0.086262 0.0045744 0.1194 -0.59071 -0.52393 0.10375 -1.0079 0.67452 0.35952 -0.19972 0.30338 -0.9844 -0.1473 -0.31643 -0.88198 -0.29791 0.03676 -0.60847 0.38177 -0.00268 -0.20116 -0.79921 0.058313 0.70692 -0.4702 -0.41744 -0.42875 -0.19714 0.17488 -0.056526 0.18155 0.35353 -0.39111 0.81301 -0.15345 -0.048463 0.12769 -0.33676 0.46405 -0.5783 0.1912 0.26584 0.14211 0.077249 0.16329 -0.21068 -0.99362 0.44361 0.3076 -0.054004 -0.21249 0.09326 -0.68396 -0.61635 -0.17393 -0.12851 0.71336 -0.20795 -0.6302 0.16471 0.44206 -0.60662 0.43018 0.46255 0.038641 -0.72686 -0.63216 0.012743 -0.063668 -0.59994 -0.15153 0.081879 -0.58502 0.59543 -0.31868 -0.075151 0.037542
Manager	0.14024 -0.1865 0.19565 -0.91616 -0.071061 -0.44598 0.36605 -0.012751 -0.45876 -0.2328 0.16235 -0.6195 0.58428 -0.28212 0.19451 -0.97955 0.73128 0.10424 -0.20683 0.66479 -0.11284 0.258 -0.79496 -0.44744 -0.14626 -0.010699 0.35339 -0.31763 -0.11266 0.12718 -0.85551 1.3845 -0.36972 0.22339 -0.47727 0.41869 -0.66461 0.6197 0.41762 -1.3005 1.0075 -0.62002 0.70254 -0.078776 0.49277 0.97985 -0.13796 -0.39827 0.48762 -0.76665 0.29608 -0.61457 -0.47012 0.53916 0.43595 -2.2328 -0.78793 0.16327 0.5532 0.75369 0.11096 -0.25683 -0.48061 0.21908 0.59698 -0.38691 0.9954 0.84731 0.51657 0.63422 -0.29145 0.32014 -0.68682 -1.5089 0.33207 -0.15034 -0.25706 0.45708 -1.1419 0.20653 0.8394 0.053851 -0.56898 -0.35537 -0.49581 -0.06044 -0.52215 0.28946 -0.16602 -0.40245 0.2059 -0.0035898 0.49096 0.66654 0.45047 0.77126 -0.33691 0.81654 0.09251 -0.040469

