Bug	-0.42404 -0.11038 0.94873 -0.71327 -0.19712 0.077077 0.96163 -0.35674 0.8292 -0.3676 0.15004 0.62746 0.091752 0.11142 -0.015791 0.84124 0.24467 0.023366 0.54286 -0.068057 -0.87995 -0.59202 0.18641 0.50787 0.55458 0.48448 -0.42383 0.22249 -0.8823 -0.041186 -0.049256 0.31483 0.25182 0.10876 0.45824 -0.12085 -0.96037 -0.69492 0.93473 -0.31937 -0.31673 0.24099 -0.3822 -0.72243 0.18017 0.62991 0.0030923 -0.36699 -0.21576 -0.1654 -0.55928 0.11278 -0.62944 0.56955 -0.59166 -0.92922 0.044769 0.32981 0.697 -0.13983 0.40377 1.7035 -0.68531 0.49846 0.29719 0.27865 -0.18668 -0.93605 0.66117 0.01478 -0.30582 -0.4491 -0.44983 -0.39544 -0.37577 -0.18869 0.06883 -0.04811 -0.33131 1.0204 0.32457 -0.88047 0.018825 -0.303 -0.88685 0.35682 -0.3993 -0.10512 -0.86557 0.37554 0.48771 -0.28133 0.12722 -0.56959 0.33936 0.40162 0.1109 -0.20506 0.18093 -0.23185
ITypeBinding	
canAssign	
aware	-0.18103 -0.49314 0.20796 0.086461 -0.78777 -0.075751 -0.32781 -0.11516 0.63112 -0.17816 0.16697 0.1878 0.24264 -0.47479 -0.29988 -0.42738 -0.11841 0.18593 -0.37177 0.07843 -0.4115 0.16789 0.047214 -0.66152 -0.83257 -0.06834 0.31304 -0.1824 -0.1483 0.18625 0.066703 0.42681 0.15221 0.23948 0.52327 -0.21646 -0.32631 0.24891 0.044691 -0.0015089 -0.72124 0.14599 0.73981 -0.21278 -0.23513 0.061014 0.38452 0.090594 0.14245 -1.0123 0.79416 -0.25465 0.14905 0.44315 -0.19131 -1.2302 0.39194 -0.27809 0.81514 0.062378 0.10432 0.6787 -0.47348 -0.29183 0.73636 -0.33748 0.52015 0.3117 -0.041562 0.2238 0.16065 -0.59249 -0.32006 -0.23661 0.27158 0.11679 0.32621 -0.32738 -0.85976 -0.077247 0.23227 -0.066914 -0.44948 0.48562 -1.6039 -0.53053 -0.4778 0.2458 -0.82324 -0.51506 -0.095971 -0.15527 -0.0066521 -0.64208 -0.1703 0.22236 -0.67356 -0.68605 -0.063295 0.053274
type	-0.46941 1.0232 0.0052417 0.18489 -1.0635 0.13689 0.69977 -0.30627 -0.16586 0.45704 0.01229 -0.48474 0.37836 0.17034 0.85067 0.33692 0.2262 0.38728 0.59878 0.14127 -0.051814 -0.37338 -0.54281 -0.24778 0.090452 0.002322 0.18356 -0.17295 -0.23597 0.16531 0.035819 1.0133 0.15591 -0.17079 0.90975 0.39448 0.28375 -0.39955 0.70452 0.25146 0.016597 -0.48176 -0.012688 -0.71924 0.29969 0.23876 0.28271 0.040394 -0.44936 -0.73793 0.15482 0.68139 0.2535 0.47317 -0.14515 -1.5533 -0.12665 0.27583 1.7785 0.62287 -0.0026868 0.85672 -0.092051 0.86043 1.4102 0.2342 0.043018 0.02134 -0.0056198 -0.069628 -0.50595 -0.42616 0.43125 0.58374 0.59453 0.029196 -0.064607 0.068701 -0.87315 -0.30559 0.49768 -0.49717 -0.43532 -0.10364 -0.91355 0.51619 0.0066056 -1.0996 -0.023195 0.17907 -0.64761 0.1704 0.53353 0.22221 0.6111 0.20063 -0.49639 -1.478 0.91582 -0.36058
boxing	1.4608 0.28589 0.22296 -0.70181 -0.30366 0.048603 -1.0053 0.36074 -0.99801 -0.28374 0.28989 -0.57881 0.44048 -0.66279 -0.60716 0.13668 0.47923 0.051344 0.27113 -0.22467 0.096457 0.065156 0.42205 -0.21205 0.34617 0.52181 0.40101 -1.1245 0.91771 0.73744 -0.85237 -0.31955 -0.24178 -0.064972 0.54045 0.2095 -1.6837 0.63248 -0.78057 -0.074869 0.13304 0.20101 0.45232 -1.6357 -0.15621 -0.36182 0.070551 -0.40102 -0.049358 -0.71644 -0.94758 0.20075 0.17691 0.67746 1.0453 -1.3482 -0.04493 0.52229 0.79369 0.69583 0.046983 0.92272 0.0085662 -0.32188 -0.21424 -0.49781 0.031651 0.5819 -0.22668 0.57015 0.07407 -0.24201 0.39918 1.2387 -0.21604 -0.59203 -0.014601 0.048041 -0.87527 0.43976 -0.008159 -1.1463 0.55019 -0.75189 -0.16608 -0.14048 -1.3673 0.29009 0.10963 -0.26748 0.62833 -0.062606 0.074596 0.45034 0.31389 -0.46836 -0.30245 0.26569 0.48579 0.28984
IType	
Binding	-0.20238 -0.45168 0.48653 0.47166 0.10505 -0.4271 -0.66236 0.47137 -0.21895 0.292 -0.18103 -1.0903 0.095217 -0.19561 0.3382 0.61074 -0.076703 0.1266 0.50538 -0.41606 -0.33197 -0.46378 -0.071729 0.53706 0.49717 -0.00953 0.12512 -0.28406 0.17853 0.084132 1.0555 0.23375 0.36149 -0.44541 0.74003 -0.23513 0.57971 -0.78094 -0.92889 -0.016586 0.08415 0.46403 0.48007 -0.42376 -0.6019 -0.97262 -0.51004 0.44344 -1.3971 -0.090583 0.024376 0.091607 -0.096554 0.43931 -0.61487 -0.83991 -0.094932 -0.60674 1.4692 0.070689 0.14128 0.1458 -0.19781 -0.19676 0.76294 0.062684 -0.51404 0.83447 -0.29721 -1.5509 0.11544 -0.63574 1.3059 -0.42144 -0.32087 -0.62246 -0.25217 -1.265 -0.94898 -0.11059 -0.11638 -0.45933 -0.3402 -0.24444 -0.63423 0.56282 0.91674 -0.19113 -0.42731 -0.52372 -0.79764 -0.34255 -0.44808 0.14392 0.47984 0.26168 -0.13295 -0.40808 0.69483 0.40646
Assign	-0.67105 -0.1465 0.022958 0.44583 -0.60739 0.22657 -0.94973 -0.033145 0.095055 0.47077 -0.15701 -0.1186 0.21515 -0.36859 -0.17071 -0.49673 0.37779 0.3647 -0.3376 0.58155 -0.36777 -0.77041 -0.2293 -0.37628 -0.46183 -0.96885 0.17455 0.11781 0.35403 -0.29148 0.26542 0.40069 -0.71682 0.25586 -0.40484 0.25554 -0.50563 -0.28911 0.20449 0.12192 0.48098 0.51476 -0.19607 -0.65365 -0.71749 0.20401 -0.23367 -0.42034 -0.9009 -0.045766 0.0079793 -0.17902 -0.58424 0.44207 -0.17834 -0.0078719 0.66609 -0.32337 0.7835 0.1376 -0.30285 0.17287 0.25901 0.19527 0.58553 -0.26422 -0.23869 0.66322 -0.0068111 0.28528 -0.7351 -0.41864 0.19895 -0.17864 0.24058 -0.14819 -0.83351 -0.4791 0.013254 -0.54663 -0.27788 -0.3756 -0.74167 -0.65403 -0.44858 -0.00073795 0.22174 0.12332 0.059266 0.11686 -0.45903 0.215 -0.04324 -1.2329 0.10771 -0.28638 -0.2467 -0.2333 -0.38839 0.21046

latest	-0.32947 -0.050287 0.53786 -0.22612 0.26972 -0.42862 0.26529 -0.098629 0.04217 0.38373 -0.022774 0.068223 0.21059 -0.26905 -0.11367 0.90959 -0.22557 -0.27593 0.13403 0.33412 0.63704 -0.62895 -0.020518 0.69867 -0.030201 -0.067522 0.25439 0.19471 -0.38256 0.021759 -0.13448 -0.082235 -0.37383 0.4907 -0.21242 -0.0070448 0.0017692 -0.36747 0.10414 -0.06361 -0.72751 0.26725 0.23772 -0.03626 0.13107 0.20178 0.04345 -0.3612 0.19397 -0.87026 0.80353 -0.11424 0.19385 0.48611 -0.20856 -2.6467 -0.093946 0.12379 1.3273 0.056297 -0.35235 0.58869 -0.044787 -0.41594 0.5058 -0.055078 -0.3622 0.14852 -0.057353 -0.081204 0.13186 0.18691 -0.92761 -0.18438 -0.17052 0.40511 -0.032898 0.21386 -1.3432 -0.091321 1.0342 0.10714 0.29887 -0.27976 -1.4864 -0.6632 0.10927 -0.11272 -0.017019 -0.29665 0.63906 0.587 -0.57306 -0.40594 -0.39149 0.0012772 -0.031364 -0.22715 0.98035 0.21032
type	-0.46941 1.0232 0.0052417 0.18489 -1.0635 0.13689 0.69977 -0.30627 -0.16586 0.45704 0.01229 -0.48474 0.37836 0.17034 0.85067 0.33692 0.2262 0.38728 0.59878 0.14127 -0.051814 -0.37338 -0.54281 -0.24778 0.090452 0.002322 0.18356 -0.17295 -0.23597 0.16531 0.035819 1.0133 0.15591 -0.17079 0.90975 0.39448 0.28375 -0.39955 0.70452 0.25146 0.016597 -0.48176 -0.012688 -0.71924 0.29969 0.23876 0.28271 0.040394 -0.44936 -0.73793 0.15482 0.68139 0.2535 0.47317 -0.14515 -1.5533 -0.12665 0.27583 1.7785 0.62287 -0.0026868 0.85672 -0.092051 0.86043 1.4102 0.2342 0.043018 0.02134 -0.0056198 -0.069628 -0.50595 -0.42616 0.43125 0.58374 0.59453 0.029196 -0.064607 0.068701 -0.87315 -0.30559 0.49768 -0.49717 -0.43532 -0.10364 -0.91355 0.51619 0.0066056 -1.0996 -0.023195 0.17907 -0.64761 0.1704 0.53353 0.22221 0.6111 0.20063 -0.49639 -1.478 0.91582 -0.36058
boxing	1.4608 0.28589 0.22296 -0.70181 -0.30366 0.048603 -1.0053 0.36074 -0.99801 -0.28374 0.28989 -0.57881 0.44048 -0.66279 -0.60716 0.13668 0.47923 0.051344 0.27113 -0.22467 0.096457 0.065156 0.42205 -0.21205 0.34617 0.52181 0.40101 -1.1245 0.91771 0.73744 -0.85237 -0.31955 -0.24178 -0.064972 0.54045 0.2095 -1.6837 0.63248 -0.78057 -0.074869 0.13304 0.20101 0.45232 -1.6357 -0.15621 -0.36182 0.070551 -0.40102 -0.049358 -0.71644 -0.94758 0.20075 0.17691 0.67746 1.0453 -1.3482 -0.04493 0.52229 0.79369 0.69583 0.046983 0.92272 0.0085662 -0.32188 -0.21424 -0.49781 0.031651 0.5819 -0.22668 0.57015 0.07407 -0.24201 0.39918 1.2387 -0.21604 -0.59203 -0.014601 0.048041 -0.87527 0.43976 -0.008159 -1.1463 0.55019 -0.75189 -0.16608 -0.14048 -1.3673 0.29009 0.10963 -0.26748 0.62833 -0.062606 0.074596 0.45034 0.31389 -0.46836 -0.30245 0.26569 0.48579 0.28984
tests	-0.37906 0.32433 0.21559 0.10914 -1.4685 -0.38792 0.35252 0.93983 -1.3256 0.75604 -0.049175 -0.13989 0.18782 0.69897 0.32758 0.402 0.24233 0.91387 -0.29767 0.14447 0.15447 -0.28095 0.11191 -0.092958 -0.32542 0.081207 0.01346 -0.3358 -0.37062 0.32077 -0.17917 0.06165 -0.78 0.23922 0.82362 0.16467 -0.27358 -0.41899 -1.4241 0.35495 -1.0919 0.10067 -0.091429 -0.78299 -0.094842 0.31715 0.55517 -0.78317 -0.55538 -0.5091 0.72589 0.042896 -0.35815 0.86922 -0.087776 -1.5139 -1.0458 -0.19528 1.2784 0.18363 -0.31651 0.62153 0.79919 0.42065 0.22551 1.1927 -0.22155 -0.18781 0.16301 0.033726 -0.12723 0.61968 0.24009 0.25306 -0.031486 0.60423 0.11976 -0.2717 -1.1865 -0.45172 0.9437 -0.13707 -0.22812 -0.055562 -2.1165 0.034045 0.85824 0.39473 -0.84621 0.67665 -0.77233 0.2391 0.064901 0.60682 0.11541 1.2251 -0.14338 -0.28247 -0.13127 -0.19051
assign	-0.67105 -0.1465 0.022958 0.44583 -0.60739 0.22657 -0.94973 -0.033145 0.095055 0.47077 -0.15701 -0.1186 0.21515 -0.36859 -0.17071 -0.49673 0.37779 0.3647 -0.3376 0.58155 -0.36777 -0.77041 -0.2293 -0.37628 -0.46183 -0.96885 0.17455 0.11781 0.35403 -0.29148 0.26542 0.40069 -0.71682 0.25586 -0.40484 0.25554 -0.50563 -0.28911 0.20449 0.12192 0.48098 0.51476 -0.19607 -0.65365 -0.71749 0.20401 -0.23367 -0.42034 -0.9009 -0.045766 0.0079793 -0.17902 -0.58424 0.44207 -0.17834 -0.0078719 0.66609 -0.32337 0.7835 0.1376 -0.30285 0.17287 0.25901 0.19527 0.58553 -0.26422 -0.23869 0.66322 -0.0068111 0.28528 -0.7351 -0.41864 0.19895 -0.17864 0.24058 -0.14819 -0.83351 -0.4791 0.013254 -0.54663 -0.27788 -0.3756 -0.74167 -0.65403 -0.44858 -0.00073795 0.22174 0.12332 0.059266 0.11686 -0.45903 0.215 -0.04324 -1.2329 0.10771 -0.28638 -0.2467 -0.2333 -0.38839 0.21046

compatibility	-0.70044 0.35061 0.44927 0.055592 -0.28463 0.13042 0.017506 -0.55313 0.76451 0.59818 0.26996 0.36 0.62723 -0.66408 0.69761 -0.24229 0.80586 0.64352 0.40112 0.38747 -0.99568 -1.0052 0.71685 0.51398 0.75734 0.22657 -0.17903 -0.29288 -0.55982 0.11915 -0.34694 0.3704 -0.6457 0.28578 1.0869 0.61846 0.45712 0.25594 -0.28672 0.14773 -0.08721 -0.32441 0.43804 -0.3489 -0.69908 -0.11085 -0.0012029 -0.12017 -0.23388 -0.10355 0.57833 0.24931 -1.0286 0.26933 0.94467 -0.59377 0.37163 -0.79366 0.53296 0.55216 -0.25012 -0.24492 -0.48488 0.62636 -0.069581 0.19841 0.11666 -0.86275 0.51622 -0.071737 -0.069845 1.1673 0.47054 -0.60125 0.43573 0.54135 0.076712 -0.43535 0.60981 -0.27205 0.036039 -0.45691 0.3475 0.76215 -0.98489 1.4808 -0.39091 -0.38969 -0.55133 0.32413 -0.63182 0.86072 -0.6058 -0.1768 0.62901 -0.13459 0.12938 -0.47934 0.040076 0.41515
fail	-0.29846 0.093113 0.24309 -0.0065571 -0.54678 -0.14058 -0.28908 0.013921 0.84282 -0.069839 0.017675 0.35833 -0.022809 0.57295 -0.95492 -0.2206 -0.10701 0.66893 -0.60145 0.40906 -0.1288 -0.77623 0.24152 -0.44725 -0.27392 -0.22666 -0.79875 -0.58472 0.60734 -0.69818 0.29438 0.4284 -0.34632 -0.34831 0.30248 0.27882 0.27099 -0.40311 -0.22825 -0.054912 -0.36457 0.53986 -0.70262 -0.50518 -0.19195 -0.10778 0.48282 0.00967 -0.72079 -0.92933 0.24331 -0.1752 -0.32342 0.73657 0.77423 -1.1188 -0.032741 -0.0017669 0.89835 -0.11061 -0.43119 -0.042942 -0.63702 -0.16972 0.54553 0.65607 -0.16806 0.42523 -0.31261 -1.1439 -0.11529 -0.34504 -0.50226 -0.37427 -0.26213 -0.33795 -0.64193 -0.13713 -0.23458 -0.33886 0.65705 -0.042854 -0.65177 -0.26308 -1.4852 -0.19391 0.48049 0.6811 -0.36438 0.30349 -0.33739 0.27892 -0.2446 0.055732 -0.46132 0.63663 0.35371 -0.2343 0.31746 -0.11401

boolean	-0.71987 0.22836 -0.72426 1.043 -0.36968 0.75204 -0.8404 0.51871 -0.20197 0.6117 0.26038 -0.040344 -0.25653 0.54417 -0.31723 0.86299 -0.51599 1.8355 0.05096 0.54581 -0.61943 -1.5373 0.6503 0.22962 0.14792 0.056545 1.3743 0.7201 0.14235 -0.4117 0.020503 -0.81939 -1.0308 -0.82438 1.1367 0.31701 -0.34477 0.61822 0.99255 -0.44786 0.75739 -0.073857 0.82391 0.0085611 -0.46983 0.48473 0.54484 0.46227 -0.49348 -0.24684 -0.26533 0.080384 0.48644 0.12663 0.076829 0.20762 -0.30948 0.57222 1.0314 0.33875 0.426 -1.0935 -0.26436 -0.43526 0.34433 0.62157 0.30054 -0.48838 -0.59783 -0.012136 -1.7725 -0.35966 0.63675 0.069627 0.41953 -0.12401 0.63315 -0.35651 -0.98976 -0.23365 0.28644 -0.36169 0.022458 -0.27016 0.42779 0.6742 -0.4043 -0.52447 -0.33814 -0.91865 -0.8904 0.84131 -0.6266 0.33699 0.82219 -0.088042 0.46724 -0.76767 -0.80191 0.34432
true	0.15464 0.34523 0.76516 -0.067509 -0.22752 0.17635 0.060849 -0.73683 -0.010929 -0.15506 -0.037127 0.44122 0.49196 0.161 0.059594 -0.34585 0.38906 0.58412 -0.18402 0.91904 0.16361 -0.42808 -0.41092 -0.48833 0.13149 0.48545 0.31245 -0.32755 -0.29294 0.036161 0.093949 0.22658 -0.17662 -0.42009 0.36593 -0.017106 0.12171 0.41396 0.16341 -0.3657 -0.2852 0.23694 0.45269 -0.1636 -0.30904 -0.51067 0.72956 0.052385 -0.44922 -0.49141 0.35438 -0.047273 0.80949 0.64988 0.22007 -2.1907 0.45671 0.33745 1.3088 -0.22552 0.0091219 0.74043 -0.70664 -0.50473 1.2026 0.068264 0.37138 0.081119 -0.11622 -0.19866 0.15098 0.077015 -0.1155 -0.092158 0.51428 -0.13918 0.19576 -0.64354 -0.62059 0.10805 -0.2634 0.33458 -0.36549 -0.083662 -1.0601 -0.48679 -0.10551 -0.19984 -0.16644 -0.32716 -0.23584 0.10837 0.1829 0.34429 -0.43508 -0.77543 -0.9318 -0.80066 0.070027 0.47041

Object	-0.16261 0.87222 0.0086677 0.58327 0.092695 0.4641 -0.5059 -0.38724 0.97244 0.11728 -0.44092 -0.64257 0.58841 -0.41069 0.16769 0.043076 0.11497 1.3557 -0.045843 0.28392 -0.18252 0.05081 -0.40996 -0.11158 0.66707 -0.071712 0.23119 0.50079 0.25795 -0.42406 0.27647 0.54694 -0.52765 0.15324 0.62865 -0.32388 0.30747 -0.030743 0.52224 -0.3493 -0.77926 -0.505 0.52575 0.20928 -0.40334 0.2378 0.1704 0.71969 -0.22712 -0.077639 1.2241 0.42925 0.44532 1.2221 -0.069814 -1.458 0.1049 -0.055047 1.5673 0.46821 0.11327 0.76072 -0.47217 0.52064 0.82261 -0.18815 0.50718 -0.14995 -0.2817 -0.30089 -0.51976 -0.46393 0.78791 -0.023017 -0.059957 -0.27827 0.049114 -0.64217 -0.65806 -0.18655 -0.42251 0.070198 -0.57117 -0.82888 -0.76626 0.10035 0.5405 -0.054826 0.46765 -0.37122 -0.38853 0.36335 0.38018 0.38728 0.78351 -0.262 -0.73744 -0.67453 0.41328 -0.4813

valid	0.059369 0.29899 0.099834 9.5445e-05 0.1593 0.16494 0.47706 0.25892 0.50351 0.028673 -0.32095 0.63187 0.55425 -0.19256 0.54504 -0.379 0.7826 1.1628 0.27472 0.54645 0.051401 0.11897 0.44424 -0.11146 0.22811 -0.8975 0.73855 -0.47275 0.0022944 -0.18224 0.29705 0.10758 0.0054202 -0.01406 0.45567 0.24548 -0.061069 -0.10315 -0.58652 -0.22686 -0.041835 -0.00067681 1.0702 -0.42444 -0.36729 -1.5606 0.42233 -0.23762 -1.1408 -0.35673 0.91375 0.10379 0.32663 0.18864 -0.12274 -0.29193 0.48188 -0.3102 1.7065 -0.44739 -0.34185 -0.094277 -0.50711 0.036487 0.81634 0.074207 -0.47538 -0.24895 -0.38803 -0.64196 -1.2001 0.18421 0.73733 -0.026524 0.73603 0.60383 -0.59033 -0.69623 -1.5269 -0.81833 0.2604 -0.58948 -0.45269 -0.60026 -0.63328 -0.097068 1.0023 0.13459 0.14182 -0.24717 -0.98238 0.30926 0.31015 -0.14777 0.079195 0.7986 -0.59399 0.031057 -0.18172 -0.14145
code	0.040031 -0.24448 0.73053 -0.78522 0.10176 1.1329 -0.54574 -0.16502 -0.22271 0.26857 -0.0028017 -0.53323 0.23771 -0.013369 -0.31623 0.31315 1.4045 0.3017 -0.3337 0.026709 -0.23063 -0.35121 0.3957 -0.048798 0.20233 -0.42681 0.086992 -0.32299 -0.51931 -0.39928 0.40101 1.0389 0.11716 -0.29213 0.40621 0.34681 -0.21982 -0.99274 0.27808 0.30669 -0.15944 -0.43364 0.10627 0.13963 -0.47956 -0.080051 -0.062879 -0.10151 -0.20968 -0.19341 0.45186 0.61042 -0.064944 0.96259 -0.85312 -1.127 0.15543 -0.13428 2.2155 0.61877 -0.20611 -0.513 -0.68671 -0.048113 0.87501 -0.11171 -0.40812 -0.042767 0.6316 0.14233 -0.23214 0.036219 0.32677 0.13164 0.37036 0.17449 0.12896 0.12132 -0.88154 0.11403 -0.24804 -1.2929 -0.34626 -0.30557 -1.4405 1.2882 0.31974 -1.2983 -0.18529 0.85937 -0.19239 0.83516 -0.56495 0.0085904 0.70475 -0.095823 -0.26036 -0.95226 -0.059152 -0.19183
compiler	-0.74214 0.39292 0.2363 -0.46169 0.60863 0.3749 0.39607 -0.055904 0.056375 0.25582 0.13342 -0.65563 -0.02631 -0.8217 -0.066487 0.42067 -0.24882 0.38359 0.33337 -0.067473 -0.78314 -0.74631 0.2405 -0.2826 0.37812 -0.38754 0.3273 0.33509 -0.27204 -0.18968 -1.0968 1.0253 -0.84483 0.62573 -0.067595 0.81074 -0.33525 -0.62113 0.60881 -0.57963 -0.56754 0.70353 -0.20478 0.96804 0.044059 0.22432 -0.068267 -0.40805 -0.4518 0.39065 -0.57419 0.69499 0.11062 -0.32265 -0.28295 0.64496 -0.62741 -0.13756 0.66727 0.099884 -0.13409 -1.1495 -0.73722 0.65593 0.31823 -0.35709 0.24654 0.028538 0.51297 -0.43911 -0.54182 0.32268 0.85722 -0.32153 0.54884 -0.096228 -0.52511 0.089043 -0.55889 0.20409 -0.47989 -0.35659 -1.1148 -0.79598 -0.8123 1.3484 0.42472 -0.75401 -0.30895 0.77975 0.25127 0.82644 -0.17095 0.0977 0.19048 -0.13826 0.41705 -1.4225 -0.0092486 -0.31249
error	-0.37751 -0.16363 0.9482 0.49473 -0.93882 0.29924 0.60475 -0.18593 0.31074 0.26725 0.09804 0.46036 -0.40026 -0.10194 0.88167 0.074454 -0.40784 0.33626 0.12905 0.54874 0.19636 -0.41899 -0.013323 0.35711 0.6171 -0.62658 0.035084 0.59917 0.10591 -0.3158 0.36572 0.30983 0.053684 0.23371 0.18553 -0.28993 -0.28857 0.66251 0.30571 -0.061962 0.044995 0.19384 -0.037629 -0.21041 -0.96828 -0.49412 0.75305 -0.85956 -1.2005 -0.051731 1.0943 0.19854 -0.72221 0.62149 -0.44581 -1.5249 0.14714 0.28686 1.6707 1.2289 -0.7995 -0.58901 -0.35022 0.27493 0.38007 -0.62959 -0.092304 -0.66897 0.17867 0.44893 -1.2392 0.94908 0.15577 0.10509 0.58715 0.66068 -0.018605 0.45815 -0.16067 0.56437 0.032039 0.71425 -1.098 -0.61696 -1.662 -0.52034 0.84659 0.017937 -0.33939 -0.37645 -0.82214 -0.039451 -0.48715 0.074561 0.26701 0.11305 0.26274 -0.78706 -0.26981 -0.44156

typeBindingOfB	
isAssignCompatible	
typeBindingOfO	
false	0.53588 -0.64758 0.37271 -0.39776 0.33143 0.47949 -0.45324 -0.18371 0.56104 0.33974 0.22421 1.1222 -0.067077 1.0364 0.78375 0.087422 0.17579 0.43862 -0.043684 0.31519 0.12502 -0.22142 0.30314 -0.037768 -0.40332 -0.041101 0.44794 0.041266 -0.76652 -0.18916 1.0987 0.16179 -0.71974 -0.37831 -0.040388 -0.27561 -0.57556 -0.56103 0.25741 0.18853 -0.63024 0.37074 0.16515 -0.61251 0.028825 -1.0683 0.54949 -0.28479 -0.65523 -0.86132 0.60991 0.66066 0.50234 0.53776 -0.1306 -1.4271 0.76583 0.20818 1.3225 -0.47777 -0.40323 0.37521 -0.41479 -0.22484 0.57157 -0.97954 0.43635 -0.33094 -0.073387 -0.64384 -0.55661 0.24342 0.061796 -0.77522 0.45624 1.2528 0.69484 -0.074979 -1.4924 0.024531 0.96001 0.68988 -0.43509 0.0083318 -0.80888 -0.74959 0.026009 0.3727 0.21849 -0.094573 -0.59881 -0.22057 0.18454 -0.39479 0.87915 -0.18896 -1.055 -0.50723 -0.070242 -0.14288
type	-0.46941 1.0232 0.0052417 0.18489 -1.0635 0.13689 0.69977 -0.30627 -0.16586 0.45704 0.01229 -0.48474 0.37836 0.17034 0.85067 0.33692 0.2262 0.38728 0.59878 0.14127 -0.051814 -0.37338 -0.54281 -0.24778 0.090452 0.002322 0.18356 -0.17295 -0.23597 0.16531 0.035819 1.0133 0.15591 -0.17079 0.90975 0.39448 0.28375 -0.39955 0.70452 0.25146 0.016597 -0.48176 -0.012688 -0.71924 0.29969 0.23876 0.28271 0.040394 -0.44936 -0.73793 0.15482 0.68139 0.2535 0.47317 -0.14515 -1.5533 -0.12665 0.27583 1.7785 0.62287 -0.0026868 0.85672 -0.092051 0.86043 1.4102 0.2342 0.043018 0.02134 -0.0056198 -0.069628 -0.50595 -0.42616 0.43125 0.58374 0.59453 0.029196 -0.064607 0.068701 -0.87315 -0.30559 0.49768 -0.49717 -0.43532 -0.10364 -0.91355 0.51619 0.0066056 -1.0996 -0.023195 0.17907 -0.64761 0.1704 0.53353 0.22221 0.6111 0.20063 -0.49639 -1.478 0.91582 -0.36058
Binding	-0.20238 -0.45168 0.48653 0.47166 0.10505 -0.4271 -0.66236 0.47137 -0.21895 0.292 -0.18103 -1.0903 0.095217 -0.19561 0.3382 0.61074 -0.076703 0.1266 0.50538 -0.41606 -0.33197 -0.46378 -0.071729 0.53706 0.49717 -0.00953 0.12512 -0.28406 0.17853 0.084132 1.0555 0.23375 0.36149 -0.44541 0.74003 -0.23513 0.57971 -0.78094 -0.92889 -0.016586 0.08415 0.46403 0.48007 -0.42376 -0.6019 -0.97262 -0.51004 0.44344 -1.3971 -0.090583 0.024376 0.091607 -0.096554 0.43931 -0.61487 -0.83991 -0.094932 -0.60674 1.4692 0.070689 0.14128 0.1458 -0.19781 -0.19676 0.76294 0.062684 -0.51404 0.83447 -0.29721 -1.5509 0.11544 -0.63574 1.3059 -0.42144 -0.32087 -0.62246 -0.25217 -1.265 -0.94898 -0.11059 -0.11638 -0.45933 -0.3402 -0.24444 -0.63423 0.56282 0.91674 -0.19113 -0.42731 -0.52372 -0.79764 -0.34255 -0.44808 0.14392 0.47984 0.26168 -0.13295 -0.40808 0.69483 0.40646
Assign	-0.67105 -0.1465 0.022958 0.44583 -0.60739 0.22657 -0.94973 -0.033145 0.095055 0.47077 -0.15701 -0.1186 0.21515 -0.36859 -0.17071 -0.49673 0.37779 0.3647 -0.3376 0.58155 -0.36777 -0.77041 -0.2293 -0.37628 -0.46183 -0.96885 0.17455 0.11781 0.35403 -0.29148 0.26542 0.40069 -0.71682 0.25586 -0.40484 0.25554 -0.50563 -0.28911 0.20449 0.12192 0.48098 0.51476 -0.19607 -0.65365 -0.71749 0.20401 -0.23367 -0.42034 -0.9009 -0.045766 0.0079793 -0.17902 -0.58424 0.44207 -0.17834 -0.0078719 0.66609 -0.32337 0.7835 0.1376 -0.30285 0.17287 0.25901 0.19527 0.58553 -0.26422 -0.23869 0.66322 -0.0068111 0.28528 -0.7351 -0.41864 0.19895 -0.17864 0.24058 -0.14819 -0.83351 -0.4791 0.013254 -0.54663 -0.27788 -0.3756 -0.74167 -0.65403 -0.44858 -0.00073795 0.22174 0.12332 0.059266 0.11686 -0.45903 0.215 -0.04324 -1.2329 0.10771 -0.28638 -0.2467 -0.2333 -0.38839 0.21046
Compatible	-0.51349 0.33386 0.32001 -0.12035 0.24144 0.21088 0.67557 -0.60055 0.76563 0.26657 0.27532 -0.15856 0.69706 -0.16707 0.59564 -0.29794 0.1023 0.64056 0.083053 0.20082 -0.83335 -0.7732 0.81808 0.4439 0.36985 -0.11364 0.042213 -0.41683 -0.42419 0.72481 0.65859 0.92776 -0.64367 0.17001 1.5524 0.48418 0.23173 -0.12795 -0.12014 -0.71583 0.24447 -0.033496 0.19895 0.16828 -0.89252 -0.46113 0.45953 0.12191 -0.46109 -0.28919 0.02053 0.36164 -0.48312 -0.42694 0.11271 -0.66938 0.27089 0.11521 1.1876 -0.29204 -0.16488 -0.31052 -0.67538 0.45011 -0.15838 -0.044421 -0.1772 0.018736 0.17937 -0.41758 0.37022 0.092385 0.73046 -0.41953 0.45592 -0.012305 -0.26661 0.15953 -0.026464 -0.26119 0.19241 -0.2695 -0.47604 0.6837 -1.3095 1.3113 0.19189 -0.20589 -0.22323 -0.025003 -0.10407 1.0293 -0.11779 -0.29491 0.048254 -0.60013 -0.43741 -0.71804 0.85745 -0.10499
type	-0.46941 1.0232 0.0052417 0.18489 -1.0635 0.13689 0.69977 -0.30627 -0.16586 0.45704 0.01229 -0.48474 0.37836 0.17034 0.85067 0.33692 0.2262 0.38728 0.59878 0.14127 -0.051814 -0.37338 -0.54281 -0.24778 0.090452 0.002322 0.18356 -0.17295 -0.23597 0.16531 0.035819 1.0133 0.15591 -0.17079 0.90975 0.39448 0.28375 -0.39955 0.70452 0.25146 0.016597 -0.48176 -0.012688 -0.71924 0.29969 0.23876 0.28271 0.040394 -0.44936 -0.73793 0.15482 0.68139 0.2535 0.47317 -0.14515 -1.5533 -0.12665 0.27583 1.7785 0.62287 -0.0026868 0.85672 -0.092051 0.86043 1.4102 0.2342 0.043018 0.02134 -0.0056198 -0.069628 -0.50595 -0.42616 0.43125 0.58374 0.59453 0.029196 -0.064607 0.068701 -0.87315 -0.30559 0.49768 -0.49717 -0.43532 -0.10364 -0.91355 0.51619 0.0066056 -1.0996 -0.023195 0.17907 -0.64761 0.1704 0.53353 0.22221 0.6111 0.20063 -0.49639 -1.478 0.91582 -0.36058
Binding	-0.20238 -0.45168 0.48653 0.47166 0.10505 -0.4271 -0.66236 0.47137 -0.21895 0.292 -0.18103 -1.0903 0.095217 -0.19561 0.3382 0.61074 -0.076703 0.1266 0.50538 -0.41606 -0.33197 -0.46378 -0.071729 0.53706 0.49717 -0.00953 0.12512 -0.28406 0.17853 0.084132 1.0555 0.23375 0.36149 -0.44541 0.74003 -0.23513 0.57971 -0.78094 -0.92889 -0.016586 0.08415 0.46403 0.48007 -0.42376 -0.6019 -0.97262 -0.51004 0.44344 -1.3971 -0.090583 0.024376 0.091607 -0.096554 0.43931 -0.61487 -0.83991 -0.094932 -0.60674 1.4692 0.070689 0.14128 0.1458 -0.19781 -0.19676 0.76294 0.062684 -0.51404 0.83447 -0.29721 -1.5509 0.11544 -0.63574 1.3059 -0.42144 -0.32087 -0.62246 -0.25217 -1.265 -0.94898 -0.11059 -0.11638 -0.45933 -0.3402 -0.24444 -0.63423 0.56282 0.91674 -0.19113 -0.42731 -0.52372 -0.79764 -0.34255 -0.44808 0.14392 0.47984 0.26168 -0.13295 -0.40808 0.69483 0.40646

