Bug	-0.42404 -0.11038 0.94873 -0.71327 -0.19712 0.077077 0.96163 -0.35674 0.8292 -0.3676 0.15004 0.62746 0.091752 0.11142 -0.015791 0.84124 0.24467 0.023366 0.54286 -0.068057 -0.87995 -0.59202 0.18641 0.50787 0.55458 0.48448 -0.42383 0.22249 -0.8823 -0.041186 -0.049256 0.31483 0.25182 0.10876 0.45824 -0.12085 -0.96037 -0.69492 0.93473 -0.31937 -0.31673 0.24099 -0.3822 -0.72243 0.18017 0.62991 0.0030923 -0.36699 -0.21576 -0.1654 -0.55928 0.11278 -0.62944 0.56955 -0.59166 -0.92922 0.044769 0.32981 0.697 -0.13983 0.40377 1.7035 -0.68531 0.49846 0.29719 0.27865 -0.18668 -0.93605 0.66117 0.01478 -0.30582 -0.4491 -0.44983 -0.39544 -0.37577 -0.18869 0.06883 -0.04811 -0.33131 1.0204 0.32457 -0.88047 0.018825 -0.303 -0.88685 0.35682 -0.3993 -0.10512 -0.86557 0.37554 0.48771 -0.28133 0.12722 -0.56959 0.33936 0.40162 0.1109 -0.20506 0.18093 -0.23185
OpenAction	
select	-0.42039 0.20988 0.13554 -0.21468 0.55444 0.12194 -0.074416 0.31568 -0.48298 -0.55031 -0.0059394 -0.56243 0.11166 -0.81882 -0.13762 0.12552 0.37191 0.22702 -0.087428 0.097343 -0.51746 -1.1255 0.074819 -0.8948 -0.83138 -1.0482 0.3544 -0.21252 -0.012755 0.21609 0.16736 0.53055 -0.48007 -0.20704 0.57797 0.55594 -0.488 -0.064987 -0.26183 -0.59804 0.078515 -0.61847 0.27716 -0.59378 -0.34207 0.19802 -0.62943 -0.17125 -0.24739 -0.88966 -0.55224 0.16389 -0.37103 -0.16631 -0.15289 -1.0422 0.026474 0.036831 1.5609 -0.11436 -0.52623 0.79693 0.54726 0.30315 0.76214 0.097749 0.18286 0.81565 0.65187 0.068928 -0.0087827 -0.26965 -0.096102 -0.40018 -0.44847 0.045974 -0.87847 0.020021 0.18186 -0.89197 0.22769 -0.23902 -0.19305 -0.18494 -0.49356 -0.51179 0.58253 0.11517 0.50474 0.18888 -0.47747 0.61658 0.475 -0.14577 -0.62423 0.059246 0.12798 0.10097 0.67523 0.050562
ITypeParameter	
Open	-0.61034 0.60236 0.61765 0.59614 0.55641 0.2301 -0.20742 0.8231 0.090912 -0.53776 0.17528 0.62751 0.15772 0.20984 -0.39661 0.47713 -0.27221 0.72068 -0.94254 -0.0011616 0.049811 0.44193 0.44902 0.47736 0.91806 -0.074704 0.43354 -1.389 0.40696 -0.15823 -0.51772 0.36528 0.12091 -0.20566 0.78396 -0.096688 -0.36237 0.02203 -0.44326 0.21395 0.046645 -1.1911 0.27869 0.042393 0.163 -0.2473 -0.18931 0.31419 0.37372 -0.83508 -0.54857 -0.38864 -0.031954 0.22341 -0.38107 -2.7609 0.28743 0.14508 2.3684 0.4966 -0.60259 0.42523 -0.16205 0.19028 0.38663 -0.39419 0.12353 0.37308 0.01648 -0.45128 -0.19476 -0.062371 0.31139 -0.83917 -0.62146 -0.17515 0.64186 0.19808 -0.44694 -0.24301 1.0159 -0.49681 -0.29576 0.94691 -0.80177 -0.0070947 0.041663 0.72282 0.026254 0.62928 0.073193 0.25655 0.16951 0.66374 -0.18381 0.66264 0.15201 -0.13958 0.72138 0.52252
Action	0.15361 -0.23028 -0.13785 -0.33381 -0.1692 0.20648 -0.52062 0.050359 -0.45622 0.067293 0.12352 -0.47326 -0.3427 -0.3881 -0.055537 0.60252 -0.28944 0.24895 -0.32947 0.18733 1.0086 -0.52094 -0.052571 -0.14725 0.01307 0.87812 0.035201 -0.019695 -0.27827 -0.10851 -0.095032 0.51762 -0.43206 -0.10844 0.39139 -0.33039 0.23574 -0.3967 -0.59938 0.045518 -1.0133 0.085907 -0.085442 -0.27218 0.17341 -0.43363 -0.22604 -0.26621 -0.46305 -0.52453 0.23799 0.26374 0.038353 1.1776 0.081402 -2.1597 0.22973 -0.47575 1.7648 0.61523 -0.24286 0.68164 -0.2642 0.025848 1.1915 -0.2301 -0.43394 0.50849 -0.15991 -0.11117 0.5634 -0.82533 -0.44134 -0.3453 0.30304 0.10728 -0.24844 0.29823 -0.87395 -0.11774 0.30231 -0.48432 0.0070773 0.21348 -1.5359 0.041693 -0.30095 0.22936 0.19566 -0.87984 -0.23097 -0.49056 -0.57858 0.48505 0.43462 0.33035 0.38916 -0.068042 0.77315 0.064355
IType	
Parameter	-0.91764 0.079889 -0.15248 1.11 -0.69633 0.5662 -0.16584 -0.36496 -0.20524 0.37598 0.22226 -0.41385 -0.32852 -0.2381 0.42677 0.23588 -0.16021 1.2105 0.83345 -0.15443 0.035294 -1.0828 -0.084742 0.44196 0.22169 0.078941 0.23818 0.43015 -0.72714 -0.6199 -0.010833 0.0069916 0.24243 1.1532 1.0982 -0.041059 0.31017 0.67925 0.31363 -1.0447 0.063159 -0.22826 0.34778 0.48777 -0.403 -0.29 -0.32791 0.1411 -0.72391 0.50792 1.1692 0.069638 0.36933 0.86819 0.32905 -0.19936 -0.11623 -0.20649 0.34488 0.67494 -0.3036 -0.54693 0.31715 0.52689 1.3791 0.36137 -0.6053 -0.76725 0.97532 -0.1686 -0.66659 0.3472 0.57306 0.14567 1.6106 -0.36775 -0.61028 -0.84422 -0.13513 -0.12564 -0.52312 -0.66688 -1.1065 -0.79482 0.21043 0.76528 0.70327 -1.0804 0.25858 -1.2346 -0.90731 0.51968 0.35863 -0.598 0.55309 -0.1248 0.36357 -0.39172 0.043882 0.15676

OpenAction	
select	-0.42039 0.20988 0.13554 -0.21468 0.55444 0.12194 -0.074416 0.31568 -0.48298 -0.55031 -0.0059394 -0.56243 0.11166 -0.81882 -0.13762 0.12552 0.37191 0.22702 -0.087428 0.097343 -0.51746 -1.1255 0.074819 -0.8948 -0.83138 -1.0482 0.3544 -0.21252 -0.012755 0.21609 0.16736 0.53055 -0.48007 -0.20704 0.57797 0.55594 -0.488 -0.064987 -0.26183 -0.59804 0.078515 -0.61847 0.27716 -0.59378 -0.34207 0.19802 -0.62943 -0.17125 -0.24739 -0.88966 -0.55224 0.16389 -0.37103 -0.16631 -0.15289 -1.0422 0.026474 0.036831 1.5609 -0.11436 -0.52623 0.79693 0.54726 0.30315 0.76214 0.097749 0.18286 0.81565 0.65187 0.068928 -0.0087827 -0.26965 -0.096102 -0.40018 -0.44847 0.045974 -0.87847 0.020021 0.18186 -0.89197 0.22769 -0.23902 -0.19305 -0.18494 -0.49356 -0.51179 0.58253 0.11517 0.50474 0.18888 -0.47747 0.61658 0.475 -0.14577 -0.62423 0.059246 0.12798 0.10097 0.67523 0.050562
ITypeParameter	
Open	-0.61034 0.60236 0.61765 0.59614 0.55641 0.2301 -0.20742 0.8231 0.090912 -0.53776 0.17528 0.62751 0.15772 0.20984 -0.39661 0.47713 -0.27221 0.72068 -0.94254 -0.0011616 0.049811 0.44193 0.44902 0.47736 0.91806 -0.074704 0.43354 -1.389 0.40696 -0.15823 -0.51772 0.36528 0.12091 -0.20566 0.78396 -0.096688 -0.36237 0.02203 -0.44326 0.21395 0.046645 -1.1911 0.27869 0.042393 0.163 -0.2473 -0.18931 0.31419 0.37372 -0.83508 -0.54857 -0.38864 -0.031954 0.22341 -0.38107 -2.7609 0.28743 0.14508 2.3684 0.4966 -0.60259 0.42523 -0.16205 0.19028 0.38663 -0.39419 0.12353 0.37308 0.01648 -0.45128 -0.19476 -0.062371 0.31139 -0.83917 -0.62146 -0.17515 0.64186 0.19808 -0.44694 -0.24301 1.0159 -0.49681 -0.29576 0.94691 -0.80177 -0.0070947 0.041663 0.72282 0.026254 0.62928 0.073193 0.25655 0.16951 0.66374 -0.18381 0.66264 0.15201 -0.13958 0.72138 0.52252
Action	0.15361 -0.23028 -0.13785 -0.33381 -0.1692 0.20648 -0.52062 0.050359 -0.45622 0.067293 0.12352 -0.47326 -0.3427 -0.3881 -0.055537 0.60252 -0.28944 0.24895 -0.32947 0.18733 1.0086 -0.52094 -0.052571 -0.14725 0.01307 0.87812 0.035201 -0.019695 -0.27827 -0.10851 -0.095032 0.51762 -0.43206 -0.10844 0.39139 -0.33039 0.23574 -0.3967 -0.59938 0.045518 -1.0133 0.085907 -0.085442 -0.27218 0.17341 -0.43363 -0.22604 -0.26621 -0.46305 -0.52453 0.23799 0.26374 0.038353 1.1776 0.081402 -2.1597 0.22973 -0.47575 1.7648 0.61523 -0.24286 0.68164 -0.2642 0.025848 1.1915 -0.2301 -0.43394 0.50849 -0.15991 -0.11117 0.5634 -0.82533 -0.44134 -0.3453 0.30304 0.10728 -0.24844 0.29823 -0.87395 -0.11774 0.30231 -0.48432 0.0070773 0.21348 -1.5359 0.041693 -0.30095 0.22936 0.19566 -0.87984 -0.23097 -0.49056 -0.57858 0.48505 0.43462 0.33035 0.38916 -0.068042 0.77315 0.064355
IType	
Parameter	-0.91764 0.079889 -0.15248 1.11 -0.69633 0.5662 -0.16584 -0.36496 -0.20524 0.37598 0.22226 -0.41385 -0.32852 -0.2381 0.42677 0.23588 -0.16021 1.2105 0.83345 -0.15443 0.035294 -1.0828 -0.084742 0.44196 0.22169 0.078941 0.23818 0.43015 -0.72714 -0.6199 -0.010833 0.0069916 0.24243 1.1532 1.0982 -0.041059 0.31017 0.67925 0.31363 -1.0447 0.063159 -0.22826 0.34778 0.48777 -0.403 -0.29 -0.32791 0.1411 -0.72391 0.50792 1.1692 0.069638 0.36933 0.86819 0.32905 -0.19936 -0.11623 -0.20649 0.34488 0.67494 -0.3036 -0.54693 0.31715 0.52689 1.3791 0.36137 -0.6053 -0.76725 0.97532 -0.1686 -0.66659 0.3472 0.57306 0.14567 1.6106 -0.36775 -0.61028 -0.84422 -0.13513 -0.12564 -0.52312 -0.66688 -1.1065 -0.79482 0.21043 0.76528 0.70327 -1.0804 0.25858 -1.2346 -0.90731 0.51968 0.35863 -0.598 0.55309 -0.1248 0.36357 -0.39172 0.043882 0.15676

public	0.27528 0.22559 -0.29646 -0.19067 0.18936 0.61855 -0.89264 0.28183 0.40389 -0.065414 -0.50938 -0.08886 -0.20152 -0.13439 -0.021077 -0.24169 0.54612 0.65442 -0.48053 0.39893 -0.28369 0.13064 0.28003 -0.58927 -0.35813 -0.58996 0.20764 0.030577 -0.24032 0.17751 0.38048 0.5518 -0.043817 0.59522 -0.83406 0.62643 -0.3808 0.0078803 -0.3535 0.4471 -0.30419 -0.55965 -0.28996 0.19426 0.20166 -0.27511 0.49588 -0.42664 0.10917 -0.87574 0.23565 -0.68206 0.22442 0.74806 -0.19348 -2.6988 0.71671 -0.45328 2.2088 0.02737 -0.099598 0.16888 0.14004 0.13678 0.78804 0.045185 0.42819 -0.036869 1.0838 0.062532 -0.040702 -0.27305 0.29982 -0.58137 -0.20059 0.29416 0.35478 0.28035 -1.3558 -0.53859 1.0382 0.010252 0.44126 0.46009 -1.5 -0.34445 -0.65755 0.6388 0.18468 -0.70406 0.25236 -0.50973 -0.17074 0.42255 -0.44975 0.63835 0.28452 -0.4795 0.59833 0.2318
class	0.44507 1.1348 0.33681 0.033357 -1.0405 0.24413 0.43113 0.041197 -0.81321 1.1462 -0.041166 -0.56681 -0.37751 0.010833 -0.49384 -0.98461 0.2911 0.62519 0.0021157 0.076011 0.57661 -0.42666 0.026943 -0.31422 0.22591 -0.40706 -0.44773 -0.46698 0.071828 0.087351 -0.25286 1.0292 -0.17695 -0.57001 0.69949 0.49922 -0.23905 0.21815 0.067587 0.91464 -0.62297 -0.85661 -0.1409 -0.61247 0.66159 0.090501 0.19563 0.35387 0.18804 0.30706 -0.73807 0.019089 -0.32798 0.51793 -0.003088 -1.7927 0.08279 -0.13564 2.0857 0.16076 -0.41443 0.42641 0.055687 0.03359 0.74283 -0.19547 0.53011 0.19503 0.44296 0.54503 -0.030984 -0.49682 -0.11398 0.085998 -0.046392 0.92739 0.088696 -0.28703 -0.72927 -1.1755 -0.26028 -0.55622 -0.026987 -0.20324 -0.81465 -0.12299 -1.1006 -1.5845 -0.18962 -0.32423 -0.99665 -0.060921 0.43139 0.38787 0.24177 0.29155 -0.080935 -0.70294 0.47778 -0.33316
Cell	0.2781 -0.072883 -0.11981 0.048866 0.65175 0.38181 0.5646 -0.16238 0.19646 0.54557 -0.0248 0.35064 -0.22561 0.91107 0.77397 0.31479 -0.71865 -0.15204 0.92409 -0.69064 -0.37207 -0.76408 0.18006 -0.019564 0.012134 0.23077 0.71955 -0.56086 0.46578 0.67348 0.69776 0.74497 0.16251 0.31527 0.74012 0.083686 -0.41679 0.004519 0.67537 0.54468 0.29642 -0.70395 -0.12426 -0.35115 -0.10212 -0.36367 0.060949 0.91657 -0.42604 -0.020315 0.47491 -0.0017477 0.34308 0.65416 0.041389 -1.3093 -0.85975 -0.45407 1.5118 0.76834 -0.37164 0.39806 0.88374 -0.58139 0.96746 0.80442 0.23388 0.23286 0.39331 0.052821 0.53099 -0.31617 0.44748 -1.0953 -0.099008 0.10441 0.64685 -0.98597 -0.13178 0.28297 1.0529 -0.06623 -0.88102 0.92792 -1.9937 0.558 1.0662 -0.54101 -0.49837 0.17504 0.12882 -0.0066047 0.80912 0.016775 0.25643 -0.14992 0.43171 -0.74729 1.55 -0.63256

public	0.27528 0.22559 -0.29646 -0.19067 0.18936 0.61855 -0.89264 0.28183 0.40389 -0.065414 -0.50938 -0.08886 -0.20152 -0.13439 -0.021077 -0.24169 0.54612 0.65442 -0.48053 0.39893 -0.28369 0.13064 0.28003 -0.58927 -0.35813 -0.58996 0.20764 0.030577 -0.24032 0.17751 0.38048 0.5518 -0.043817 0.59522 -0.83406 0.62643 -0.3808 0.0078803 -0.3535 0.4471 -0.30419 -0.55965 -0.28996 0.19426 0.20166 -0.27511 0.49588 -0.42664 0.10917 -0.87574 0.23565 -0.68206 0.22442 0.74806 -0.19348 -2.6988 0.71671 -0.45328 2.2088 0.02737 -0.099598 0.16888 0.14004 0.13678 0.78804 0.045185 0.42819 -0.036869 1.0838 0.062532 -0.040702 -0.27305 0.29982 -0.58137 -0.20059 0.29416 0.35478 0.28035 -1.3558 -0.53859 1.0382 0.010252 0.44126 0.46009 -1.5 -0.34445 -0.65755 0.6388 0.18468 -0.70406 0.25236 -0.50973 -0.17074 0.42255 -0.44975 0.63835 0.28452 -0.4795 0.59833 0.2318
void	0.45048 -0.29114 0.35896 -0.36875 -0.14341 0.21088 -0.40443 0.078197 0.66459 0.087894 -0.23002 -0.057786 0.31533 -0.63093 0.1943 -0.74203 0.60223 1.1905 0.26044 0.076813 -0.14641 0.19698 0.0020339 -0.32311 0.98226 -0.34056 0.52469 0.18156 0.2685 -0.24016 0.70354 -0.2537 -0.17451 -0.6449 -0.69952 -0.0025782 0.31347 0.10532 -0.53005 -0.38257 -0.0086198 0.12806 0.20828 -0.61822 -0.009817 -0.13673 -0.2286 0.88521 -0.66454 0.38073 0.19823 -0.013422 0.37759 0.7803 0.15908 -1.2115 0.49671 -0.27838 0.97573 0.49127 -0.33934 -0.24914 -0.39227 -0.15778 0.73134 -0.27663 0.75974 -0.48518 -0.85091 -0.78924 0.38686 -0.13663 -0.015907 -0.001638 0.2515 0.13338 -0.17415 0.067033 -0.080699 0.38118 -0.43479 -0.29665 0.032879 0.04926 -0.53724 -0.34685 0.63794 -0.1478 -0.13172 -0.43358 -0.56382 0.19125 -0.48291 0.71199 0.67556 0.28766 0.46217 0.36144 -0.50362 0.062256
arg	-0.78181 -0.042136 0.46114 0.0013437 -1.0039 0.64259 0.7042 0.9297 -0.35808 -0.75715 1.1919 -0.17398 -0.65176 0.68724 0.75254 0.57554 0.73902 0.91252 0.7779 0.37314 0.39212 -0.027763 0.016156 2.0728 0.58831 0.088324 1.3243 0.21132 0.38847 -0.084637 -0.24826 0.12834 -0.093104 0.51966 0.12753 -0.18216 -0.46249 0.2096 0.72328 -0.49948 0.48416 -0.1628 -0.13362 -0.36613 0.30465 -0.73462 -0.51755 0.84636 -0.74581 0.19936 0.19461 0.15503 -0.38522 -0.33535 -0.44055 0.075866 0.53414 0.60531 -0.10276 0.039756 0.79502 -0.1735 0.33476 0.36871 0.47375 -0.29805 -1.0742 -0.35453 -0.39178 -0.00029333 0.71962 0.43202 -0.59165 -1.0755 -0.98761 -0.77022 0.76705 0.061095 -0.31824 -0.31668 -0.042452 -0.23485 0.26525 0.57356 0.073206 0.85536 -0.64626 0.93121 0.55191 -0.25521 -0.36727 -0.75169 -0.25186 -0.65067 0.4654 0.55373 -0.074458 -0.56818 -0.45146 0.13525

source	-0.54094 -0.076228 0.89303 -0.21225 0.5825 -0.3005 0.12909 -0.52773 0.92862 0.11514 -0.12677 0.096937 0.31288 0.050512 -0.32283 -0.3004 0.22007 -0.84137 -0.06254 0.17903 -0.42624 -0.10462 -0.40554 -0.10051 -0.40218 -0.015057 0.52526 0.15915 -0.18149 0.41998 0.14463 -0.021693 -0.64978 -0.090267 0.19731 0.099473 -0.32515 0.4068 0.3622 0.022279 -0.551 -0.12464 -0.16744 -0.094767 0.56511 -0.20268 -0.36092 -0.45798 -0.39297 -0.32961 0.81769 0.32481 0.42147 0.7609 -0.098642 -1.8316 -0.94356 -0.48457 1.6714 0.30485 -0.2748 0.071256 -0.48255 0.089058 1.3761 -0.49029 0.36082 -0.72647 0.58731 -0.14937 -0.13777 -0.040655 0.66596 -0.39209 0.51158 0.073351 0.39566 -0.48165 -1.4742 0.10518 0.58482 0.059647 -0.83053 -0.31453 -0.89902 0.47224 0.13688 0.45488 -0.05007 0.15508 0.47896 0.25437 -0.22414 -0.035257 -0.54084 0.0014581 -0.31231 -1.0292 0.80669 0.1777
editor	-1.1222 -0.92472 -0.34771 -0.98469 1.2372 0.24473 0.01654 -0.40325 -0.15246 0.035927 0.3522 -0.57235 0.41412 -0.063393 -0.72336 -0.24048 0.67194 -0.73004 -0.98689 0.16946 -0.4249 0.27256 -0.1919 -0.010457 1.3351 -0.20873 0.46746 -0.69275 0.27685 0.98648 -0.10852 0.84986 -0.43503 -0.50112 -0.97336 -0.030229 -0.38774 0.12204 0.32147 -0.54946 -0.84081 0.13246 -0.52916 -0.057299 -0.11873 0.23821 -0.47543 -1.0157 0.27223 0.22615 0.68304 -0.042322 -0.048557 0.26187 0.26969 -1.6706 -0.48845 0.55208 0.84531 0.13534 0.074305 0.19656 -0.80219 -0.57986 1.2347 -0.94134 1.2129 0.56298 0.6525 0.98926 0.080515 1.0923 -0.019807 -0.035484 -0.15353 -0.52802 0.33406 0.22749 -1.0076 -0.87019 -0.19897 -0.23866 -0.14405 -0.44842 0.069354 -0.6587 -0.096401 -0.78248 -0.074797 -0.84241 0.62516 0.58263 1.3731 0.087817 -0.34143 0.60219 0.39417 -0.83099 0.27667 0.71004
set	-0.026979 0.0054342 0.22934 0.1992 0.53153 0.46441 -0.16962 0.79351 -0.49407 0.27806 0.40256 0.028784 -0.21689 0.26313 -0.013339 0.24328 0.37118 0.83444 -0.78186 -0.49739 0.69664 -0.51034 0.89815 0.16294 0.81555 -0.64644 -0.1909 -0.24281 -0.27935 -0.30685 -0.60586 0.16049 -0.058313 0.11473 0.16565 -0.14386 -0.066771 -0.041341 -0.17164 -0.40261 -0.21321 -0.44287 0.2134 -0.088432 0.16284 -0.38352 -0.42738 -0.18242 0.16961 -0.70388 -0.13625 -0.28808 0.17642 1.4061 0.11511 -2.6623 -0.10834 0.32273 1.7832 1.0727 -0.11656 0.31391 -0.31614 0.2553 0.83315 -0.083177 -0.22755 0.76016 -0.071007 -0.64414 0.021925 -0.040112 -0.29247 -0.19531 -0.069206 -0.12067 -0.18983 -0.29643 -0.4019 -0.015466 0.87412 -0.047512 -0.72765 0.061269 -1.2187 0.24303 0.16417 0.075568 -0.15996 0.049251 -0.13424 0.27638 -0.35704 -0.22446 -0.57734 -0.048605 0.024131 -0.50613 0.29535 0.10395
caret	-0.29572 0.074049 -0.78322 -0.41563 -0.43741 0.098625 0.65942 -0.51241 -0.10344 -0.063637 -0.21809 0.19932 -0.85321 -0.23547 -0.090492 0.2534 0.042765 0.11862 0.31741 -0.14584 -0.10876 0.072359 -0.047415 0.21208 -0.16263 0.24277 0.026257 0.47376 -0.095794 0.082528 0.099083 0.057966 -0.40616 -0.0037407 0.29496 0.095302 0.77752 0.31629 0.53268 0.25482 -0.36607 -0.24269 0.2651 -0.33908 -0.32317 0.20487 -0.06714 0.31739 -0.24541 0.29237 -0.18277 -0.39151 0.31348 -0.028928 -0.16569 0.41815 0.73338 0.24075 -0.30038 -0.40957 -0.69722 -0.27871 0.26149 0.15781 -0.1853 0.51697 -0.39102 -0.34718 -0.22256 0.59949 -0.054895 0.33938 -0.20436 0.61506 -0.25625 -0.69203 0.50038 -0.18928 0.3115 -0.21987 -1.2558 -0.18545 0.14627 -0.36752 0.11718 0.6278 0.52906 0.18989 0.73829 0.42896 0.30329 0.095875 0.32196 -0.19454 0.80371 -0.57569 0.013708 -0.21372 -0.60123 0.73876
press	-0.81873 -0.74881 -0.022037 -0.41631 -0.20336 0.45832 -0.049757 0.1777 0.1313 0.31787 0.025621 -0.21384 0.15744 -0.26173 -0.90298 0.55429 0.2071 -0.62957 -0.78768 -0.61491 -0.084646 0.43343 -0.17154 0.18438 0.10377 0.4816 0.55347 -0.41268 0.61509 0.49723 0.020336 0.24386 -0.64981 0.38044 -0.19646 0.62065 -0.16545 0.55536 -0.62804 0.30065 -1.1061 -0.25619 -0.41298 0.05286 -0.15202 -1.2422 -0.43235 -0.45739 0.2614 -0.3507 0.55381 0.30836 0.29286 0.99861 -0.025738 -2.3563 -0.56697 0.30285 1.1877 0.077863 -0.69603 0.28269 -0.67023 -0.35027 0.61303 -0.58144 0.56085 1.0716 0.74791 0.46873 -0.30659 -0.047314 0.09366 -1.0084 0.40975 0.46296 0.14638 0.26789 -1.5755 0.27449 0.091283 -0.51304 0.46477 -0.36009 -0.64157 -0.60512 0.14532 -0.11085 0.17086 -0.30415 1.0876 -0.35618 -0.11177 -0.030262 -0.50324 0.31834 0.52226 -0.22629 0.92353 0.083342

caret	-0.29572 0.074049 -0.78322 -0.41563 -0.43741 0.098625 0.65942 -0.51241 -0.10344 -0.063637 -0.21809 0.19932 -0.85321 -0.23547 -0.090492 0.2534 0.042765 0.11862 0.31741 -0.14584 -0.10876 0.072359 -0.047415 0.21208 -0.16263 0.24277 0.026257 0.47376 -0.095794 0.082528 0.099083 0.057966 -0.40616 -0.0037407 0.29496 0.095302 0.77752 0.31629 0.53268 0.25482 -0.36607 -0.24269 0.2651 -0.33908 -0.32317 0.20487 -0.06714 0.31739 -0.24541 0.29237 -0.18277 -0.39151 0.31348 -0.028928 -0.16569 0.41815 0.73338 0.24075 -0.30038 -0.40957 -0.69722 -0.27871 0.26149 0.15781 -0.1853 0.51697 -0.39102 -0.34718 -0.22256 0.59949 -0.054895 0.33938 -0.20436 0.61506 -0.25625 -0.69203 0.50038 -0.18928 0.3115 -0.21987 -1.2558 -0.18545 0.14627 -0.36752 0.11718 0.6278 0.52906 0.18989 0.73829 0.42896 0.30329 0.095875 0.32196 -0.19454 0.80371 -0.57569 0.013708 -0.21372 -0.60123 0.73876

Expected	-0.27796 0.30231 0.18725 -0.12584 -0.12855 -1.0955 -0.034522 0.64725 -0.52823 -0.13457 -0.38564 0.26974 0.25514 -0.5583 0.25261 -0.67444 -0.10364 0.10749 -0.15049 0.013903 0.45408 -0.7743 0.1318 0.91709 -0.35213 -0.60559 0.052164 -0.069311 0.30827 -0.33595 -0.14043 -0.1164 -0.19684 -0.0087591 0.20873 0.82884 0.4546 0.14909 -0.36678 0.17103 -0.69244 -0.76684 0.23169 -0.20194 0.09472 -0.22776 0.22803 -0.76522 0.28131 -1.3426 0.58782 -0.65446 0.35056 0.65476 0.069956 -2.2628 -0.73082 -0.35286 1.8981 0.71912 -0.25904 0.57498 -0.59369 -0.25743 0.095479 0.37312 -0.29276 0.63878 0.11685 -0.68923 0.40351 -0.55259 -0.81625 -0.46859 -0.032101 -0.34279 -0.42092 0.11114 -0.49637 -0.11794 0.7831 -0.18268 -0.61821 -0.39703 -1.233 -0.88781 0.6664 0.093885 0.24446 -0.51437 0.52464 0.085144 -0.62629 -0.32011 -0.82609 0.36622 0.46419 -0.036566 1.0055 -0.1312

selected	-0.31584 0.28329 -0.10227 -0.51679 0.68385 -0.11618 0.30791 0.30375 -1.1031 -0.29721 0.025656 -0.60212 0.49399 -0.68796 -0.10343 -0.11523 0.72581 0.56954 -0.43214 0.088761 -0.5611 -0.59425 0.12226 -0.020937 -0.23919 -1.1715 0.48089 -0.045939 0.49163 0.33419 -0.24677 0.63184 -0.26295 0.34867 0.5488 0.31276 -0.47561 0.047099 -1.2339 -0.14275 -0.28271 -0.54585 0.31989 -0.012131 0.27739 0.35121 -0.37217 -0.52352 -0.15415 -0.51968 -0.19258 0.07995 0.042395 0.068302 -0.18018 -1.065 -0.12983 -0.16079 1.2611 0.22717 -0.66877 0.92939 0.19756 0.33069 0.89982 -0.36801 0.060939 1.0181 0.12129 0.50225 0.0072348 0.28151 -0.22296 0.20356 -0.24356 0.22743 -0.43269 0.2368 -0.08193 -0.72016 0.096729 0.050282 -0.40086 -0.3851 -1.0797 -0.65858 0.23734 -0.41056 0.38873 0.18276 -0.56012 0.093206 0.024719 -0.017898 -0.81662 0.38063 -0.50074 0.17079 0.19304 0.068574

Note	-0.39628 0.59853 0.27207 0.032677 0.044493 0.40062 -0.29874 -0.60619 -0.34701 -0.04045 0.075187 0.18447 -0.33604 0.25469 -0.0076017 0.82029 -0.25233 -0.55268 0.2732 0.046883 0.14131 0.1583 -0.56494 0.21805 0.30263 -0.020067 0.11329 0.19675 0.19079 0.066556 0.4025 0.344 -0.25874 0.039183 -0.26801 0.26528 0.022931 0.11291 0.49983 -0.7633 0.28907 -0.73809 -0.0063527 -0.38121 -0.19638 -0.16555 -0.25051 -0.31665 -0.28273 -1.126 1.0811 0.18531 0.36807 0.79126 -0.21837 -1.8536 -0.36523 -0.15991 1.0261 0.51043 -0.57035 0.39793 -0.78042 -0.24551 0.31631 -0.45927 0.23673 0.81352 0.45899 -0.24626 -0.83268 0.62896 -0.16422 -0.47381 0.19707 0.70881 0.34923 -0.12588 -0.82472 -0.93171 -0.36131 -0.35102 -0.5259 -1.0397 -0.98566 0.010624 0.24782 -0.55514 0.05812 0.14868 -0.60702 0.43722 -0.23149 -0.1736 -0.62922 0.51937 -0.18363 -0.64253 -0.30337 0.29092
ITypeParameter	
getSourceRange	
broken	-0.084564 0.35346 -0.16379 -0.18409 0.0036931 0.50674 -0.052212 0.409 0.45315 -0.041283 0.18745 0.38732 1.3659 1.0564 -0.34125 0.10131 -0.14462 0.037787 -0.12223 -0.38709 0.52203 -0.0050442 0.15408 -0.076458 1.297 0.09067 -0.86906 -0.39709 0.34315 0.095734 0.87503 0.35229 0.12862 -0.32433 -0.12532 -0.3923 -0.34234 -0.32296 0.018866 0.45917 0.064123 -0.27876 0.5286 -0.42159 -0.33292 0.13152 -0.04405 0.4398 0.2448 -0.44363 0.46822 0.16958 -0.1296 0.50189 0.20353 -2.1188 -0.039136 0.32108 1.2495 1.4418 0.093029 0.73064 -0.59638 0.48746 0.03887 0.2354 0.53311 -0.0054371 0.0011725 -0.62694 -0.20826 0.87288 0.58161 0.12437 0.52127 -0.10328 0.15957 0.41192 -0.30203 0.41819 0.53431 0.14843 -0.33504 0.65519 -0.81596 -0.036436 -0.051418 0.25479 -0.83728 0.3841 -0.30054 -0.39719 -0.46924 0.82971 -0.30626 0.05909 -0.05918 -0.038804 0.25907 -0.22836
binary	-0.62039 1.1213 -0.3109 0.025147 0.05417 0.54515 -0.50404 -0.032038 0.11048 0.79092 -0.22204 -0.42612 0.46955 0.046846 0.64377 -0.098533 0.89311 0.82203 1.5671 0.69375 -0.58855 -0.48509 -0.21111 0.47465 0.42031 -0.01686 0.96964 0.69462 -0.35041 0.048163 0.52614 0.31044 -0.62496 -0.62909 1.2919 -0.3548 0.0041151 -0.012859 0.3504 -0.48477 0.57766 -0.20307 0.15801 0.69054 -0.26131 0.25748 0.093877 0.46366 -0.45262 0.41613 0.51094 0.03541 0.28225 0.6069 0.47896 -0.43083 0.074075 0.14653 1.1114 0.95056 -0.79537 -0.52459 -0.46486 -0.038953 0.83514 -0.19216 -0.20449 -0.16798 -0.062885 0.26399 -0.8467 0.67694 0.84195 -0.22317 0.036145 0.17047 0.31292 -0.92668 -0.38396 0.18679 -0.067469 -0.41334 -0.38016 -0.31338 -0.31042 1.1137 1.0249 -0.098882 0.086672 -0.20448 -0.99602 1.7615 -1.3081 0.52804 0.12059 -1.0745 -0.40864 -0.96846 -1.0644 -0.24753
types	-0.52559 0.93975 -0.31696 0.25599 -0.37325 -0.012409 0.0046967 -0.24028 -0.2939 0.22031 0.0026266 -0.5583 0.37946 0.39928 0.81267 0.19651 0.12926 0.65494 0.27539 0.35747 -0.16205 -0.39932 -0.020501 -0.31173 -0.13856 -0.077655 0.35639 -0.26353 -0.56818 0.25398 0.28669 0.48709 -0.57745 -0.52147 1.0286 0.32197 0.086736 -0.41481 -0.078634 0.080488 -0.20355 -0.67855 -0.3744 -0.29649 -0.19143 -0.086389 -0.21648 -0.076723 -0.58596 -0.28024 0.26803 0.1263 0.036907 0.43207 0.59683 -0.59094 0.40941 -0.13865 1.7555 0.81502 -0.034746 1.1503 0.47794 0.6134 1.1147 0.14517 0.38012 -0.56772 0.53256 -0.41678 -0.57882 -0.4687 0.34135 0.20518 0.29138 -0.088487 -0.053852 -0.0089361 -0.47698 -0.10683 0.84085 -0.52032 -0.58848 0.19313 -1.3662 0.31565 -0.26794 -0.74459 -0.20948 0.31081 -0.73197 0.00039368 0.13244 -0.26168 -0.16702 0.27063 -1.0455 -1.061 1.1189 -0.17919
bug	-0.42404 -0.11038 0.94873 -0.71327 -0.19712 0.077077 0.96163 -0.35674 0.8292 -0.3676 0.15004 0.62746 0.091752 0.11142 -0.015791 0.84124 0.24467 0.023366 0.54286 -0.068057 -0.87995 -0.59202 0.18641 0.50787 0.55458 0.48448 -0.42383 0.22249 -0.8823 -0.041186 -0.049256 0.31483 0.25182 0.10876 0.45824 -0.12085 -0.96037 -0.69492 0.93473 -0.31937 -0.31673 0.24099 -0.3822 -0.72243 0.18017 0.62991 0.0030923 -0.36699 -0.21576 -0.1654 -0.55928 0.11278 -0.62944 0.56955 -0.59166 -0.92922 0.044769 0.32981 0.697 -0.13983 0.40377 1.7035 -0.68531 0.49846 0.29719 0.27865 -0.18668 -0.93605 0.66117 0.01478 -0.30582 -0.4491 -0.44983 -0.39544 -0.37577 -0.18869 0.06883 -0.04811 -0.33131 1.0204 0.32457 -0.88047 0.018825 -0.303 -0.88685 0.35682 -0.3993 -0.10512 -0.86557 0.37554 0.48771 -0.28133 0.12722 -0.56959 0.33936 0.40162 0.1109 -0.20506 0.18093 -0.23185
IType	
Parameter	-0.91764 0.079889 -0.15248 1.11 -0.69633 0.5662 -0.16584 -0.36496 -0.20524 0.37598 0.22226 -0.41385 -0.32852 -0.2381 0.42677 0.23588 -0.16021 1.2105 0.83345 -0.15443 0.035294 -1.0828 -0.084742 0.44196 0.22169 0.078941 0.23818 0.43015 -0.72714 -0.6199 -0.010833 0.0069916 0.24243 1.1532 1.0982 -0.041059 0.31017 0.67925 0.31363 -1.0447 0.063159 -0.22826 0.34778 0.48777 -0.403 -0.29 -0.32791 0.1411 -0.72391 0.50792 1.1692 0.069638 0.36933 0.86819 0.32905 -0.19936 -0.11623 -0.20649 0.34488 0.67494 -0.3036 -0.54693 0.31715 0.52689 1.3791 0.36137 -0.6053 -0.76725 0.97532 -0.1686 -0.66659 0.3472 0.57306 0.14567 1.6106 -0.36775 -0.61028 -0.84422 -0.13513 -0.12564 -0.52312 -0.66688 -1.1065 -0.79482 0.21043 0.76528 0.70327 -1.0804 0.25858 -1.2346 -0.90731 0.51968 0.35863 -0.598 0.55309 -0.1248 0.36357 -0.39172 0.043882 0.15676
Source	-0.54094 -0.076228 0.89303 -0.21225 0.5825 -0.3005 0.12909 -0.52773 0.92862 0.11514 -0.12677 0.096937 0.31288 0.050512 -0.32283 -0.3004 0.22007 -0.84137 -0.06254 0.17903 -0.42624 -0.10462 -0.40554 -0.10051 -0.40218 -0.015057 0.52526 0.15915 -0.18149 0.41998 0.14463 -0.021693 -0.64978 -0.090267 0.19731 0.099473 -0.32515 0.4068 0.3622 0.022279 -0.551 -0.12464 -0.16744 -0.094767 0.56511 -0.20268 -0.36092 -0.45798 -0.39297 -0.32961 0.81769 0.32481 0.42147 0.7609 -0.098642 -1.8316 -0.94356 -0.48457 1.6714 0.30485 -0.2748 0.071256 -0.48255 0.089058 1.3761 -0.49029 0.36082 -0.72647 0.58731 -0.14937 -0.13777 -0.040655 0.66596 -0.39209 0.51158 0.073351 0.39566 -0.48165 -1.4742 0.10518 0.58482 0.059647 -0.83053 -0.31453 -0.89902 0.47224 0.13688 0.45488 -0.05007 0.15508 0.47896 0.25437 -0.22414 -0.035257 -0.54084 0.0014581 -0.31231 -1.0292 0.80669 0.1777
Range	-0.37635 0.34583 0.19283 0.92951 0.036586 -0.35299 0.44717 0.30797 -1.357 0.66005 0.26451 -0.40814 -0.37468 -0.39962 1.0428 -0.12316 -0.40056 0.22183 -0.65274 0.12871 0.32644 -0.18837 0.23941 0.14029 0.0066597 0.46186 -0.40262 -0.067846 -0.62197 -0.080498 -0.14067 0.28347 -0.25339 -0.18853 0.95219 0.35694 0.6026 0.096532 -0.24161 -0.078388 0.073393 -0.41341 -0.27572 0.30282 0.17067 0.029097 0.59286 -0.21449 -0.11188 0.056716 0.66429 0.26537 -0.38294 0.6597 0.24375 -1.7359 0.054569 -0.4199 2.0965 0.11755 0.68901 1.2016 0.23756 0.25174 0.40837 -0.21226 0.15977 -0.59506 0.6285 0.22377 0.29456 -0.040772 0.78426 -0.27428 0.099096 -0.50818 -0.13198 0.34162 -0.24971 0.26663 0.66571 0.27921 -0.10662 -0.95601 -1.0237 0.054709 0.17346 -0.029479 0.60214 0.52817 -0.70537 0.66019 -0.1492 -0.56495 -1.1662 0.63095 -0.99101 -0.65402 1.2513 -0.062159

