Coocurrences	
SimilarityReducer	
Similarity	0.29539 0.35926 0.58596 0.51849 -0.53528 -0.43087 -0.31026 -0.7589 -0.25658 0.027263 -0.46565 0.12184 0.7141 -0.30561 1.0579 1.0303 -0.0054367 0.0032619 0.38522 0.69558 0.078358 -0.60473 -0.32121 -0.11387 0.31912 -0.58156 0.32662 0.2781 -0.081943 -1.0159 0.12549 0.26836 -0.083276 -0.22685 -0.0079511 -0.31965 1.0116 0.04524 0.091669 0.16784 0.302 0.012497 0.42822 0.46722 -0.52225 0.38368 0.44772 0.24978 -0.70704 0.024437 0.35306 0.053308 0.45335 0.64581 0.048934 -0.76846 -0.2817 -0.97144 0.013198 -0.11399 -0.67213 0.58386 -0.02752 0.14128 0.4699 0.011844 0.10942 -0.39735 0.28028 0.14825 -0.96635 0.39581 0.71605 -0.14803 0.28792 0.13215 -0.16713 -0.88292 -0.16494 0.35487 -0.9173 -0.53974 -0.1848 -0.38217 -0.91828 0.15702 -0.18594 -0.73344 -0.37834 0.36635 -0.3932 0.10388 -0.5558 0.28926 0.27607 -0.13191 -0.98924 -1.1136 -0.088162 0.60532
Reducer	-0.03367 -0.37884 0.33855 -0.034815 -0.68692 -0.16015 -0.22528 -0.87143 -0.63088 0.063471 -0.47243 0.21106 0.014272 0.20241 0.81756 0.32037 -0.56588 -0.08496 0.42435 -0.78121 -0.15098 -0.20708 -1.26 0.6373 -0.035551 0.87482 -0.022666 0.16577 -0.1544 -0.64161 -0.19809 -0.18754 0.12482 0.88471 0.22559 0.17732 0.27792 -0.20282 0.022704 -0.2983 0.97634 0.61754 -0.264 -0.44746 0.67801 -0.094004 -0.10145 0.096352 -0.23697 -0.07123 -0.7051 0.11565 -0.66712 0.44583 0.40485 0.50258 0.17381 0.44463 -0.11658 0.0021868 0.60395 -0.10204 0.38165 0.082721 -0.16095 0.18405 -0.5456 -0.23812 0.36421 -0.043912 -0.11918 -0.35149 0.12531 1.1727 0.39186 0.12011 0.31171 0.53007 0.19405 -0.09447 -0.54273 0.06903 -0.4823 -0.43997 0.11589 0.84786 0.25494 -0.20616 -0.54088 0.022893 -0.42692 0.47815 0.015091 -0.072893 0.85669 0.0011752 0.47636 -0.62028 -0.33361 0.016532

tests	-0.37906 0.32433 0.21559 0.10914 -1.4685 -0.38792 0.35252 0.93983 -1.3256 0.75604 -0.049175 -0.13989 0.18782 0.69897 0.32758 0.402 0.24233 0.91387 -0.29767 0.14447 0.15447 -0.28095 0.11191 -0.092958 -0.32542 0.081207 0.01346 -0.3358 -0.37062 0.32077 -0.17917 0.06165 -0.78 0.23922 0.82362 0.16467 -0.27358 -0.41899 -1.4241 0.35495 -1.0919 0.10067 -0.091429 -0.78299 -0.094842 0.31715 0.55517 -0.78317 -0.55538 -0.5091 0.72589 0.042896 -0.35815 0.86922 -0.087776 -1.5139 -1.0458 -0.19528 1.2784 0.18363 -0.31651 0.62153 0.79919 0.42065 0.22551 1.1927 -0.22155 -0.18781 0.16301 0.033726 -0.12723 0.61968 0.24009 0.25306 -0.031486 0.60423 0.11976 -0.2717 -1.1865 -0.45172 0.9437 -0.13707 -0.22812 -0.055562 -2.1165 0.034045 0.85824 0.39473 -0.84621 0.67665 -0.77233 0.2391 0.064901 0.60682 0.11541 1.2251 -0.14338 -0.28247 -0.13127 -0.19051
RecommenderJob	
RowSimilarityJob	
noticed	0.17839 -0.33742 -0.12426 -0.1256 -0.55032 -0.10571 0.11433 0.322 0.73395 -0.49623 0.058054 0.12344 0.43996 -0.23844 0.27414 -0.010245 -0.242 0.042687 -0.063636 -0.27936 -0.27006 0.5659 -0.47792 -0.75365 0.20383 -0.26326 -0.23238 -0.39423 0.17983 -0.05641 0.10223 0.48081 0.34388 0.24214 -0.035205 -0.21098 -0.37687 0.04898 0.66689 -0.076911 -0.34228 -0.0030955 0.30708 -0.062873 -0.076557 0.26324 0.15649 0.30177 0.40097 -0.95422 0.62407 -0.12196 -0.307 0.35554 -0.054313 -1.3385 -0.32035 0.089023 0.46458 0.33718 -0.052596 1.3795 -0.24071 0.5099 0.25193 -0.10417 0.57417 -0.25798 0.24864 0.61326 -0.12808 0.027992 0.3123 -0.19964 0.088073 0.46899 0.44799 -0.41114 -0.37739 -0.14211 -0.12774 -0.47831 -0.46798 -0.38938 -1.087 -0.9726 0.33223 -0.47435 -0.95511 -0.15175 0.35914 -0.43015 -0.2028 -0.36439 -0.36692 0.23036 -0.52777 0.036428 -0.24599 -0.059047
cases	0.35707 0.45237 -0.029493 0.30313 0.074835 0.6606 0.11161 -0.15428 0.17328 -0.34193 -0.042793 0.18316 0.64152 0.68141 -0.16017 0.05026 -0.21585 0.15075 -0.37561 0.12669 0.8199 -0.30995 0.25457 0.18117 -0.0012093 -0.21998 1.3318 -0.69544 -0.8303 -0.060532 1.0019 0.052375 -0.070658 0.085978 -0.038016 0.039373 -0.069699 -0.57599 0.04053 0.15155 -0.55102 -0.12556 -0.14766 -1.4107 0.21944 0.026063 0.61681 -1.1091 -0.52247 -0.63259 1.0159 -0.60617 -0.1606 0.9168 -0.41273 -0.83292 -0.083767 -0.57844 2.0194 0.57919 -0.79003 0.92001 0.62618 -0.033495 0.89427 0.21162 0.23982 -0.062947 0.33071 -0.018711 -0.30729 -0.061819 -0.18882 0.60405 0.94139 0.054771 -0.58254 -0.17884 -0.88174 0.043163 1.1076 0.20837 0.28617 0.084648 -2.2182 -0.27141 0.096183 -0.16161 -0.46386 0.036175 -0.25493 -0.3538 -0.41274 -0.31624 0.19682 0.85364 -0.60578 -0.31515 0.69747 -1.0873
cooccurences	
similarity	0.29539 0.35926 0.58596 0.51849 -0.53528 -0.43087 -0.31026 -0.7589 -0.25658 0.027263 -0.46565 0.12184 0.7141 -0.30561 1.0579 1.0303 -0.0054367 0.0032619 0.38522 0.69558 0.078358 -0.60473 -0.32121 -0.11387 0.31912 -0.58156 0.32662 0.2781 -0.081943 -1.0159 0.12549 0.26836 -0.083276 -0.22685 -0.0079511 -0.31965 1.0116 0.04524 0.091669 0.16784 0.302 0.012497 0.42822 0.46722 -0.52225 0.38368 0.44772 0.24978 -0.70704 0.024437 0.35306 0.053308 0.45335 0.64581 0.048934 -0.76846 -0.2817 -0.97144 0.013198 -0.11399 -0.67213 0.58386 -0.02752 0.14128 0.4699 0.011844 0.10942 -0.39735 0.28028 0.14825 -0.96635 0.39581 0.71605 -0.14803 0.28792 0.13215 -0.16713 -0.88292 -0.16494 0.35487 -0.9173 -0.53974 -0.1848 -0.38217 -0.91828 0.15702 -0.18594 -0.73344 -0.37834 0.36635 -0.3932 0.10388 -0.5558 0.28926 0.27607 -0.13191 -0.98924 -1.1136 -0.088162 0.60532
calculations	-0.50895 0.069468 0.37526 0.18662 -0.77618 -0.63214 -0.0042864 0.044201 -0.52252 0.81266 0.65786 -0.035408 0.25169 -0.16756 -0.0026019 -0.25591 -0.3305 1.0932 0.91943 -0.25285 0.17793 -0.40333 0.037017 0.45631 -0.81293 -0.84654 -0.23813 -0.043388 -0.29518 -0.49272 -0.094619 -0.34172 -0.48833 -0.10745 -0.027478 0.4043 0.33606 0.31918 -0.09213 -0.62706 -0.34497 -0.1512 -1.0403 0.47114 -1.5843 -0.59694 -0.037433 -0.63086 -0.80396 -0.38039 0.72348 -0.3318 0.7881 0.46595 -0.12591 -0.5138 0.32344 -0.16611 0.56857 0.50177 -0.28398 -0.025023 -0.14002 0.51186 0.33549 0.068972 -0.58605 -0.10884 0.3241 -0.18016 -0.57869 0.24684 0.39408 0.11028 -0.20388 -0.19908 0.063302 0.0087149 -0.35497 0.2394 0.53525 0.86615 -0.67696 -0.76513 -1.4989 0.043965 0.47702 -0.49869 -0.17878 -0.46834 -0.087393 0.3108 -0.15871 -0.01075 -0.027859 -0.44833 0.082478 -0.52616 -0.23301 0.072643
SimilarityReducer	
class	0.44507 1.1348 0.33681 0.033357 -1.0405 0.24413 0.43113 0.041197 -0.81321 1.1462 -0.041166 -0.56681 -0.37751 0.010833 -0.49384 -0.98461 0.2911 0.62519 0.0021157 0.076011 0.57661 -0.42666 0.026943 -0.31422 0.22591 -0.40706 -0.44773 -0.46698 0.071828 0.087351 -0.25286 1.0292 -0.17695 -0.57001 0.69949 0.49922 -0.23905 0.21815 0.067587 0.91464 -0.62297 -0.85661 -0.1409 -0.61247 0.66159 0.090501 0.19563 0.35387 0.18804 0.30706 -0.73807 0.019089 -0.32798 0.51793 -0.003088 -1.7927 0.08279 -0.13564 2.0857 0.16076 -0.41443 0.42641 0.055687 0.03359 0.74283 -0.19547 0.53011 0.19503 0.44296 0.54503 -0.030984 -0.49682 -0.11398 0.085998 -0.046392 0.92739 0.088696 -0.28703 -0.72927 -1.1755 -0.26028 -0.55622 -0.026987 -0.20324 -0.81465 -0.12299 -1.1006 -1.5845 -0.18962 -0.32423 -0.99665 -0.060921 0.43139 0.38787 0.24177 0.29155 -0.080935 -0.70294 0.47778 -0.33316
Recommender	-0.26852 0.10501 -0.034464 -0.20221 0.21167 0.31877 0.18117 -0.47422 0.089931 0.22837 -0.87847 0.11399 -0.32866 -0.30135 0.04516 -0.23097 0.0861 0.097552 0.79005 0.1027 -0.89416 -0.51178 -0.17989 -0.30155 0.084573 -0.12313 -0.26798 0.59562 -0.34913 0.42222 0.13028 -0.030174 0.11254 -0.15285 0.37368 0.0086595 -0.14018 -0.39371 0.21512 -0.22815 0.45116 0.27583 -0.38749 -0.055109 -0.13741 0.13463 0.033255 0.043079 -0.0038879 0.15413 0.72195 0.42542 0.20923 -0.3902 0.64613 1.0969 0.60175 0.049726 0.19426 0.45861 0.36885 -0.45475 0.57493 0.094548 -0.31311 0.49275 -0.23602 -0.26678 -0.18481 -0.41494 -0.046239 0.45153 -0.10431 0.4745 -0.3843 -0.26078 0.58404 0.12756 0.50829 -0.24638 -0.12225 0.16487 -0.080884 0.5406 -0.12424 0.51818 -0.03241 -0.23472 -0.55993 0.49084 0.24622 0.11793 -0.13305 -0.10673 0.59401 -0.0099912 0.15399 0.0030888 -0.51281 0.51673
Job	0.22115 0.027844 -0.053894 -0.47618 -0.3636 -0.51352 -0.2674 0.17786 0.080002 0.32405 0.054443 -0.44604 0.29408 -0.13636 -0.058729 -0.51118 0.22774 0.16583 0.17965 0.83305 -0.40784 0.43205 -0.5922 -0.33962 0.074495 -0.78615 -0.34714 -0.73778 -0.20165 -0.37517 -0.5112 0.43905 0.15289 -0.53582 -0.63758 0.43056 -1.0624 0.034708 0.29883 -0.34365 -0.36841 -0.18023 0.37373 -0.023811 -0.3593 0.67622 -0.14587 -0.7434 0.0020008 -1.2319 0.22214 -0.84533 -0.55439 1.6319 0.22335 -2.2183 0.47548 -0.39548 1.4745 0.11082 -0.1489 0.060955 -0.33584 -0.27165 0.7548 -0.11876 0.81228 0.062684 0.25561 0.27192 0.18614 0.039781 -0.63905 -0.47369 0.49374 0.26515 -0.51318 0.28599 -0.2926 -0.082741 0.52519 -0.12291 -0.46558 -0.431 -1.5716 -0.65427 0.47403 -0.051794 -0.55861 -0.99539 0.24111 -0.034781 0.62401 0.3496 -0.16383 0.32218 0.2263 0.52428 0.67877 0.35839
Row	0.24573 0.34631 0.65345 -0.60289 0.048054 0.042434 0.090333 0.13667 -0.37101 -0.047729 -0.080386 0.25711 0.079928 0.63167 -0.26106 0.2784 -0.96251 -0.0078909 -0.38579 -0.40777 0.88982 0.25149 0.42113 0.2407 1.2318 -0.71601 -0.11399 -0.41104 0.29075 0.16401 0.10704 -0.10644 -0.006689 0.0059655 -0.044487 0.52159 -0.48635 -0.19579 0.15108 -0.2305 -0.07794 -0.74863 0.53847 -0.60586 0.49639 -0.064154 0.10614 0.093975 0.57249 -0.089359 0.13733 -0.66598 -0.86355 1.4289 -0.086599 -1.8861 -0.22502 -0.2077 0.80425 0.35551 -1.1312 -0.1291 0.24682 -0.22489 0.88506 0.29792 0.67806 0.26547 -0.27948 -0.2487 0.10249 0.69217 -0.32555 -0.21995 0.17351 0.73302 0.30668 -0.14331 -0.17305 0.52826 0.24465 0.0034292 0.33534 0.18588 -0.51655 -0.30634 -0.30236 -0.46723 0.58371 -0.036362 -0.78383 0.10496 -0.43646 -0.016353 0.1842 0.21585 0.31645 0.40074 0.84809 -0.56796
Similarity	0.29539 0.35926 0.58596 0.51849 -0.53528 -0.43087 -0.31026 -0.7589 -0.25658 0.027263 -0.46565 0.12184 0.7141 -0.30561 1.0579 1.0303 -0.0054367 0.0032619 0.38522 0.69558 0.078358 -0.60473 -0.32121 -0.11387 0.31912 -0.58156 0.32662 0.2781 -0.081943 -1.0159 0.12549 0.26836 -0.083276 -0.22685 -0.0079511 -0.31965 1.0116 0.04524 0.091669 0.16784 0.302 0.012497 0.42822 0.46722 -0.52225 0.38368 0.44772 0.24978 -0.70704 0.024437 0.35306 0.053308 0.45335 0.64581 0.048934 -0.76846 -0.2817 -0.97144 0.013198 -0.11399 -0.67213 0.58386 -0.02752 0.14128 0.4699 0.011844 0.10942 -0.39735 0.28028 0.14825 -0.96635 0.39581 0.71605 -0.14803 0.28792 0.13215 -0.16713 -0.88292 -0.16494 0.35487 -0.9173 -0.53974 -0.1848 -0.38217 -0.91828 0.15702 -0.18594 -0.73344 -0.37834 0.36635 -0.3932 0.10388 -0.5558 0.28926 0.27607 -0.13191 -0.98924 -1.1136 -0.088162 0.60532
Job	0.22115 0.027844 -0.053894 -0.47618 -0.3636 -0.51352 -0.2674 0.17786 0.080002 0.32405 0.054443 -0.44604 0.29408 -0.13636 -0.058729 -0.51118 0.22774 0.16583 0.17965 0.83305 -0.40784 0.43205 -0.5922 -0.33962 0.074495 -0.78615 -0.34714 -0.73778 -0.20165 -0.37517 -0.5112 0.43905 0.15289 -0.53582 -0.63758 0.43056 -1.0624 0.034708 0.29883 -0.34365 -0.36841 -0.18023 0.37373 -0.023811 -0.3593 0.67622 -0.14587 -0.7434 0.0020008 -1.2319 0.22214 -0.84533 -0.55439 1.6319 0.22335 -2.2183 0.47548 -0.39548 1.4745 0.11082 -0.1489 0.060955 -0.33584 -0.27165 0.7548 -0.11876 0.81228 0.062684 0.25561 0.27192 0.18614 0.039781 -0.63905 -0.47369 0.49374 0.26515 -0.51318 0.28599 -0.2926 -0.082741 0.52519 -0.12291 -0.46558 -0.431 -1.5716 -0.65427 0.47403 -0.051794 -0.55861 -0.99539 0.24111 -0.034781 0.62401 0.3496 -0.16383 0.32218 0.2263 0.52428 0.67877 0.35839
Similarity	0.29539 0.35926 0.58596 0.51849 -0.53528 -0.43087 -0.31026 -0.7589 -0.25658 0.027263 -0.46565 0.12184 0.7141 -0.30561 1.0579 1.0303 -0.0054367 0.0032619 0.38522 0.69558 0.078358 -0.60473 -0.32121 -0.11387 0.31912 -0.58156 0.32662 0.2781 -0.081943 -1.0159 0.12549 0.26836 -0.083276 -0.22685 -0.0079511 -0.31965 1.0116 0.04524 0.091669 0.16784 0.302 0.012497 0.42822 0.46722 -0.52225 0.38368 0.44772 0.24978 -0.70704 0.024437 0.35306 0.053308 0.45335 0.64581 0.048934 -0.76846 -0.2817 -0.97144 0.013198 -0.11399 -0.67213 0.58386 -0.02752 0.14128 0.4699 0.011844 0.10942 -0.39735 0.28028 0.14825 -0.96635 0.39581 0.71605 -0.14803 0.28792 0.13215 -0.16713 -0.88292 -0.16494 0.35487 -0.9173 -0.53974 -0.1848 -0.38217 -0.91828 0.15702 -0.18594 -0.73344 -0.37834 0.36635 -0.3932 0.10388 -0.5558 0.28926 0.27607 -0.13191 -0.98924 -1.1136 -0.088162 0.60532
Reducer	-0.03367 -0.37884 0.33855 -0.034815 -0.68692 -0.16015 -0.22528 -0.87143 -0.63088 0.063471 -0.47243 0.21106 0.014272 0.20241 0.81756 0.32037 -0.56588 -0.08496 0.42435 -0.78121 -0.15098 -0.20708 -1.26 0.6373 -0.035551 0.87482 -0.022666 0.16577 -0.1544 -0.64161 -0.19809 -0.18754 0.12482 0.88471 0.22559 0.17732 0.27792 -0.20282 0.022704 -0.2983 0.97634 0.61754 -0.264 -0.44746 0.67801 -0.094004 -0.10145 0.096352 -0.23697 -0.07123 -0.7051 0.11565 -0.66712 0.44583 0.40485 0.50258 0.17381 0.44463 -0.11658 0.0021868 0.60395 -0.10204 0.38165 0.082721 -0.16095 0.18405 -0.5456 -0.23812 0.36421 -0.043912 -0.11918 -0.35149 0.12531 1.1727 0.39186 0.12011 0.31171 0.53007 0.19405 -0.09447 -0.54273 0.06903 -0.4823 -0.43997 0.11589 0.84786 0.25494 -0.20616 -0.54088 0.022893 -0.42692 0.47815 0.015091 -0.072893 0.85669 0.0011752 0.47636 -0.62028 -0.33361 0.016532

RowPair	
object	-0.16261 0.87222 0.0086677 0.58327 0.092695 0.4641 -0.5059 -0.38724 0.97244 0.11728 -0.44092 -0.64257 0.58841 -0.41069 0.16769 0.043076 0.11497 1.3557 -0.045843 0.28392 -0.18252 0.05081 -0.40996 -0.11158 0.66707 -0.071712 0.23119 0.50079 0.25795 -0.42406 0.27647 0.54694 -0.52765 0.15324 0.62865 -0.32388 0.30747 -0.030743 0.52224 -0.3493 -0.77926 -0.505 0.52575 0.20928 -0.40334 0.2378 0.1704 0.71969 -0.22712 -0.077639 1.2241 0.42925 0.44532 1.2221 -0.069814 -1.458 0.1049 -0.055047 1.5673 0.46821 0.11327 0.76072 -0.47217 0.52064 0.82261 -0.18815 0.50718 -0.14995 -0.2817 -0.30089 -0.51976 -0.46393 0.78791 -0.023017 -0.059957 -0.27827 0.049114 -0.64217 -0.65806 -0.18655 -0.42251 0.070198 -0.57117 -0.82888 -0.76626 0.10035 0.5405 -0.054826 0.46765 -0.37122 -0.38853 0.36335 0.38018 0.38728 0.78351 -0.262 -0.73744 -0.67453 0.41328 -0.4813
RowA	
RowB	
isn	0.035734 0.061623 0.37703 -0.36125 -0.66887 0.10457 0.5844 -0.1271 0.27867 -0.28414 0.56735 0.32727 0.2978 -0.27731 -0.38861 -0.11741 -0.11639 0.11845 1.2411 -0.27728 -0.15516 0.41184 0.26787 -0.15278 -0.065495 0.7468 -0.34173 0.14482 -0.38011 -0.83269 0.00019098 0.96091 -0.096775 0.2746 -0.28524 0.12565 -0.63258 0.51273 -0.14839 0.42989 0.62934 0.090627 0.2167 -0.35119 -0.28981 -0.71091 -0.12522 0.43393 0.28203 0.33915 -0.32449 0.3548 0.28 0.17245 -1.0496 0.32112 0.22215 0.030716 -0.38146 -0.54161 -0.68012 -0.32039 -0.09002 -0.9149 -0.19275 0.35831 0.2694 -0.42629 0.12786 0.22706 0.38684 0.20243 -0.64456 -0.029313 0.56822 -0.42218 0.44356 0.38221 -0.094522 -0.30767 0.096253 -0.74483 0.2707 -0.74233 -0.45876 0.20564 -0.21824 0.037035 -0.12119 1.1514 0.081038 0.14481 0.03562 -0.53642 0.8616 -0.42418 0.49444 -0.54551 -0.47392 0.63506
considered	-0.080528 -0.14586 0.28392 0.025077 0.25427 -0.26064 0.34912 -0.33859 -0.03874 0.0047657 -0.34889 -0.11846 0.32836 -0.17997 -0.28172 -0.63905 0.57983 -0.10655 -0.14208 0.548 0.187 -0.045294 0.24018 -0.27495 -0.11504 -0.33872 -0.10412 -0.71054 -0.18601 0.50281 0.21918 0.15405 -0.26367 0.10914 0.94727 0.22588 -0.084768 -0.037938 -0.72528 -0.22669 -0.51657 0.47526 0.77728 -0.2893 0.44886 -0.16216 0.96102 0.13766 -0.67327 -0.68007 0.43278 -0.31408 0.45509 0.6439 -0.87702 -1.8324 0.23986 -0.25579 1.3895 0.46956 -0.33975 0.62619 -0.075634 0.05947 1.2678 -0.47924 0.46607 0.12764 0.013332 -0.32126 -0.39791 -0.46579 -0.12535 0.50159 -0.094255 -0.60267 -0.2844 0.10688 -0.66324 -0.085256 0.0063287 -0.21552 -0.66345 -0.3824 -1.6924 -0.17079 -0.13119 -0.30213 0.10038 -0.59521 -0.25678 -0.41802 -0.02098 0.16329 -0.50879 -0.064217 -0.68773 -0.74228 0.32116 0.13936
RowA	
RowB	
Row	0.24573 0.34631 0.65345 -0.60289 0.048054 0.042434 0.090333 0.13667 -0.37101 -0.047729 -0.080386 0.25711 0.079928 0.63167 -0.26106 0.2784 -0.96251 -0.0078909 -0.38579 -0.40777 0.88982 0.25149 0.42113 0.2407 1.2318 -0.71601 -0.11399 -0.41104 0.29075 0.16401 0.10704 -0.10644 -0.006689 0.0059655 -0.044487 0.52159 -0.48635 -0.19579 0.15108 -0.2305 -0.07794 -0.74863 0.53847 -0.60586 0.49639 -0.064154 0.10614 0.093975 0.57249 -0.089359 0.13733 -0.66598 -0.86355 1.4289 -0.086599 -1.8861 -0.22502 -0.2077 0.80425 0.35551 -1.1312 -0.1291 0.24682 -0.22489 0.88506 0.29792 0.67806 0.26547 -0.27948 -0.2487 0.10249 0.69217 -0.32555 -0.21995 0.17351 0.73302 0.30668 -0.14331 -0.17305 0.52826 0.24465 0.0034292 0.33534 0.18588 -0.51655 -0.30634 -0.30236 -0.46723 0.58371 -0.036362 -0.78383 0.10496 -0.43646 -0.016353 0.1842 0.21585 0.31645 0.40074 0.84809 -0.56796
Pair	0.21577 0.29502 0.071201 -0.057816 0.16965 0.3921 0.12617 0.45395 -0.82811 0.23335 0.33259 0.33102 0.38048 0.91869 0.2369 -0.0030237 -0.46635 0.35798 -0.054828 -0.42388 0.50393 -0.25527 0.15206 0.33586 0.63371 0.049826 0.048742 -0.50582 -0.020554 -0.2675 -0.30564 0.66011 -0.27221 -0.42237 1.0786 -0.30094 -0.20664 0.43452 0.10267 0.22926 0.54185 -0.1902 0.51476 -0.25639 -0.063312 -0.13956 -0.36411 0.035022 0.47986 -0.0029962 -0.24666 0.0197 -0.029382 0.9416 0.57989 -1.9614 -0.5478 0.56261 0.83681 0.8009 -0.48498 0.68538 0.30842 0.69543 0.3153 -0.040688 0.36397 0.69855 -0.13281 -0.0007289 -0.58592 0.18668 0.1308 -0.093467 0.25484 0.54097 0.013334 -0.22364 -0.059585 -0.17122 0.65169 0.28893 0.12568 -0.26361 -0.96831 -0.63364 0.055593 0.32199 0.046026 -0.14233 -0.20507 0.0094476 0.0035726 -0.53157 -0.53278 -0.37931 -1.2585 -0.11181 0.11532 -0.4929
Row	0.24573 0.34631 0.65345 -0.60289 0.048054 0.042434 0.090333 0.13667 -0.37101 -0.047729 -0.080386 0.25711 0.079928 0.63167 -0.26106 0.2784 -0.96251 -0.0078909 -0.38579 -0.40777 0.88982 0.25149 0.42113 0.2407 1.2318 -0.71601 -0.11399 -0.41104 0.29075 0.16401 0.10704 -0.10644 -0.006689 0.0059655 -0.044487 0.52159 -0.48635 -0.19579 0.15108 -0.2305 -0.07794 -0.74863 0.53847 -0.60586 0.49639 -0.064154 0.10614 0.093975 0.57249 -0.089359 0.13733 -0.66598 -0.86355 1.4289 -0.086599 -1.8861 -0.22502 -0.2077 0.80425 0.35551 -1.1312 -0.1291 0.24682 -0.22489 0.88506 0.29792 0.67806 0.26547 -0.27948 -0.2487 0.10249 0.69217 -0.32555 -0.21995 0.17351 0.73302 0.30668 -0.14331 -0.17305 0.52826 0.24465 0.0034292 0.33534 0.18588 -0.51655 -0.30634 -0.30236 -0.46723 0.58371 -0.036362 -0.78383 0.10496 -0.43646 -0.016353 0.1842 0.21585 0.31645 0.40074 0.84809 -0.56796
Row	0.24573 0.34631 0.65345 -0.60289 0.048054 0.042434 0.090333 0.13667 -0.37101 -0.047729 -0.080386 0.25711 0.079928 0.63167 -0.26106 0.2784 -0.96251 -0.0078909 -0.38579 -0.40777 0.88982 0.25149 0.42113 0.2407 1.2318 -0.71601 -0.11399 -0.41104 0.29075 0.16401 0.10704 -0.10644 -0.006689 0.0059655 -0.044487 0.52159 -0.48635 -0.19579 0.15108 -0.2305 -0.07794 -0.74863 0.53847 -0.60586 0.49639 -0.064154 0.10614 0.093975 0.57249 -0.089359 0.13733 -0.66598 -0.86355 1.4289 -0.086599 -1.8861 -0.22502 -0.2077 0.80425 0.35551 -1.1312 -0.1291 0.24682 -0.22489 0.88506 0.29792 0.67806 0.26547 -0.27948 -0.2487 0.10249 0.69217 -0.32555 -0.21995 0.17351 0.73302 0.30668 -0.14331 -0.17305 0.52826 0.24465 0.0034292 0.33534 0.18588 -0.51655 -0.30634 -0.30236 -0.46723 0.58371 -0.036362 -0.78383 0.10496 -0.43646 -0.016353 0.1842 0.21585 0.31645 0.40074 0.84809 -0.56796
Row	0.24573 0.34631 0.65345 -0.60289 0.048054 0.042434 0.090333 0.13667 -0.37101 -0.047729 -0.080386 0.25711 0.079928 0.63167 -0.26106 0.2784 -0.96251 -0.0078909 -0.38579 -0.40777 0.88982 0.25149 0.42113 0.2407 1.2318 -0.71601 -0.11399 -0.41104 0.29075 0.16401 0.10704 -0.10644 -0.006689 0.0059655 -0.044487 0.52159 -0.48635 -0.19579 0.15108 -0.2305 -0.07794 -0.74863 0.53847 -0.60586 0.49639 -0.064154 0.10614 0.093975 0.57249 -0.089359 0.13733 -0.66598 -0.86355 1.4289 -0.086599 -1.8861 -0.22502 -0.2077 0.80425 0.35551 -1.1312 -0.1291 0.24682 -0.22489 0.88506 0.29792 0.67806 0.26547 -0.27948 -0.2487 0.10249 0.69217 -0.32555 -0.21995 0.17351 0.73302 0.30668 -0.14331 -0.17305 0.52826 0.24465 0.0034292 0.33534 0.18588 -0.51655 -0.30634 -0.30236 -0.46723 0.58371 -0.036362 -0.78383 0.10496 -0.43646 -0.016353 0.1842 0.21585 0.31645 0.40074 0.84809 -0.56796
Row	0.24573 0.34631 0.65345 -0.60289 0.048054 0.042434 0.090333 0.13667 -0.37101 -0.047729 -0.080386 0.25711 0.079928 0.63167 -0.26106 0.2784 -0.96251 -0.0078909 -0.38579 -0.40777 0.88982 0.25149 0.42113 0.2407 1.2318 -0.71601 -0.11399 -0.41104 0.29075 0.16401 0.10704 -0.10644 -0.006689 0.0059655 -0.044487 0.52159 -0.48635 -0.19579 0.15108 -0.2305 -0.07794 -0.74863 0.53847 -0.60586 0.49639 -0.064154 0.10614 0.093975 0.57249 -0.089359 0.13733 -0.66598 -0.86355 1.4289 -0.086599 -1.8861 -0.22502 -0.2077 0.80425 0.35551 -1.1312 -0.1291 0.24682 -0.22489 0.88506 0.29792 0.67806 0.26547 -0.27948 -0.2487 0.10249 0.69217 -0.32555 -0.21995 0.17351 0.73302 0.30668 -0.14331 -0.17305 0.52826 0.24465 0.0034292 0.33534 0.18588 -0.51655 -0.30634 -0.30236 -0.46723 0.58371 -0.036362 -0.78383 0.10496 -0.43646 -0.016353 0.1842 0.21585 0.31645 0.40074 0.84809 -0.56796

problems	-0.14299 0.2446 0.62544 -0.035991 -0.4894 -0.36597 -0.2471 -0.33833 0.51272 -0.11936 0.03511 0.026575 0.37049 0.27064 -0.27426 -0.5436 -0.49412 0.24107 -0.11229 -0.548 -0.70813 -0.21552 0.11312 0.28634 -0.1984 -0.31892 0.079346 -0.6138 -0.29941 0.23106 -0.26155 -0.022084 -0.048229 -0.02213 -0.36963 0.2249 0.23907 0.1995 -0.084305 0.31479 -0.73262 -0.0099829 -0.010999 -0.89675 -0.40809 0.49135 0.53346 -0.10126 -0.36825 -0.47689 0.52026 -0.17605 -0.76455 1.2028 0.90635 -2.0907 0.18659 -0.22611 1.3911 0.96965 -0.29199 0.44578 -0.31647 -0.031271 0.99187 0.24044 0.45947 -0.62254 0.61847 -0.30812 -0.63884 0.32239 -0.50254 -0.19083 0.6153 -0.021063 -0.13793 0.55669 -0.93853 0.71537 0.79288 -0.0016653 -0.20465 0.30031 -2.3938 -0.11689 -0.36219 -0.10477 -1.4653 -0.53933 -0.48809 0.18301 -0.53594 -0.035384 -0.041019 0.84697 -0.0066447 -0.4769 0.94617 -0.116
CoocurencesMapper	
emits	-0.0054855 0.60429 0.75076 -0.78747 0.6779 0.13212 0.09724 0.54379 0.74803 0.064854 -0.022033 -0.75982 -0.28858 -0.24816 0.9442 -0.83721 -0.44837 -0.13315 1.3329 -0.20985 0.30006 -0.74589 -0.83669 -0.321 0.39719 0.40287 -0.2691 0.43436 0.23551 -0.34072 -0.10672 0.75195 -0.35022 0.63948 -0.20989 0.082461 0.043139 -0.58917 0.19723 0.28658 -0.020063 0.064738 -0.78608 0.4493 -0.10255 0.099695 0.5307 0.76667 -0.097972 -0.10379 0.20877 -0.50946 0.094262 0.24512 -0.30836 -0.12214 0.070711 -0.044156 -0.070943 -0.043412 0.74444 0.13738 -0.099278 -0.040694 -0.33878 0.12217 0.68451 -0.73688 0.11435 -0.23336 0.86136 -0.69673 1.1241 0.69687 0.65103 0.070782 0.45896 -1.6694 -0.44609 0.1497 0.52255 -0.40752 -1.2773 0.0081707 0.30169 -0.020384 1.2619 -0.069321 0.37953 0.5651 0.1444 0.45143 -0.29189 -0.042514 0.13785 0.16007 -0.74855 -0.6481 -0.29756 -0.52925
rowpairs	
form	-0.30043 0.74663 0.11253 0.17692 0.15754 0.70964 0.11162 -0.2093 -0.32654 0.14662 -0.51643 -0.42971 0.4854 0.5744 0.5114 0.13971 0.52494 0.13349 0.25394 -0.084809 0.22791 -0.30764 0.035809 0.10995 0.048967 -0.207 0.45733 -0.17869 0.016818 -0.19309 -0.071229 0.79434 -0.68941 -1.124 0.49844 -0.073311 0.05652 0.037312 -0.48858 -0.054986 -0.20801 -0.030987 -0.030587 -0.45707 0.33243 0.33415 0.19595 0.11958 0.20663 -0.21984 0.18274 0.49432 0.59054 0.81595 0.12987 -2.5468 -0.18118 -0.23509 1.5101 0.78343 -0.0070393 0.44724 -0.16285 0.13361 1.1975 0.11652 0.36951 0.14031 0.21816 -1.2769 -0.14238 -0.055224 -0.099109 -0.28729 0.32726 -0.27268 -0.71366 -0.3748 -0.58002 -0.42573 0.22257 -0.082406 -0.61834 -0.17098 -0.89635 0.2033 0.26021 -0.10107 0.32642 0.15308 -0.36196 -0.51768 -0.56312 0.715 0.30657 -0.33092 -0.078182 -0.97847 0.70058 -0.16847
form	-0.30043 0.74663 0.11253 0.17692 0.15754 0.70964 0.11162 -0.2093 -0.32654 0.14662 -0.51643 -0.42971 0.4854 0.5744 0.5114 0.13971 0.52494 0.13349 0.25394 -0.084809 0.22791 -0.30764 0.035809 0.10995 0.048967 -0.207 0.45733 -0.17869 0.016818 -0.19309 -0.071229 0.79434 -0.68941 -1.124 0.49844 -0.073311 0.05652 0.037312 -0.48858 -0.054986 -0.20801 -0.030987 -0.030587 -0.45707 0.33243 0.33415 0.19595 0.11958 0.20663 -0.21984 0.18274 0.49432 0.59054 0.81595 0.12987 -2.5468 -0.18118 -0.23509 1.5101 0.78343 -0.0070393 0.44724 -0.16285 0.13361 1.1975 0.11652 0.36951 0.14031 0.21816 -1.2769 -0.14238 -0.055224 -0.099109 -0.28729 0.32726 -0.27268 -0.71366 -0.3748 -0.58002 -0.42573 0.22257 -0.082406 -0.61834 -0.17098 -0.89635 0.2033 0.26021 -0.10107 0.32642 0.15308 -0.36196 -0.51768 -0.56312 0.715 0.30657 -0.33092 -0.078182 -0.97847 0.70058 -0.16847
separating	-0.29171 -0.74554 0.59394 0.9392 0.02336 0.45469 -0.24872 -0.16089 0.86845 -0.037662 0.42244 0.092894 0.634 0.55963 0.74211 -0.5036 0.17312 -0.20373 0.11881 -0.627 0.28849 -0.094663 0.010644 -0.21852 0.56917 -0.26323 -0.48333 -0.45717 -0.39224 -0.035808 0.20648 -0.35765 0.56655 -0.94713 0.64075 -0.95183 0.59808 0.23522 -0.2861 0.039885 -0.39749 -0.46522 -0.025342 0.068121 -0.50782 0.19293 -0.15263 0.30283 -0.41524 0.15981 -0.042815 0.309 0.013343 0.64899 -0.22423 -1.0452 0.47453 -0.64279 1.1373 0.29526 -0.18835 -0.032338 0.88051 0.16429 0.29708 0.87862 0.83527 0.50307 0.21719 -0.080227 -0.011166 0.30692 0.39884 0.097857 0.10508 -0.24664 0.17784 0.29837 0.26768 0.25991 -0.11494 0.37993 -0.41224 0.57596 -0.47522 0.41329 -0.13118 0.28233 0.26164 -0.20027 -0.41407 0.067217 -0.80257 -0.052536 -0.3461 -0.3268 -0.2976 0.50339 0.21548 0.8497
cooccurences	
Coocurences	
Mapper	-0.23855 0.56481 0.17084 -0.56668 -0.27623 -0.8832 0.4601 -0.095294 0.32292 0.038429 -0.3737 -0.059939 0.42335 -0.5116 0.58768 0.7898 0.26925 -0.23251 -0.20192 -0.73096 -0.39212 -0.46752 -1.1861 -0.20901 0.27643 0.32047 -0.1364 0.9981 -0.1997 0.095005 -0.95677 -0.13367 -0.8346 0.20901 0.0999 -0.090051 0.032455 -0.16368 0.14664 0.099004 0.15223 -0.27377 0.27699 0.022944 0.11611 0.13996 0.2391 0.42159 0.42197 -0.05667 0.086749 0.52776 0.16059 0.25861 -0.2439 0.6602 -0.045898 -0.42519 -0.41988 -0.33243 -0.0026802 -0.29238 -0.092834 0.44466 -0.24039 0.017974 0.43076 -0.1536 0.42838 -0.1394 -0.012595 0.72095 0.33092 0.037347 0.069555 -0.20518 0.5369 0.38884 0.5846 -0.12745 -0.6425 0.21234 0.12582 0.22038 0.20976 0.30005 0.27493 0.618 0.89444 0.58699 -0.47185 1.4792 0.072351 -0.17033 1.4143 0.36399 0.41636 -0.56033 0.032923 -0.13122

fact	-0.13201 0.28081 0.77347 -0.016218 -0.40622 0.13272 -0.20239 -0.14319 0.43117 -0.49336 -0.044395 -0.080753 0.43846 -0.102 0.092424 -0.17369 -0.10075 0.1853 -0.21558 0.31797 0.02256 -0.18333 -0.17095 -0.21187 -0.11561 -0.21727 0.03822 -0.50553 -0.24636 -0.23738 0.1478 0.28859 -0.0978 -0.19973 0.012514 0.17566 0.26039 0.30477 0.072157 -0.37771 -0.56856 0.0039005 0.39061 0.013679 -0.13623 -0.32636 0.68025 -0.15568 -0.34211 -0.82321 0.61741 0.19024 0.36209 0.98875 -0.086364 -2.1831 0.13826 -0.10243 1.3474 0.23863 -0.27187 0.64617 -0.067089 -0.078291 0.95101 -0.12379 0.61774 0.31314 0.0090004 0.33872 0.074739 0.18028 -0.047578 0.045641 0.35792 0.086973 0.19164 -0.36863 -0.89178 0.32161 0.17862 0.1242 -0.51007 -0.18379 -1.6693 -0.33081 -0.35632 -0.31965 -0.4289 -0.42527 -0.32998 -0.30767 -0.093816 0.1207 -0.39751 -0.31122 -0.59981 -0.43467 0.096393 0.31945
ordering	0.47034 -0.72635 -0.083381 0.79601 0.23652 1.0246 -0.25813 0.29548 0.027046 0.37888 0.17176 -0.47214 -0.086538 0.052886 0.014181 0.31139 -0.079599 0.016295 -0.2752 0.27691 -0.082087 -0.56476 0.058733 -0.36998 -0.049953 0.63506 -0.20367 0.095441 0.10563 0.21898 0.67299 -0.29914 -0.22213 -0.48587 -0.26914 0.26001 0.49169 -0.83336 -0.16052 -0.34806 -0.080164 0.49747 0.68725 -0.51936 -0.1999 0.27451 -0.33244 -0.73212 -0.044919 -0.34847 0.53476 -0.11558 -0.21207 1.1508 -0.58955 -0.3486 0.3306 0.18521 1.7267 0.3369 -0.095164 -0.11603 0.62043 -0.035927 0.62846 0.075475 -0.046202 0.40854 -0.28518 0.25508 -0.74002 -0.30378 -0.10118 -0.19444 -0.39395 0.64354 0.055323 0.55628 -0.5226 0.23325 1.1038 -0.50551 -0.73874 0.053082 -0.69315 -0.13431 0.70359 -0.28423 -0.16219 -0.26796 0.19662 -0.11341 -0.18201 -0.30945 0.12467 -0.82611 0.29716 -0.0099609 0.2135 -0.064907
WeightedCoocurrenceArray	
column	-1.7154 0.48478 0.35404 -0.86892 0.21317 0.97541 0.26898 -0.10161 0.11129 -0.63806 0.69888 -0.72858 -0.0001857 -0.006076 -0.69267 0.12602 0.049125 -0.2278 -0.24548 -0.72552 0.38962 0.077641 -1.1097 0.88736 1.2001 -0.11057 -0.14077 -0.24632 -0.19132 0.31618 0.011952 0.35957 0.50664 -0.5995 -0.16047 -0.11088 -0.47035 0.20004 0.049497 0.1634 0.021806 -0.41566 -0.49141 -0.72187 -0.22 -0.43002 -0.66522 -0.84108 0.40288 -0.068439 1.2154 0.41102 0.57503 0.23704 0.26381 -1.2328 0.38773 0.0028021 1.4698 0.62861 0.17142 1.0399 0.0044173 -0.6164 0.99047 -0.12015 0.44606 -0.49756 -0.34755 0.71925 -0.0023601 0.66507 -0.51604 -0.19162 -0.3873 -0.076824 1.2071 0.52316 -0.71578 -0.43953 -0.51982 0.25214 -0.30223 -0.96205 -0.073682 -0.59105 0.39969 -0.64704 -0.10413 -0.82195 -0.36252 0.32648 0.62471 0.23199 -0.60829 -0.045371 0.39147 -0.60915 0.87218 0.88353
isn	0.035734 0.061623 0.37703 -0.36125 -0.66887 0.10457 0.5844 -0.1271 0.27867 -0.28414 0.56735 0.32727 0.2978 -0.27731 -0.38861 -0.11741 -0.11639 0.11845 1.2411 -0.27728 -0.15516 0.41184 0.26787 -0.15278 -0.065495 0.7468 -0.34173 0.14482 -0.38011 -0.83269 0.00019098 0.96091 -0.096775 0.2746 -0.28524 0.12565 -0.63258 0.51273 -0.14839 0.42989 0.62934 0.090627 0.2167 -0.35119 -0.28981 -0.71091 -0.12522 0.43393 0.28203 0.33915 -0.32449 0.3548 0.28 0.17245 -1.0496 0.32112 0.22215 0.030716 -0.38146 -0.54161 -0.68012 -0.32039 -0.09002 -0.9149 -0.19275 0.35831 0.2694 -0.42629 0.12786 0.22706 0.38684 0.20243 -0.64456 -0.029313 0.56822 -0.42218 0.44356 0.38221 -0.094522 -0.30767 0.096253 -0.74483 0.2707 -0.74233 -0.45876 0.20564 -0.21824 0.037035 -0.12119 1.1514 0.081038 0.14481 0.03562 -0.53642 0.8616 -0.42418 0.49444 -0.54551 -0.47392 0.63506
guaranteed	0.14549 0.2077 0.40573 0.077779 0.28637 0.077852 -0.30463 0.055771 -0.09259 -0.28922 0.13421 0.91753 0.12776 -0.23907 -0.26718 -0.71368 0.34541 0.22641 -0.04743 0.20984 -0.26993 0.047112 -0.22343 -0.022842 0.45933 -0.74258 -0.37112 -0.57321 -0.28946 -0.48469 0.27014 0.4554 -0.11916 -0.03198 0.66885 0.19425 -0.022036 0.71591 -1.2693 -0.087057 0.77695 -0.20986 0.49079 -0.23283 0.37541 -0.46652 0.1862 -0.3678 -0.46463 -0.98444 -0.30336 -0.17598 -0.060785 0.31851 0.39974 -0.68483 0.82507 -0.49765 1.4188 0.026872 -0.058521 -0.68896 -0.90032 -0.69301 0.69745 -0.10547 0.25038 0.36428 -0.076456 -0.65044 -0.0010357 -0.39356 0.15727 0.38497 0.20831 0.46266 -0.58451 -0.37568 -0.78991 -0.31741 0.58326 -0.38213 -0.23529 -0.33246 -0.75667 0.40752 0.24512 0.12778 0.12246 -0.02317 -0.23823 -0.29668 0.20361 -0.3452 -0.66675 0.013413 0.5515 0.73189 0.13318 0.18316
column	-1.7154 0.48478 0.35404 -0.86892 0.21317 0.97541 0.26898 -0.10161 0.11129 -0.63806 0.69888 -0.72858 -0.0001857 -0.006076 -0.69267 0.12602 0.049125 -0.2278 -0.24548 -0.72552 0.38962 0.077641 -1.1097 0.88736 1.2001 -0.11057 -0.14077 -0.24632 -0.19132 0.31618 0.011952 0.35957 0.50664 -0.5995 -0.16047 -0.11088 -0.47035 0.20004 0.049497 0.1634 0.021806 -0.41566 -0.49141 -0.72187 -0.22 -0.43002 -0.66522 -0.84108 0.40288 -0.068439 1.2154 0.41102 0.57503 0.23704 0.26381 -1.2328 0.38773 0.0028021 1.4698 0.62861 0.17142 1.0399 0.0044173 -0.6164 0.99047 -0.12015 0.44606 -0.49756 -0.34755 0.71925 -0.0023601 0.66507 -0.51604 -0.19162 -0.3873 -0.076824 1.2071 0.52316 -0.71578 -0.43953 -0.51982 0.25214 -0.30223 -0.96205 -0.073682 -0.59105 0.39969 -0.64704 -0.10413 -0.82195 -0.36252 0.32648 0.62471 0.23199 -0.60829 -0.045371 0.39147 -0.60915 0.87218 0.88353
Weighted	0.17719 0.70127 -0.39546 -0.29129 0.53493 -0.19035 -0.20196 -0.14737 -0.42157 0.22606 -0.44054 -0.78089 0.52261 -1.3645 0.13906 0.8021 -0.050612 0.050877 0.67508 -0.67454 1.4621 -0.15303 0.98203 -0.031651 0.50516 -0.53398 0.0098975 -0.53272 -0.84326 -0.20651 0.4743 -0.099612 0.1113 0.37723 0.093927 -0.75838 1.1403 -0.3222 -0.78768 -0.7037 1.3529 -1.0968 -0.32012 -0.19764 -0.12571 0.44423 -0.4468 0.28449 -0.46761 -0.86586 0.24991 0.14071 0.52003 0.15131 -1.5187 0.037395 0.76981 -0.22983 1.3902 -0.31617 -0.55909 -0.49291 -0.73747 0.9609 -0.88066 0.19852 -0.12491 0.42301 1.0703 0.69252 -1.1567 -0.35469 0.18009 0.74049 -0.31762 -0.043 -0.58306 -0.54077 0.18947 -0.42698 0.022419 0.56928 -1.5979 -1.515 -0.74584 -0.88809 0.5049 -0.44799 -0.19183 -0.036878 -1.0619 0.72295 -0.46413 0.21046 -0.36678 0.71912 0.69698 -0.28116 0.14435 0.93471
Coocurrence	
Array	-0.65781 0.92986 0.057983 0.3296 0.62332 0.13687 -0.3663 0.23781 -0.54342 0.50936 0.22343 -0.62014 -0.37853 -0.53848 0.8086 0.37347 -0.28596 0.60848 0.26758 -0.27611 -0.72779 -0.43245 0.13826 -0.83019 0.25466 -0.18956 0.35039 0.75198 -0.76607 -0.39967 0.09454 0.24471 -0.23858 -0.03379 0.32776 -0.16759 0.032184 -0.3649 0.045433 -0.016532 0.15469 -0.39674 0.066198 0.05242 -0.23711 -0.15536 -0.11225 0.65803 0.22217 0.43899 0.35539 0.13995 0.30664 0.2611 0.57117 -0.99658 0.6001 -0.029741 1.5432 0.13286 -0.27899 0.62402 0.33851 0.27839 0.79505 -0.64937 0.065556 -0.39553 0.45158 0.30551 0.20932 0.13018 -0.045057 0.072105 -0.028651 -0.3302 -0.37806 -0.13023 0.16409 0.1162 1.6424 -0.28674 0.13866 -0.25707 -1.0316 0.058305 0.428 0.29183 -0.36204 -0.11524 -0.38131 0.42185 -0.15097 -0.4195 -0.44506 -0.25329 -0.69365 -0.91731 1.2022 0.26943

solution	-0.6269 0.39516 0.29439 1.1127 -0.00027501 -0.48458 0.46506 -0.28882 0.65649 0.31497 -0.12992 -0.15935 0.099145 0.23149 0.13218 -0.039036 -0.36519 -0.60476 -0.53715 -0.46797 -0.36788 -0.096492 -0.023146 -0.27548 -0.25543 0.44944 0.051732 -0.1041 -0.58247 -0.20935 -0.12909 0.79717 -0.50582 -0.30913 1.0126 -0.039588 0.69356 -0.040439 0.3705 -0.82283 -0.43379 -0.07805 0.10381 -1.042 -0.34484 0.23976 -0.19774 0.044032 -1.1053 -0.010101 0.31346 -0.05605 0.14471 1.3169 -0.14928 -1.9782 -0.14819 -0.39224 1.2207 0.028304 -0.16526 -0.69494 -0.76178 -0.49203 1.6283 -0.012948 0.47707 -0.26171 -0.50997 -1.4293 0.1914 -0.31151 -0.23624 -0.2143 0.70862 0.1358 -0.29173 -0.36161 -0.7538 -0.3603 0.31979 -0.007505 -0.51529 0.074149 -0.85935 0.97157 0.61621 0.067052 -0.59826 -0.67942 -0.10273 0.31339 -0.75789 0.21333 -0.15627 0.1027 0.17956 0.11082 0.34711 0.75093
simple	-0.7417 0.78384 -0.10146 0.33754 0.16545 0.9647 -0.21316 0.21171 -0.18317 0.32402 0.0058972 -0.26222 -0.070091 0.12407 0.35052 0.11117 -0.38579 0.60858 0.30197 0.015577 0.15121 -0.21777 0.15307 -0.672 0.22925 0.25881 -0.36409 -0.31234 -0.67737 -0.30033 -0.18811 0.49308 -0.308 -0.90901 0.93458 0.22721 0.018089 -0.15325 0.66242 -0.51322 0.53941 -0.12477 0.24629 -0.53508 -0.56524 -0.21591 -0.018289 0.015796 -0.19505 -0.41435 0.58692 -0.25626 0.52489 0.60395 -0.14908 -2.1224 0.44661 0.27385 1.5538 -0.14506 -0.33058 0.15612 -0.08806 -0.20782 0.97745 -0.49346 0.39101 -0.35166 -0.38745 -0.71869 -0.766 0.56913 0.29843 -0.16612 0.62633 0.46383 -0.18279 -0.15052 -0.2032 -0.097686 0.21228 0.00018313 -0.40261 -0.28749 -1.6865 0.33548 0.37327 -0.35349 -0.54681 -0.062998 0.041631 0.041319 -0.048032 0.27917 -0.20046 -0.58449 -0.69045 -1.25 0.030669 0.36621
change	-0.21947 0.11521 0.65302 -0.065847 -0.27114 -0.31691 -0.27264 0.072489 -0.1994 0.18162 -0.40119 -0.15237 0.15274 -0.44999 0.35391 -0.18541 -0.31092 0.13765 -0.28494 -0.21728 0.084083 -0.26736 -0.13991 -0.10453 -0.22532 0.08351 -0.0078045 -0.66395 0.35111 -0.32218 -0.017092 1.0643 -0.19717 -0.16794 -0.32944 0.0015641 0.177 -0.23554 -0.41079 -0.45179 -0.98893 -0.39237 0.10609 -0.10884 -0.69575 0.066924 0.011955 -0.033838 -0.56384 -1.2382 0.60476 -0.077292 -0.093608 1.1617 0.45363 -2.4786 0.22304 0.0071302 1.6748 0.28602 -0.43532 0.36987 -0.68299 -0.16679 1.5058 0.27098 -0.32695 -0.1704 0.36196 -0.62764 0.074537 -0.26008 -0.36486 -0.67706 0.40995 -0.55273 -0.13101 -0.21172 -0.37387 -0.023259 -0.044405 -0.83011 -0.25722 -0.13334 -1.4099 -0.051098 0.29462 -0.62621 -0.46596 -0.68857 0.06224 -0.11744 -0.35229 -0.14699 -0.22453 -0.07303 -0.11518 -0.29582 0.69329 0.27524
compare	-0.5864 0.66794 0.26775 0.6376 -0.81572 -0.23673 -0.41764 -0.20158 -0.17152 0.12851 0.09846 0.046329 -0.090822 -0.29841 0.32895 0.68989 0.23339 0.49077 -0.23083 0.62134 -0.31673 -0.48842 -0.30681 0.18 -0.74361 -0.69044 -0.10699 -0.59006 0.38255 -0.2863 0.53441 0.5492 -0.25647 0.048416 0.30639 0.32644 -0.28857 0.017608 -0.11787 -0.82692 0.18218 -0.21881 -0.93772 -0.2851 -0.93249 0.31976 0.25395 -0.49135 -0.60512 -0.84006 0.52741 0.5641 0.18015 0.46621 -0.13957 -0.68469 0.21568 -0.076936 0.68511 -0.43847 -0.62223 0.60567 0.014673 -0.22426 0.28572 0.55702 0.14167 0.34854 0.09943 0.13263 -0.26235 0.27245 0.012969 -0.1367 0.22907 -0.028443 0.23938 -0.61402 -0.15278 -0.38183 0.18386 0.28178 -0.60913 -0.45099 -1.1244 -0.23802 -0.38222 -0.45888 -0.69956 0.17869 -0.060007 0.20744 -0.1262 -0.68229 -0.21294 -0.099919 -0.37476 0.029557 0.26621 0.014103
method	-0.41796 0.53241 -0.33693 0.69262 0.068686 -0.087566 0.27663 -0.071203 -0.3353 0.33365 -0.52407 -0.53341 0.04046 -0.16659 0.45481 -0.34785 0.24926 0.022734 0.4212 0.0062452 -0.13359 -0.51309 0.21382 -0.24943 -0.36553 -0.01069 0.25961 -0.2909 -0.7678 0.037387 -0.46895 0.89278 -0.53101 -0.38841 0.35913 -0.4793 -0.33601 -0.20371 0.39182 -0.95175 -0.62779 0.17753 -0.035282 -0.12463 -0.84179 -0.34632 -0.19631 -0.84428 -0.54253 -0.19322 0.25287 -0.01299 -0.0014 1.4574 -0.76291 -1.5731 -0.23982 0.22269 0.87785 -0.034078 -0.036702 -0.31008 0.80324 0.61032 1.3546 -0.14522 -0.19501 -0.68654 -0.096186 -0.50487 -1.0144 0.37278 0.63403 0.66473 0.33144 -0.62283 -0.11496 -0.60323 -0.46632 -0.17908 0.23923 0.25257 -1.1826 -0.60126 -1.8759 0.92491 0.87735 -0.62709 -0.26522 -0.10025 -0.58459 0.12821 0.3471 0.52632 0.74769 -0.33396 -0.36954 -0.75431 0.34056 0.28563
RowPair	
class	0.44507 1.1348 0.33681 0.033357 -1.0405 0.24413 0.43113 0.041197 -0.81321 1.1462 -0.041166 -0.56681 -0.37751 0.010833 -0.49384 -0.98461 0.2911 0.62519 0.0021157 0.076011 0.57661 -0.42666 0.026943 -0.31422 0.22591 -0.40706 -0.44773 -0.46698 0.071828 0.087351 -0.25286 1.0292 -0.17695 -0.57001 0.69949 0.49922 -0.23905 0.21815 0.067587 0.91464 -0.62297 -0.85661 -0.1409 -0.61247 0.66159 0.090501 0.19563 0.35387 0.18804 0.30706 -0.73807 0.019089 -0.32798 0.51793 -0.003088 -1.7927 0.08279 -0.13564 2.0857 0.16076 -0.41443 0.42641 0.055687 0.03359 0.74283 -0.19547 0.53011 0.19503 0.44296 0.54503 -0.030984 -0.49682 -0.11398 0.085998 -0.046392 0.92739 0.088696 -0.28703 -0.72927 -1.1755 -0.26028 -0.55622 -0.026987 -0.20324 -0.81465 -0.12299 -1.1006 -1.5845 -0.18962 -0.32423 -0.99665 -0.060921 0.43139 0.38787 0.24177 0.29155 -0.080935 -0.70294 0.47778 -0.33316
adapt	-0.51122 -0.0068895 0.1672 0.32881 -0.7951 -0.10042 -0.53693 -0.49643 0.10377 0.46913 -0.14951 -0.33041 -0.33952 -0.78623 -0.40537 -0.38672 0.080937 0.69463 -0.62413 -0.28963 -0.51063 -0.44819 0.48883 0.16626 -0.1121 -0.42675 -0.49777 -0.99995 0.32618 0.66125 -0.87935 0.97846 -0.85185 -0.66081 0.47715 0.081513 -0.10526 -0.65395 -0.3054 -0.71481 -0.74986 0.29209 -1.0026 0.3383 -0.35968 0.90833 -0.032693 0.12219 -0.011079 -0.53797 -0.19174 0.35469 0.20456 0.95814 0.80607 -0.60507 0.5902 0.047436 0.38458 -0.52893 0.11019 0.82266 -0.63279 -0.25989 0.70215 -0.044716 -0.32178 -0.18071 0.10502 -0.71206 0.52739 -0.23576 -0.26919 -0.56026 0.67525 -0.76844 -0.91891 -0.25061 0.44746 0.32026 0.080895 -0.26191 -0.62026 0.3755 -0.95082 0.027251 0.0043014 -0.19013 -1.1599 0.32032 0.50321 -0.10911 0.30176 -0.98532 -0.087465 -0.17502 -0.18209 -0.42589 0.42586 0.066073
CooccurencesMapper	
enforce	-0.076491 -0.96942 -0.13054 0.272 -0.32264 0.51913 -1.2573 0.13553 -0.06132 0.53698 -0.46117 -0.71842 0.26201 -0.24054 -0.53116 -0.0218 1.0931 0.44698 -1.0376 -0.026518 0.72276 -0.55468 0.60816 -0.50002 0.30291 0.014956 -0.97407 -1.1027 -0.58446 -0.076939 0.20884 -0.28411 0.32107 0.042449 -0.10751 0.18337 0.47675 -0.82911 -0.050701 0.1582 -0.12033 0.45522 0.24189 -0.14348 -0.48668 -0.31246 0.028914 -0.27612 -0.27343 -1.1891 0.53823 0.47619 -0.28108 0.68758 0.22866 -0.16123 1.3536 -0.58397 1.6203 -0.34779 -0.036562 -0.32621 -0.38658 -0.27778 0.52276 0.022407 -0.64725 0.20398 -0.077525 -0.48753 0.547 -0.60812 -0.076049 -0.30501 0.44935 -0.82354 -0.91021 -0.044001 -0.80333 -0.19202 0.94822 -0.75588 -0.63189 0.47303 -0.40254 0.38023 0.32981 0.1711 -0.42468 0.26871 0.038543 -0.096874 -0.76799 -0.44128 -0.045856 0.36074 -0.47445 0.15391 0.23491 0.21085
RowA	
RowB	
Row	0.24573 0.34631 0.65345 -0.60289 0.048054 0.042434 0.090333 0.13667 -0.37101 -0.047729 -0.080386 0.25711 0.079928 0.63167 -0.26106 0.2784 -0.96251 -0.0078909 -0.38579 -0.40777 0.88982 0.25149 0.42113 0.2407 1.2318 -0.71601 -0.11399 -0.41104 0.29075 0.16401 0.10704 -0.10644 -0.006689 0.0059655 -0.044487 0.52159 -0.48635 -0.19579 0.15108 -0.2305 -0.07794 -0.74863 0.53847 -0.60586 0.49639 -0.064154 0.10614 0.093975 0.57249 -0.089359 0.13733 -0.66598 -0.86355 1.4289 -0.086599 -1.8861 -0.22502 -0.2077 0.80425 0.35551 -1.1312 -0.1291 0.24682 -0.22489 0.88506 0.29792 0.67806 0.26547 -0.27948 -0.2487 0.10249 0.69217 -0.32555 -0.21995 0.17351 0.73302 0.30668 -0.14331 -0.17305 0.52826 0.24465 0.0034292 0.33534 0.18588 -0.51655 -0.30634 -0.30236 -0.46723 0.58371 -0.036362 -0.78383 0.10496 -0.43646 -0.016353 0.1842 0.21585 0.31645 0.40074 0.84809 -0.56796
Pair	0.21577 0.29502 0.071201 -0.057816 0.16965 0.3921 0.12617 0.45395 -0.82811 0.23335 0.33259 0.33102 0.38048 0.91869 0.2369 -0.0030237 -0.46635 0.35798 -0.054828 -0.42388 0.50393 -0.25527 0.15206 0.33586 0.63371 0.049826 0.048742 -0.50582 -0.020554 -0.2675 -0.30564 0.66011 -0.27221 -0.42237 1.0786 -0.30094 -0.20664 0.43452 0.10267 0.22926 0.54185 -0.1902 0.51476 -0.25639 -0.063312 -0.13956 -0.36411 0.035022 0.47986 -0.0029962 -0.24666 0.0197 -0.029382 0.9416 0.57989 -1.9614 -0.5478 0.56261 0.83681 0.8009 -0.48498 0.68538 0.30842 0.69543 0.3153 -0.040688 0.36397 0.69855 -0.13281 -0.0007289 -0.58592 0.18668 0.1308 -0.093467 0.25484 0.54097 0.013334 -0.22364 -0.059585 -0.17122 0.65169 0.28893 0.12568 -0.26361 -0.96831 -0.63364 0.055593 0.32199 0.046026 -0.14233 -0.20507 0.0094476 0.0035726 -0.53157 -0.53278 -0.37931 -1.2585 -0.11181 0.11532 -0.4929
Cooccurences	
Mapper	-0.23855 0.56481 0.17084 -0.56668 -0.27623 -0.8832 0.4601 -0.095294 0.32292 0.038429 -0.3737 -0.059939 0.42335 -0.5116 0.58768 0.7898 0.26925 -0.23251 -0.20192 -0.73096 -0.39212 -0.46752 -1.1861 -0.20901 0.27643 0.32047 -0.1364 0.9981 -0.1997 0.095005 -0.95677 -0.13367 -0.8346 0.20901 0.0999 -0.090051 0.032455 -0.16368 0.14664 0.099004 0.15223 -0.27377 0.27699 0.022944 0.11611 0.13996 0.2391 0.42159 0.42197 -0.05667 0.086749 0.52776 0.16059 0.25861 -0.2439 0.6602 -0.045898 -0.42519 -0.41988 -0.33243 -0.0026802 -0.29238 -0.092834 0.44466 -0.24039 0.017974 0.43076 -0.1536 0.42838 -0.1394 -0.012595 0.72095 0.33092 0.037347 0.069555 -0.20518 0.5369 0.38884 0.5846 -0.12745 -0.6425 0.21234 0.12582 0.22038 0.20976 0.30005 0.27493 0.618 0.89444 0.58699 -0.47185 1.4792 0.072351 -0.17033 1.4143 0.36399 0.41636 -0.56033 0.032923 -0.13122
Row	0.24573 0.34631 0.65345 -0.60289 0.048054 0.042434 0.090333 0.13667 -0.37101 -0.047729 -0.080386 0.25711 0.079928 0.63167 -0.26106 0.2784 -0.96251 -0.0078909 -0.38579 -0.40777 0.88982 0.25149 0.42113 0.2407 1.2318 -0.71601 -0.11399 -0.41104 0.29075 0.16401 0.10704 -0.10644 -0.006689 0.0059655 -0.044487 0.52159 -0.48635 -0.19579 0.15108 -0.2305 -0.07794 -0.74863 0.53847 -0.60586 0.49639 -0.064154 0.10614 0.093975 0.57249 -0.089359 0.13733 -0.66598 -0.86355 1.4289 -0.086599 -1.8861 -0.22502 -0.2077 0.80425 0.35551 -1.1312 -0.1291 0.24682 -0.22489 0.88506 0.29792 0.67806 0.26547 -0.27948 -0.2487 0.10249 0.69217 -0.32555 -0.21995 0.17351 0.73302 0.30668 -0.14331 -0.17305 0.52826 0.24465 0.0034292 0.33534 0.18588 -0.51655 -0.30634 -0.30236 -0.46723 0.58371 -0.036362 -0.78383 0.10496 -0.43646 -0.016353 0.1842 0.21585 0.31645 0.40074 0.84809 -0.56796
Row	0.24573 0.34631 0.65345 -0.60289 0.048054 0.042434 0.090333 0.13667 -0.37101 -0.047729 -0.080386 0.25711 0.079928 0.63167 -0.26106 0.2784 -0.96251 -0.0078909 -0.38579 -0.40777 0.88982 0.25149 0.42113 0.2407 1.2318 -0.71601 -0.11399 -0.41104 0.29075 0.16401 0.10704 -0.10644 -0.006689 0.0059655 -0.044487 0.52159 -0.48635 -0.19579 0.15108 -0.2305 -0.07794 -0.74863 0.53847 -0.60586 0.49639 -0.064154 0.10614 0.093975 0.57249 -0.089359 0.13733 -0.66598 -0.86355 1.4289 -0.086599 -1.8861 -0.22502 -0.2077 0.80425 0.35551 -1.1312 -0.1291 0.24682 -0.22489 0.88506 0.29792 0.67806 0.26547 -0.27948 -0.2487 0.10249 0.69217 -0.32555 -0.21995 0.17351 0.73302 0.30668 -0.14331 -0.17305 0.52826 0.24465 0.0034292 0.33534 0.18588 -0.51655 -0.30634 -0.30236 -0.46723 0.58371 -0.036362 -0.78383 0.10496 -0.43646 -0.016353 0.1842 0.21585 0.31645 0.40074 0.84809 -0.56796

Hope	0.034877 0.46079 0.068392 -0.028982 0.16501 -0.38592 -0.51132 -0.11775 0.14619 -0.80136 -0.53075 0.41659 0.088406 -0.33162 -0.27454 -0.63101 0.077925 0.3078 -0.64325 0.42885 -0.17574 0.079262 -0.3752 -0.41483 -0.05375 0.52534 0.028463 -0.41588 0.56561 -0.53534 -0.44455 0.32286 -0.029864 0.33716 -0.017443 -0.21847 0.062993 0.15676 0.1141 -0.27867 -0.84876 -0.30133 0.30842 -0.66355 -0.13712 -0.44609 0.26202 -0.053339 0.021727 -0.95163 -0.11114 -0.32921 0.072359 0.98842 0.40823 -2.6342 -0.013318 -0.24322 0.86141 -0.073295 -0.43457 0.69577 -0.49949 -0.20629 0.16113 0.50262 -0.011522 0.89679 -0.45373 -0.871 0.80538 -0.12354 -0.54413 -0.91337 0.46919 0.6883 0.199 -0.17652 -0.9768 -0.18802 0.31801 0.40312 -0.35689 0.18911 -1.2525 0.22172 -0.065939 0.29565 -0.13968 0.0081264 -0.081126 -0.065867 -0.055674 0.19955 -0.85693 -0.027896 0.12185 -0.27914 0.17268 0.51074
missed	0.22686 -0.36143 0.19462 -0.63583 -0.293 -0.054936 0.36183 0.42846 -0.23573 -0.039568 0.75155 0.19619 -0.15645 -0.10722 0.41114 0.42392 -1.0826 0.49267 -0.49908 0.34706 -0.067509 0.38578 -0.1149 0.54453 0.51518 0.036074 -1.0741 -0.23025 0.1538 -0.31824 -0.40849 0.69768 0.32424 -0.085114 0.61754 -0.57913 -0.75916 0.91583 -0.80869 0.82536 -0.4707 0.2454 1.0153 0.1179 0.0064563 0.24559 0.47609 -0.32352 0.096663 -0.96793 -0.079094 0.13867 -0.4544 0.2646 0.0033729 -2.3668 -0.2393 -0.078721 0.90484 0.97715 -0.4366 0.65223 -0.36208 0.53375 -0.47126 -0.53801 -0.039234 0.10082 -0.99059 -0.12142 -0.57493 0.53563 0.65197 0.23699 0.089365 -0.10304 -0.28517 0.075895 -0.34528 0.52384 0.38362 0.33107 -0.70155 -0.25453 -1.2602 -0.70775 0.16838 0.23598 -0.55517 0.34509 -0.70206 0.36177 -0.080511 -0.058494 -1.1441 0.19806 0.24567 0.36931 -0.40745 -0.038479
obvious	0.023289 0.18906 0.68439 -0.19693 -0.017752 -0.12537 -0.16092 -0.5074 0.71862 -0.34904 -0.22578 0.10879 0.059705 -0.24973 0.65604 -0.15494 -0.39411 0.22925 -0.089725 0.16009 -0.1622 0.18646 -0.43126 -0.58809 -0.01756 0.19404 0.12433 -0.22423 -0.16928 -0.54114 0.055986 0.032218 -0.17999 -0.21335 0.026375 0.058008 -0.077806 -0.12338 -0.086249 0.0053749 0.14751 0.40634 0.33599 -0.24924 -0.22946 -0.074976 0.98769 0.21688 -0.8051 -0.54736 0.64247 -0.25604 0.19515 0.4225 0.37671 -1.7337 0.45328 -0.27642 0.83416 -0.32687 -0.45057 0.546 -0.21728 0.38475 0.98423 -0.56044 0.55572 -0.53696 -0.51028 0.018502 -0.51729 -0.19311 0.018405 -0.19947 0.69283 0.16841 0.11685 -0.061284 -0.41044 0.083963 -0.042134 -0.17685 -0.028582 -0.31076 -1.7297 -0.51877 -0.49477 0.38402 -0.6175 -0.40271 -0.33126 0.28306 -0.42032 0.080533 -0.23125 0.0049768 -0.80723 -0.70082 0.077241 0.73991
intended	-0.17099 -0.26384 -0.33259 0.16924 0.58773 -0.051194 -0.093639 -0.089642 0.16297 0.5396 -0.2364 0.021429 0.085155 -0.22017 -0.093083 -0.13062 0.39367 0.37177 -0.96792 0.093596 0.265 -0.84899 0.041769 -0.33472 -0.34294 -0.091982 -0.64804 -0.0063998 -0.15847 0.0072338 -0.048675 0.62528 -0.16937 0.064624 -0.016626 0.43201 0.61713 -0.21704 -0.19614 0.18187 -0.012032 -0.078719 -0.012194 0.16465 -0.10981 -0.27727 0.25258 -0.22734 -0.3924 -0.67163 0.021661 0.42507 0.39721 0.74527 0.19227 -2.0035 -0.32392 -0.5697 1.526 -0.11143 -0.065106 0.34833 -0.066281 0.24095 0.92848 -0.20064 -0.27552 0.3088 -0.42833 -0.7156 0.24875 -0.68901 0.066523 -0.19846 -0.018497 0.13512 0.50762 0.61937 -0.69544 0.26114 0.095995 -0.21239 -0.29061 -0.39468 -1.8741 -0.1605 0.5095 0.15777 -0.050534 -0.025946 -0.5344 -0.072314 0.29648 -0.42355 0.12632 -0.22242 -0.1928 -0.33127 0.20024 0.055244
behavior	0.79669 -0.5889 0.56991 -0.034798 -1.2434 0.83545 0.058371 -0.18639 -0.25826 0.43971 -0.84477 -0.20744 0.34258 -0.43091 0.54777 0.92809 -0.68217 0.28891 -0.25739 0.57427 0.043608 -0.70898 0.053891 -0.12559 -0.24906 0.24902 -0.37907 -0.23702 -0.09747 0.47147 0.2171 1.0136 -0.40842 -0.33776 0.19216 0.14771 -0.1419 -0.15427 -0.50058 -0.50077 -0.62805 -0.020157 -0.59284 -0.018849 -0.63791 -0.051265 0.16411 0.35264 -0.31513 -0.96446 1.2408 -0.57123 -0.35071 0.91132 0.5113 -1.1277 0.794 -0.34417 1.0675 0.30908 -0.30645 0.31146 0.33185 -0.60324 1.0719 0.47739 0.64615 -0.49777 0.7454 -0.058699 -0.25279 -0.63353 0.045374 -0.21113 0.1947 -0.22747 0.19321 0.039949 -0.53137 0.15105 0.44701 0.43534 -0.31767 -0.14733 -1.6884 -0.23374 0.18508 -0.2267 -0.17048 -1.1079 -0.59354 -0.23454 0.55013 0.30703 0.67554 0.27514 -1.1627 -1.0539 0.53034 0.13846

case	0.41052 0.058649 0.28515 -0.099504 0.076813 0.15387 0.36206 -0.10112 0.093865 -0.23309 -0.13663 0.54577 0.0138 0.38415 -0.39695 0.16228 0.099602 0.24988 -0.33659 0.039019 0.33905 -0.66241 0.37472 0.21631 0.16886 0.18165 0.55425 -0.6101 -0.85227 0.36984 0.6891 0.45316 0.082091 0.10839 -0.24239 0.15888 0.11656 -0.060652 0.57618 -0.3042 -0.65261 -0.38063 0.58332 -1.0504 -0.095388 0.014547 0.59942 -0.55361 0.17132 -0.69451 0.99215 -0.39131 0.31876 1.1508 -0.57279 -1.8148 -0.39404 -0.5783 1.9226 0.59717 -0.76435 0.59466 0.28298 -0.25469 1.4569 -0.41196 0.43957 0.74745 -0.67474 0.43792 -0.0045149 -0.03932 -0.03232 0.18805 0.73553 0.14875 -0.066224 -0.56274 -0.92785 0.22184 0.81973 0.0065571 -0.046961 -0.31358 -1.5983 -0.52369 -0.016562 0.094486 -0.15641 -0.66476 -0.14292 -0.47557 -0.44785 0.10048 1.1182 0.54136 -0.030505 -0.37898 0.33021 -0.27462
enlighten	-0.66138 0.47356 0.25753 0.34748 0.01237 0.82617 -0.55827 -0.17692 0.79159 0.0072534 0.31272 -0.19188 -0.25794 -0.76031 0.031541 -0.29676 -0.082785 0.34621 -0.78319 0.72879 -0.23577 -1.3252 -0.10687 -0.38492 -0.042212 0.30791 -0.043548 0.3997 0.26739 -0.12632 -0.23444 0.30652 -0.054278 0.17908 -0.93155 0.78897 -0.41727 0.066128 0.08925 -0.05878 -0.14023 0.2464 -0.97384 -0.19877 -0.32999 0.17479 0.36329 -0.41655 -0.46679 -0.11961 -0.63482 -0.49603 -0.38316 0.31945 -0.53884 0.65065 0.60217 -0.19176 -0.27255 -0.8947 0.26686 1.0476 -0.13243 -0.020475 -0.35252 0.33201 -0.26944 0.62879 0.19639 -0.48257 0.74687 -0.085901 0.27351 -1.1053 -0.25109 -0.096059 0.53456 -0.26102 0.2157 -0.069469 -0.54375 0.087717 -0.16923 0.83317 -0.35356 -0.051889 -0.77835 1.0299 -0.011822 -0.088314 -0.46922 0.19582 0.48076 -0.87617 0.10318 -0.48781 0.20605 -0.43872 -0.51995 0.73797
topic	-0.40853 0.44446 0.54849 0.57249 0.532 0.026375 0.3035 -0.62905 0.55321 -0.48254 -0.17628 0.061491 0.09988 -0.38686 0.011436 0.020451 -0.22871 -0.076622 -0.33004 -0.80356 -0.22858 -0.16688 -0.35491 0.10434 0.15525 -0.48987 0.53654 0.19172 -0.43925 0.5489 -0.87431 0.04743 0.57784 0.14885 -0.52583 0.88241 -0.34862 -0.13342 -0.41215 0.19417 -0.47764 -0.12277 0.20083 -0.20793 -0.815 -0.35451 0.038413 0.34322 -0.17119 -0.66918 0.94319 0.095172 -0.29369 0.3068 -0.33186 -1.0765 0.048743 -0.0041614 0.96869 0.10107 -0.10935 1.0534 0.083316 -0.9792 1.5949 -0.30121 0.59613 -0.0026996 0.59365 0.28981 0.01604 -0.098599 0.34212 0.45034 -0.92961 0.22392 -0.35109 -0.65582 -0.20953 -0.20999 -0.31383 -0.27722 0.077561 -0.55759 -1.1754 -0.09756 -0.53388 0.24106 -0.027012 -0.70861 -0.16953 0.76037 0.15657 0.36521 -0.015007 0.57578 -0.12889 -0.10775 0.64804 0.68744

tests	-0.37906 0.32433 0.21559 0.10914 -1.4685 -0.38792 0.35252 0.93983 -1.3256 0.75604 -0.049175 -0.13989 0.18782 0.69897 0.32758 0.402 0.24233 0.91387 -0.29767 0.14447 0.15447 -0.28095 0.11191 -0.092958 -0.32542 0.081207 0.01346 -0.3358 -0.37062 0.32077 -0.17917 0.06165 -0.78 0.23922 0.82362 0.16467 -0.27358 -0.41899 -1.4241 0.35495 -1.0919 0.10067 -0.091429 -0.78299 -0.094842 0.31715 0.55517 -0.78317 -0.55538 -0.5091 0.72589 0.042896 -0.35815 0.86922 -0.087776 -1.5139 -1.0458 -0.19528 1.2784 0.18363 -0.31651 0.62153 0.79919 0.42065 0.22551 1.1927 -0.22155 -0.18781 0.16301 0.033726 -0.12723 0.61968 0.24009 0.25306 -0.031486 0.60423 0.11976 -0.2717 -1.1865 -0.45172 0.9437 -0.13707 -0.22812 -0.055562 -2.1165 0.034045 0.85824 0.39473 -0.84621 0.67665 -0.77233 0.2391 0.064901 0.60682 0.11541 1.2251 -0.14338 -0.28247 -0.13127 -0.19051
noticed	0.17839 -0.33742 -0.12426 -0.1256 -0.55032 -0.10571 0.11433 0.322 0.73395 -0.49623 0.058054 0.12344 0.43996 -0.23844 0.27414 -0.010245 -0.242 0.042687 -0.063636 -0.27936 -0.27006 0.5659 -0.47792 -0.75365 0.20383 -0.26326 -0.23238 -0.39423 0.17983 -0.05641 0.10223 0.48081 0.34388 0.24214 -0.035205 -0.21098 -0.37687 0.04898 0.66689 -0.076911 -0.34228 -0.0030955 0.30708 -0.062873 -0.076557 0.26324 0.15649 0.30177 0.40097 -0.95422 0.62407 -0.12196 -0.307 0.35554 -0.054313 -1.3385 -0.32035 0.089023 0.46458 0.33718 -0.052596 1.3795 -0.24071 0.5099 0.25193 -0.10417 0.57417 -0.25798 0.24864 0.61326 -0.12808 0.027992 0.3123 -0.19964 0.088073 0.46899 0.44799 -0.41114 -0.37739 -0.14211 -0.12774 -0.47831 -0.46798 -0.38938 -1.087 -0.9726 0.33223 -0.47435 -0.95511 -0.15175 0.35914 -0.43015 -0.2028 -0.36439 -0.36692 0.23036 -0.52777 0.036428 -0.24599 -0.059047
predictions	-0.40719 0.085832 0.92504 -0.089894 -0.6226 -0.78862 0.24888 -0.58915 -0.79715 0.1508 -0.00011902 0.32724 0.42831 -0.64838 0.89082 -0.016819 -0.70491 0.75004 0.71538 0.33761 -0.21246 -0.34185 0.21374 0.19124 -0.61055 -0.36734 -0.23407 0.13743 -0.52628 -0.43746 0.25616 -0.97032 -0.24379 0.15224 -0.60697 0.69153 -0.14633 -0.038863 -0.42112 -0.3283 -0.87492 0.30147 -0.68377 -0.18706 -0.22734 -0.95008 0.94156 -0.44242 -0.51162 -0.72776 0.91825 0.0019411 0.71133 0.46586 0.52446 -1.1261 0.91204 0.45241 0.19962 0.018706 -0.26912 0.22313 -0.64277 0.01151 0.21525 0.18367 -0.6301 -0.25532 0.016596 -0.70115 -0.16593 0.5917 -0.33939 -0.43345 -0.43158 -0.26795 0.50636 -0.13032 -0.84191 -0.30418 0.73801 0.15938 -1.2251 -0.14128 -1.0088 -0.92142 -0.24326 -0.071085 -0.19953 -0.065176 0.68317 0.95049 -0.29089 -0.3345 -0.52287 -0.17849 -0.45523 0.06786 0.3112 0.24576
remarkably	-0.47576 0.22467 -0.11179 0.023234 0.30107 -0.03496 0.53347 -0.11688 -0.42824 -0.42584 -0.15724 -0.048953 0.15454 -0.52313 -0.19553 -0.28756 -0.67451 -0.26205 0.37881 0.1615 0.51 0.39916 0.17977 -0.67032 -0.10176 -0.28514 -0.36251 -0.25726 -0.91463 0.18833 -0.056286 -0.19426 -0.30468 -0.14608 0.97991 0.43364 0.021843 -0.32214 -0.40487 -0.11286 0.72857 -0.10706 0.13297 0.17535 0.052452 -0.58551 1.0717 0.68386 0.18526 -0.9235 0.43795 -0.77252 0.74682 0.45613 0.077727 -1.0976 0.35895 0.013882 0.27233 -0.15318 -0.16399 0.74121 -0.87103 -0.25942 0.068483 -0.017355 0.3835 -0.23927 0.22595 0.1722 0.56807 0.30419 0.3345 0.20534 0.95748 -0.25272 -0.50238 -0.0087848 -0.019208 -0.79239 0.065654 0.6155 -0.22124 0.14638 -0.89775 -0.25454 0.61051 0.17699 -1.338 -0.15795 0.62276 0.19105 -0.22407 0.26493 -0.038657 -0.26121 -0.84886 -0.69933 -0.70747 -0.020815
high	0.23191 0.12153 0.29386 0.072764 -0.38304 -0.4951 -0.4896 0.38106 -1.1385 0.72336 -0.27039 -0.39156 -0.081569 0.32687 0.50732 -0.50271 0.026935 -0.09699 -0.0843 0.075377 -0.098599 0.080029 0.66816 0.21625 0.40719 -0.076217 -0.24698 -0.76626 -0.45836 0.52711 0.21671 -0.0091295 0.061904 0.60053 0.062351 0.032397 -0.022087 0.28614 0.25518 0.36703 -0.57334 -0.29495 -0.64289 -0.96003 0.66243 -0.012565 0.713 -0.15858 0.55935 -0.56437 -0.16974 -1.1061 -0.23437 0.6346 -0.1439 -2.9843 0.34014 -0.15353 2.2771 -0.071274 -0.23329 0.3215 -0.34058 0.19131 -0.26933 -0.49666 0.82841 -0.1702 0.60831 0.27916 0.17661 -0.50922 0.14518 0.086441 0.098435 0.18201 0.2101 0.10286 -0.521 -0.48947 0.95318 0.4882 -0.58288 -0.72219 -0.79387 -0.39084 0.36444 -0.46133 0.23086 -0.41769 -0.88894 0.05182 -0.72167 0.25381 -1.0825 -0.093222 -0.35774 -0.69988 0.98634 -0.12299
RMSE	
movielens	
dataset	-0.45286 0.98357 0.22463 -0.11214 -0.029008 0.44855 0.21762 0.29114 -0.50952 0.13485 0.41044 -0.42526 0.080615 -0.82661 0.43502 0.78148 0.21226 0.76382 0.25925 -0.025496 -1.0018 -0.55496 -0.094408 -0.26684 -0.29675 -0.23538 0.53178 0.23986 -0.22855 0.2785 0.10833 -0.012173 -0.25213 0.25114 0.59635 0.011105 -0.30373 0.52296 0.00076387 -0.54343 0.13771 0.18317 -0.051784 0.53934 0.073884 0.23156 0.33719 -0.16247 -0.30376 0.42609 0.48553 0.45896 0.64285 -0.10103 0.039317 0.41661 0.054236 -0.4655 -0.16733 -0.20175 -0.032334 -0.0025925 0.22168 0.0062114 0.52261 0.21347 -0.51954 -0.73521 0.60779 -0.20846 0.035118 -0.0061514 0.76118 0.32488 -0.014177 0.17492 -0.020529 -0.069249 0.11759 0.42835 -0.2572 0.085529 -0.49409 -0.43287 0.42955 0.13419 0.62574 -0.44421 0.021597 0.33828 -0.50032 0.46957 -0.60325 -0.18957 0.82121 0.17177 0.54668 -0.085706 -0.34709 0.01186
lies	-0.18295 0.1347 1.5025 0.60404 -0.13339 0.4846 -0.42166 0.19594 0.35838 -0.14797 0.67911 0.8015 0.48221 0.27199 0.43124 -0.59779 0.14196 0.033362 -0.29324 0.3868 0.44626 0.83761 0.19447 -0.52295 -0.42298 0.32691 0.45067 0.0072774 -0.072824 -0.59244 -0.26624 -0.11344 0.64256 -0.20443 0.1782 -0.30963 0.51709 -0.42335 0.054011 0.1568 -0.42006 0.20879 0.13688 -0.36002 -0.24134 -0.1503 1.0081 0.17524 -0.39031 0.67039 0.04276 -0.036533 0.1465 1.2818 -0.6989 -2.2919 -0.2742 -0.76301 0.88185 -0.50557 0.6064 0.60444 0.39914 -0.31414 1.007 0.057565 0.66024 0.012974 0.40399 -0.032009 0.11755 0.2597 0.58116 -0.23157 0.70574 -0.41279 0.57198 0.60697 -0.22346 1.0464 0.098633 1.1975 -0.52053 -0.33511 -0.18937 -0.22239 -0.69669 -0.11841 1.1516 0.46816 -0.17427 0.14396 -0.22989 0.52009 0.33034 0.69946 -0.26389 -0.74093 0.71911 0.56837

bit	-0.39159 0.22118 0.81884 -0.48398 -0.57314 0.083019 -0.20906 -0.074538 0.049359 -0.5595 -0.32309 0.57012 -0.21456 -0.41085 0.29183 0.17476 -0.96957 0.048109 0.47063 0.74266 0.7469 1.0214 -0.13095 -0.67132 0.37098 0.43346 -0.079043 -0.53242 0.16961 0.2822 -0.40671 0.40192 -0.23286 -0.44812 0.16073 0.266 -0.57449 0.17587 0.60321 -0.29777 0.17654 -0.76123 0.10279 -0.47314 -0.76829 -0.29628 0.51101 0.59928 0.64579 -1.1806 0.084544 -0.59182 0.1964 0.88892 -0.34691 -2.3892 -0.12136 -0.17922 0.87951 -0.08393 0.21187 1.3937 -1.3302 0.54578 0.18774 -0.27192 0.50073 -0.10156 0.20821 0.21246 -0.23405 -0.16276 0.27209 0.14825 0.63218 0.44681 -0.41562 0.08081 0.094626 0.12711 -0.23082 -0.56565 -0.66154 -0.21696 -1.5857 -0.045807 0.29936 0.14169 -0.6514 -0.38797 0.077916 0.43712 -0.47536 0.0043289 0.18086 -0.42751 0.027146 -0.33048 0.010488 0.54263
high	0.23191 0.12153 0.29386 0.072764 -0.38304 -0.4951 -0.4896 0.38106 -1.1385 0.72336 -0.27039 -0.39156 -0.081569 0.32687 0.50732 -0.50271 0.026935 -0.09699 -0.0843 0.075377 -0.098599 0.080029 0.66816 0.21625 0.40719 -0.076217 -0.24698 -0.76626 -0.45836 0.52711 0.21671 -0.0091295 0.061904 0.60053 0.062351 0.032397 -0.022087 0.28614 0.25518 0.36703 -0.57334 -0.29495 -0.64289 -0.96003 0.66243 -0.012565 0.713 -0.15858 0.55935 -0.56437 -0.16974 -1.1061 -0.23437 0.6346 -0.1439 -2.9843 0.34014 -0.15353 2.2771 -0.071274 -0.23329 0.3215 -0.34058 0.19131 -0.26933 -0.49666 0.82841 -0.1702 0.60831 0.27916 0.17661 -0.50922 0.14518 0.086441 0.098435 0.18201 0.2101 0.10286 -0.521 -0.48947 0.95318 0.4882 -0.58288 -0.72219 -0.79387 -0.39084 0.36444 -0.46133 0.23086 -0.41769 -0.88894 0.05182 -0.72167 0.25381 -1.0825 -0.093222 -0.35774 -0.69988 0.98634 -0.12299

normal	0.078139 -0.3144 0.15556 0.45872 -0.79426 0.084239 0.037687 1.0964 -0.11605 0.3667 -0.72818 0.12194 0.97803 -0.11882 0.45225 -0.39776 -0.81085 0.07698 0.70639 -0.18728 0.10612 -0.017444 0.017961 -0.1883 0.17203 0.30574 -0.15912 -1.1189 0.45992 0.423 -0.0074783 0.18503 -0.10036 -0.49954 0.032056 0.024096 0.063014 -0.024834 -0.11662 0.069504 -0.04531 -0.5347 -0.27282 -0.0056328 0.016362 0.30192 0.10844 -0.28544 0.033302 -0.82775 0.5036 -0.39964 0.25887 0.20863 0.11049 -1.7664 0.39441 -0.20418 2.0325 0.281 -0.32063 0.38948 -0.53588 -0.56495 0.60032 0.71698 -0.14106 -0.33541 0.53057 0.018166 -0.09954 -0.55627 0.84218 0.20843 1.0002 0.095653 -0.0070419 -0.57298 -0.20326 -0.33963 -0.028907 0.28202 -1.0892 0.48344 -1.4418 0.73947 0.44606 -0.15584 -0.082328 -0.12821 0.051665 0.19552 0.15034 0.25615 -0.70176 0.10053 -0.10001 -0.57439 0.26192 -0.1334
values	0.014585 0.91762 0.26273 0.34912 -0.26841 0.32944 -0.76461 -0.94639 -0.75081 0.87473 -0.52974 -0.33767 0.34254 -0.20611 -0.48535 -0.50174 -0.2223 0.62947 -0.69472 0.47309 0.41506 -0.6126 0.27865 0.046697 -0.16659 -0.23636 0.15343 -0.30687 -0.472 -0.28999 0.78575 1.0897 -0.27674 0.36699 0.51239 -0.061076 0.4428 0.33363 -0.55937 -0.75493 0.045666 -1.1303 -0.02107 0.10783 -0.77744 -0.16789 -0.13516 0.25446 -0.6657 -0.72037 0.56203 0.11706 -0.00088326 1.1447 0.27697 -1.2771 0.87334 -0.05776 1.6606 0.34255 0.34928 -0.093171 -0.55971 -0.62597 0.52358 0.51099 -0.17215 -0.37916 0.87282 -0.63932 -0.20323 0.34034 0.37061 0.017415 0.22043 -0.43039 0.041417 -0.42196 -1.0385 -0.16131 -0.72722 0.40828 -0.33838 -0.19874 -0.38775 -0.0012478 -0.75843 -0.46997 -0.10185 -0.70257 -1.0015 0.13873 -0.0622 0.16205 -0.75922 -0.43936 0.0035452 -1.1743 0.089949 1.0224
wrong	0.29976 0.096764 0.78986 -0.29726 -0.83994 0.12198 -0.22968 0.11562 0.54558 0.08816 0.29916 0.61139 0.065818 0.016323 0.076039 0.11764 -0.4941 0.30019 -0.50541 0.48323 0.75858 0.3074 0.17119 -0.79183 -0.39111 0.36388 -0.28968 -0.3329 0.13149 0.018273 0.54316 0.74766 0.34077 -0.19567 -0.28023 0.25138 -0.97814 0.032817 0.2556 -0.49649 -0.71281 0.42679 0.032038 -0.521 -1.0339 -0.40718 0.13885 0.30654 -1.0586 -0.89805 0.96808 0.1891 0.045624 0.70073 -0.52195 -1.9921 0.35914 0.62048 1.4776 -0.18456 -0.057311 0.68488 -0.15894 -0.0077764 0.56207 -0.40786 0.25042 0.24086 -0.82292 -0.068123 -0.33161 -0.092879 0.21996 -0.30731 0.58824 -0.09236 0.10411 0.27774 -0.43211 0.041362 0.13665 0.25971 -0.97938 -0.4664 -1.5725 -0.59968 0.018044 0.023086 -0.61087 -0.66244 -0.75826 0.04741 0.37288 -0.010702 0.031318 -0.044713 -0.36382 -0.14839 -0.19055 0.14488

