JspRuntimeContext	
synch	-0.54044 0.26584 0.25928 -0.28701 0.011903 0.76286 -0.15383 -0.55943 -0.08654 0.13701 0.037082 0.71312 0.23959 -0.24553 0.18074 0.11106 -0.41784 0.039104 0.79417 -0.50809 -0.19893 0.44388 0.64828 0.24429 0.14381 0.22499 0.12647 0.2615 -0.077568 -0.56154 0.15175 -0.38109 -0.01201 0.162 0.65179 0.08028 -0.40374 0.15033 -0.39367 -0.60647 -0.042194 0.18439 -0.748 0.079952 -1.212 0.53229 0.27439 -0.22398 0.22657 -0.35662 -0.84448 0.42573 -0.2419 0.30803 -0.44408 0.0069026 0.67642 -0.0078954 -0.037812 0.13745 0.25966 0.2323 -0.60722 0.17028 -0.80551 0.19702 0.44787 0.16676 -0.23965 -0.32182 0.3707 -0.60986 0.059685 -0.31879 -0.069443 0.39675 -0.27804 -0.43357 0.42142 -0.47367 -0.68376 0.25505 -0.015132 0.93076 -0.47578 0.18439 0.49361 -0.13688 -0.49072 0.24752 0.30448 0.4931 -0.74344 0.077947 0.5404 -0.20487 0.075864 0.21866 -0.39032 0.29438
Jsp	-0.038797 0.13375 -0.032881 -0.19124 0.38811 0.52653 -0.068508 0.21927 0.87941 0.18446 0.82054 -0.12312 -0.1421 -0.12166 -0.19997 0.087346 0.16478 -0.87389 0.95478 -0.030033 -0.23552 -0.28647 0.12778 0.328 -0.37298 -0.36238 0.65925 0.30213 -0.19574 0.10491 0.15111 0.62064 0.19414 0.22599 0.348 0.55296 0.053834 -0.20053 0.11294 -0.1329 -0.40012 0.23772 0.082636 -0.16642 -0.54596 -0.32329 0.26411 0.13523 0.50781 -0.38507 0.50973 0.61845 -0.33964 -0.065407 0.17112 0.84239 0.46609 0.69714 -0.13822 -0.30891 -0.1176 0.27784 0.12647 -0.15712 -0.0072089 0.53701 -0.56424 -0.10245 0.28691 -0.030881 -0.012437 0.51513 0.19492 -0.071329 -0.25233 0.30138 -0.12095 0.43832 0.40459 0.26772 -0.81061 -0.4192 0.43506 0.24133 0.66463 0.91028 0.11206 0.0073203 0.13821 0.67565 0.40359 0.47204 0.44403 0.052253 0.46203 -0.37793 -0.34954 -0.084453 0.062081 -0.14397
Runtime	-0.61476 0.68736 0.53114 0.26686 0.010786 1.1831 -0.51962 0.029191 0.20804 0.4323 0.21553 -0.24548 -0.47781 -0.68945 0.21938 0.047166 0.0094631 0.46674 -0.0045861 0.1075 -0.82381 -0.54073 0.51787 0.47757 -0.30138 0.19139 0.24857 0.99522 -0.61617 -0.37621 -0.63633 0.61047 -0.15015 0.28087 0.85136 0.48152 0.19551 -0.49344 0.28172 -0.29072 -0.31659 -0.15535 -0.69079 1.3929 0.28207 0.60206 -0.1596 -0.56097 -0.68345 0.40784 -0.22105 -0.66767 -0.4324 -0.37568 0.069935 -0.35575 0.0496 -0.46877 0.61669 0.47399 -0.73459 -0.60108 -0.61402 0.53455 -0.40506 -0.04284 0.08135 -1.1373 -0.11584 -0.071059 -0.47013 0.77794 1.8464 -0.31945 0.11866 0.33972 -0.43239 -0.17155 -0.47302 0.48414 -0.41539 -0.36315 -0.14385 -0.15812 -0.43492 1.4365 1.1707 -0.38788 -0.024882 0.20573 0.14721 0.55662 0.23552 0.37265 0.64157 0.21495 0.21952 -0.69572 -0.074675 -0.41223
Context	-0.30122 0.65257 0.45481 0.83709 -0.037312 0.082783 -0.46062 -0.692 0.21788 -0.0094045 -0.47456 -0.24759 0.018093 -0.01722 0.2739 0.4032 -0.47416 0.10649 -0.45615 -0.053661 -0.26909 -0.58815 0.23771 -0.33535 -0.48428 -0.39375 0.239 -0.032524 -0.4638 0.010936 -0.21635 0.11591 -0.58327 -0.32443 0.010365 -0.08132 0.041379 0.23344 -0.37998 -0.35804 -0.30313 -0.15806 0.024564 0.51799 -0.72019 -0.33097 0.55585 0.372 -0.68638 -0.72361 0.85787 0.53376 0.16269 0.52896 -0.29953 -1.5296 0.16402 -0.39432 1.0914 0.25786 -0.19245 0.66957 -0.46045 -0.51951 1.4416 -0.21675 -0.1902 -0.52858 0.10558 0.010081 -0.12587 0.083405 0.6555 -0.4005 0.45292 -0.16726 -0.23237 -0.18044 -0.55382 -0.29222 -0.58252 0.02029 0.15483 -0.060955 -1.2216 0.71399 -0.67253 -0.37466 0.13516 -0.52078 -0.089756 -0.00014855 -0.089347 -0.33831 0.70798 0.038904 -0.22702 -0.68707 0.064702 0.97627

problems	-0.14299 0.2446 0.62544 -0.035991 -0.4894 -0.36597 -0.2471 -0.33833 0.51272 -0.11936 0.03511 0.026575 0.37049 0.27064 -0.27426 -0.5436 -0.49412 0.24107 -0.11229 -0.548 -0.70813 -0.21552 0.11312 0.28634 -0.1984 -0.31892 0.079346 -0.6138 -0.29941 0.23106 -0.26155 -0.022084 -0.048229 -0.02213 -0.36963 0.2249 0.23907 0.1995 -0.084305 0.31479 -0.73262 -0.0099829 -0.010999 -0.89675 -0.40809 0.49135 0.53346 -0.10126 -0.36825 -0.47689 0.52026 -0.17605 -0.76455 1.2028 0.90635 -2.0907 0.18659 -0.22611 1.3911 0.96965 -0.29199 0.44578 -0.31647 -0.031271 0.99187 0.24044 0.45947 -0.62254 0.61847 -0.30812 -0.63884 0.32239 -0.50254 -0.19083 0.6153 -0.021063 -0.13793 0.55669 -0.93853 0.71537 0.79288 -0.0016653 -0.20465 0.30031 -2.3938 -0.11689 -0.36219 -0.10477 -1.4653 -0.53933 -0.48809 0.18301 -0.53594 -0.035384 -0.041019 0.84697 -0.0066447 -0.4769 0.94617 -0.116

JspRuntimeContext	
jspReloadCount	
synchronised	0.37681 0.57858 -0.52721 -0.2007 0.4591 0.0024784 -0.12443 0.44057 -0.34582 0.26061 1.1507 0.84809 0.26761 -0.14618 0.24962 0.84991 -1.0585 0.10693 -0.56841 -1.0315 0.1466 0.039527 0.61009 0.38472 -0.65997 0.44932 -0.63496 0.36792 0.22792 0.62378 -0.95591 -0.22835 -0.35866 0.041786 0.99468 -0.37439 -0.65975 0.71739 -0.24147 0.25083 0.87003 0.15571 -0.094834 0.56194 0.12586 0.57205 0.6293 -0.20229 -0.22874 -0.37432 -0.98785 0.32018 0.64336 0.37593 0.63823 -0.45731 1.2756 0.48531 -0.25911 -0.064285 -0.55019 -0.19997 0.30607 0.6565 -0.18938 0.23803 -0.43675 0.028111 0.33893 -0.73575 -0.68653 -0.29975 0.64545 0.50772 -0.48811 0.28321 -0.18074 -0.30519 -0.057675 -0.88333 0.39802 -0.51779 0.57194 0.86059 0.10127 -0.67924 0.55605 -0.047497 0.73267 -0.3275 0.6064 1.0945 0.48851 0.20458 1.343 -0.051677 -1.0725 -0.20763 0.50772 0.21501
updated	-1.2226 0.084393 0.70603 0.22605 0.34477 0.3319 0.35978 0.36249 0.091343 0.20365 0.47288 -0.39181 0.39592 -0.52609 0.050332 0.72151 0.65409 0.14452 -0.092862 -0.062498 -0.36827 -0.75698 0.58397 1.3431 -0.067905 -1.0469 -0.30874 -0.31632 -0.44353 0.22228 0.0031741 0.45353 -1.0744 0.047665 0.24539 0.37621 -0.8103 -0.30535 -0.96066 -0.0081053 0.46413 -0.24727 -0.29411 0.2282 0.24562 -0.070651 -0.30577 -0.81827 0.52138 -1.0107 0.95036 0.13665 0.18384 0.48324 -0.10802 -1.403 0.0589 0.62959 0.60793 0.06442 -0.58476 0.63568 -0.73092 -0.10918 0.45471 -0.12957 -1.1681 0.34946 0.1634 0.1695 0.14156 0.34574 0.24457 -0.37922 0.32069 0.16755 0.14136 -0.098908 -0.34442 -0.94004 -0.014905 -0.85209 -0.26752 0.083076 -0.36915 0.17877 0.26866 -0.15752 -0.8555 0.59466 0.25843 0.3796 0.1345 -0.29667 0.13327 -0.50962 -0.29535 -0.12848 0.84971 0.3398
read	-0.36109 0.39902 -0.1354 -0.26579 0.12291 1.2668 -0.31164 -0.26861 -0.04782 -0.32642 0.2934 0.085681 -0.25868 0.0005844 0.2094 0.12185 0.63982 0.23537 -0.54758 -0.22416 0.039379 -0.4553 -0.032071 -0.35783 0.36941 -0.37714 -0.39291 -0.17099 0.50699 0.42622 0.31585 0.41306 -0.07218 0.14811 -0.21061 0.55002 -0.16419 0.039613 0.22926 -0.18447 -0.70578 0.1735 -0.45185 -0.5334 -0.74506 -0.20174 -0.14373 -0.6095 -0.22733 -0.80096 0.94654 0.23967 0.58265 0.53151 -0.38951 -1.5985 -0.35368 0.46296 1.3289 0.0059022 -0.00011194 1.1528 -0.66395 -1.0022 0.42442 0.0069708 0.77096 1.0685 -0.29703 0.19858 -0.046281 0.65891 0.78765 -0.71153 0.017818 0.80047 0.15151 0.11654 -0.31582 -0.66401 0.17498 -0.58295 -0.74917 -0.52312 -1.4449 -0.59193 0.034345 -1.125 0.098024 0.09937 0.33389 0.029061 0.42144 -0.051359 -0.48436 -0.072908 0.20406 -0.47103 -0.2416 0.70213
getJspReloadCount	
Jsp	-0.038797 0.13375 -0.032881 -0.19124 0.38811 0.52653 -0.068508 0.21927 0.87941 0.18446 0.82054 -0.12312 -0.1421 -0.12166 -0.19997 0.087346 0.16478 -0.87389 0.95478 -0.030033 -0.23552 -0.28647 0.12778 0.328 -0.37298 -0.36238 0.65925 0.30213 -0.19574 0.10491 0.15111 0.62064 0.19414 0.22599 0.348 0.55296 0.053834 -0.20053 0.11294 -0.1329 -0.40012 0.23772 0.082636 -0.16642 -0.54596 -0.32329 0.26411 0.13523 0.50781 -0.38507 0.50973 0.61845 -0.33964 -0.065407 0.17112 0.84239 0.46609 0.69714 -0.13822 -0.30891 -0.1176 0.27784 0.12647 -0.15712 -0.0072089 0.53701 -0.56424 -0.10245 0.28691 -0.030881 -0.012437 0.51513 0.19492 -0.071329 -0.25233 0.30138 -0.12095 0.43832 0.40459 0.26772 -0.81061 -0.4192 0.43506 0.24133 0.66463 0.91028 0.11206 0.0073203 0.13821 0.67565 0.40359 0.47204 0.44403 0.052253 0.46203 -0.37793 -0.34954 -0.084453 0.062081 -0.14397
Runtime	-0.61476 0.68736 0.53114 0.26686 0.010786 1.1831 -0.51962 0.029191 0.20804 0.4323 0.21553 -0.24548 -0.47781 -0.68945 0.21938 0.047166 0.0094631 0.46674 -0.0045861 0.1075 -0.82381 -0.54073 0.51787 0.47757 -0.30138 0.19139 0.24857 0.99522 -0.61617 -0.37621 -0.63633 0.61047 -0.15015 0.28087 0.85136 0.48152 0.19551 -0.49344 0.28172 -0.29072 -0.31659 -0.15535 -0.69079 1.3929 0.28207 0.60206 -0.1596 -0.56097 -0.68345 0.40784 -0.22105 -0.66767 -0.4324 -0.37568 0.069935 -0.35575 0.0496 -0.46877 0.61669 0.47399 -0.73459 -0.60108 -0.61402 0.53455 -0.40506 -0.04284 0.08135 -1.1373 -0.11584 -0.071059 -0.47013 0.77794 1.8464 -0.31945 0.11866 0.33972 -0.43239 -0.17155 -0.47302 0.48414 -0.41539 -0.36315 -0.14385 -0.15812 -0.43492 1.4365 1.1707 -0.38788 -0.024882 0.20573 0.14721 0.55662 0.23552 0.37265 0.64157 0.21495 0.21952 -0.69572 -0.074675 -0.41223
Context	-0.30122 0.65257 0.45481 0.83709 -0.037312 0.082783 -0.46062 -0.692 0.21788 -0.0094045 -0.47456 -0.24759 0.018093 -0.01722 0.2739 0.4032 -0.47416 0.10649 -0.45615 -0.053661 -0.26909 -0.58815 0.23771 -0.33535 -0.48428 -0.39375 0.239 -0.032524 -0.4638 0.010936 -0.21635 0.11591 -0.58327 -0.32443 0.010365 -0.08132 0.041379 0.23344 -0.37998 -0.35804 -0.30313 -0.15806 0.024564 0.51799 -0.72019 -0.33097 0.55585 0.372 -0.68638 -0.72361 0.85787 0.53376 0.16269 0.52896 -0.29953 -1.5296 0.16402 -0.39432 1.0914 0.25786 -0.19245 0.66957 -0.46045 -0.51951 1.4416 -0.21675 -0.1902 -0.52858 0.10558 0.010081 -0.12587 0.083405 0.6555 -0.4005 0.45292 -0.16726 -0.23237 -0.18044 -0.55382 -0.29222 -0.58252 0.02029 0.15483 -0.060955 -1.2216 0.71399 -0.67253 -0.37466 0.13516 -0.52078 -0.089756 -0.00014855 -0.089347 -0.33831 0.70798 0.038904 -0.22702 -0.68707 0.064702 0.97627
jsp	-0.038797 0.13375 -0.032881 -0.19124 0.38811 0.52653 -0.068508 0.21927 0.87941 0.18446 0.82054 -0.12312 -0.1421 -0.12166 -0.19997 0.087346 0.16478 -0.87389 0.95478 -0.030033 -0.23552 -0.28647 0.12778 0.328 -0.37298 -0.36238 0.65925 0.30213 -0.19574 0.10491 0.15111 0.62064 0.19414 0.22599 0.348 0.55296 0.053834 -0.20053 0.11294 -0.1329 -0.40012 0.23772 0.082636 -0.16642 -0.54596 -0.32329 0.26411 0.13523 0.50781 -0.38507 0.50973 0.61845 -0.33964 -0.065407 0.17112 0.84239 0.46609 0.69714 -0.13822 -0.30891 -0.1176 0.27784 0.12647 -0.15712 -0.0072089 0.53701 -0.56424 -0.10245 0.28691 -0.030881 -0.012437 0.51513 0.19492 -0.071329 -0.25233 0.30138 -0.12095 0.43832 0.40459 0.26772 -0.81061 -0.4192 0.43506 0.24133 0.66463 0.91028 0.11206 0.0073203 0.13821 0.67565 0.40359 0.47204 0.44403 0.052253 0.46203 -0.37793 -0.34954 -0.084453 0.062081 -0.14397
Reload	-0.428 -0.02973 -0.30412 0.081664 -0.42393 0.15807 0.11832 0.0040702 0.89571 0.55072 0.69571 0.51779 -0.65971 -0.66822 0.34777 -0.11182 -0.069077 0.5092 -0.41222 -0.71476 0.72624 -0.17552 -0.96974 0.17904 0.31281 0.39686 -0.95568 -0.10158 0.67171 0.35016 -0.15415 0.49038 -0.59549 0.64313 0.030622 -0.46112 -0.056056 -0.92639 0.21571 -0.39045 0.18553 0.19468 -0.21072 0.43509 -0.24245 0.42567 -0.1602 -0.66576 -0.011631 -0.0096009 -0.30345 0.53772 -0.74438 0.37951 0.17836 0.24586 0.13017 0.039608 -0.39097 0.086716 -0.34376 0.56607 -0.32395 0.56817 0.23549 0.12065 0.44269 -0.30049 0.025165 0.17631 -0.29328 0.10005 0.47339 -0.29837 -0.2881 0.47671 -0.64127 -0.032487 0.2611 -0.37033 0.11783 -0.12711 -0.4383 0.25504 0.25489 0.52399 0.71296 -0.08526 -0.36856 0.62097 -0.78673 0.86547 0.82033 -0.41673 -0.080152 -0.47261 0.31083 0.36103 -0.0041387 0.51348
Count	-0.29664 -0.083969 0.64583 0.16915 -0.26365 0.85579 0.34441 -0.15768 -0.5498 -0.021618 0.017653 0.46306 -0.1771 0.045645 0.27201 -0.3707 0.074057 0.0067476 -0.13417 0.73767 -0.14336 -0.35796 0.58186 0.062527 -0.25285 -0.60365 -0.40286 -0.3995 0.92661 -0.4727 0.63815 -0.73097 0.65542 -0.26578 0.35721 -0.23463 0.20827 -0.48026 0.12399 0.28 0.30804 0.040766 0.00029155 -0.99708 -0.74376 -1.2864 -0.1584 -1.6539 -0.5964 -0.52591 0.51922 -0.046311 -0.15565 0.84776 -0.33309 -1.2508 -0.43434 0.43737 0.84141 0.42705 -0.10402 0.089174 -0.12029 0.1628 0.5084 -0.057422 -0.4551 0.26357 0.13606 0.36933 -0.1002 -0.38521 0.16901 -0.36624 0.41212 0.58021 -0.38027 -0.49239 -0.25847 0.62725 0.76372 0.9145 -1.0265 -0.094892 -1.4044 -0.93143 0.095343 -1.2972 0.27589 -0.58118 -0.44588 -0.55301 0.58856 0.22914 0.3185 -0.21879 0.10596 -0.094906 0.41845 -0.89403
Jsp	-0.038797 0.13375 -0.032881 -0.19124 0.38811 0.52653 -0.068508 0.21927 0.87941 0.18446 0.82054 -0.12312 -0.1421 -0.12166 -0.19997 0.087346 0.16478 -0.87389 0.95478 -0.030033 -0.23552 -0.28647 0.12778 0.328 -0.37298 -0.36238 0.65925 0.30213 -0.19574 0.10491 0.15111 0.62064 0.19414 0.22599 0.348 0.55296 0.053834 -0.20053 0.11294 -0.1329 -0.40012 0.23772 0.082636 -0.16642 -0.54596 -0.32329 0.26411 0.13523 0.50781 -0.38507 0.50973 0.61845 -0.33964 -0.065407 0.17112 0.84239 0.46609 0.69714 -0.13822 -0.30891 -0.1176 0.27784 0.12647 -0.15712 -0.0072089 0.53701 -0.56424 -0.10245 0.28691 -0.030881 -0.012437 0.51513 0.19492 -0.071329 -0.25233 0.30138 -0.12095 0.43832 0.40459 0.26772 -0.81061 -0.4192 0.43506 0.24133 0.66463 0.91028 0.11206 0.0073203 0.13821 0.67565 0.40359 0.47204 0.44403 0.052253 0.46203 -0.37793 -0.34954 -0.084453 0.062081 -0.14397
Reload	-0.428 -0.02973 -0.30412 0.081664 -0.42393 0.15807 0.11832 0.0040702 0.89571 0.55072 0.69571 0.51779 -0.65971 -0.66822 0.34777 -0.11182 -0.069077 0.5092 -0.41222 -0.71476 0.72624 -0.17552 -0.96974 0.17904 0.31281 0.39686 -0.95568 -0.10158 0.67171 0.35016 -0.15415 0.49038 -0.59549 0.64313 0.030622 -0.46112 -0.056056 -0.92639 0.21571 -0.39045 0.18553 0.19468 -0.21072 0.43509 -0.24245 0.42567 -0.1602 -0.66576 -0.011631 -0.0096009 -0.30345 0.53772 -0.74438 0.37951 0.17836 0.24586 0.13017 0.039608 -0.39097 0.086716 -0.34376 0.56607 -0.32395 0.56817 0.23549 0.12065 0.44269 -0.30049 0.025165 0.17631 -0.29328 0.10005 0.47339 -0.29837 -0.2881 0.47671 -0.64127 -0.032487 0.2611 -0.37033 0.11783 -0.12711 -0.4383 0.25504 0.25489 0.52399 0.71296 -0.08526 -0.36856 0.62097 -0.78673 0.86547 0.82033 -0.41673 -0.080152 -0.47261 0.31083 0.36103 -0.0041387 0.51348
Count	-0.29664 -0.083969 0.64583 0.16915 -0.26365 0.85579 0.34441 -0.15768 -0.5498 -0.021618 0.017653 0.46306 -0.1771 0.045645 0.27201 -0.3707 0.074057 0.0067476 -0.13417 0.73767 -0.14336 -0.35796 0.58186 0.062527 -0.25285 -0.60365 -0.40286 -0.3995 0.92661 -0.4727 0.63815 -0.73097 0.65542 -0.26578 0.35721 -0.23463 0.20827 -0.48026 0.12399 0.28 0.30804 0.040766 0.00029155 -0.99708 -0.74376 -1.2864 -0.1584 -1.6539 -0.5964 -0.52591 0.51922 -0.046311 -0.15565 0.84776 -0.33309 -1.2508 -0.43434 0.43737 0.84141 0.42705 -0.10402 0.089174 -0.12029 0.1628 0.5084 -0.057422 -0.4551 0.26357 0.13606 0.36933 -0.1002 -0.38521 0.16901 -0.36624 0.41212 0.58021 -0.38027 -0.49239 -0.25847 0.62725 0.76372 0.9145 -1.0265 -0.094892 -1.4044 -0.93143 0.095343 -1.2972 0.27589 -0.58118 -0.44588 -0.55301 0.58856 0.22914 0.3185 -0.21879 0.10596 -0.094906 0.41845 -0.89403

instance	0.010899 0.39406 0.29634 0.36196 0.17799 0.17844 -0.075818 -0.11781 0.14571 -0.32329 -0.13999 -0.53306 0.042798 0.060121 0.011715 -0.053521 -0.027406 0.16515 -0.18966 0.38056 -0.068888 -0.32456 0.0047983 0.0028581 -0.086792 -0.12493 -0.0851 -0.38793 -0.33017 -0.27078 0.30466 0.64281 -0.10773 -0.33889 0.24451 0.22412 0.18467 -0.073845 0.43074 -0.33632 0.018725 -0.10932 -0.23746 -0.082098 -0.36712 -0.022573 0.46992 -0.29503 -0.22163 -0.57501 0.64988 -0.072025 0.11586 0.53095 -0.30042 -1.3944 -0.18381 -0.081316 1.1893 0.28351 -0.31151 0.35893 0.26718 -0.27926 1.049 -0.15551 0.17589 0.010665 0.30881 0.075101 -0.2255 0.11474 0.12657 0.29895 0.15033 0.032254 0.14809 -0.24944 -0.56316 0.038885 0.28959 -0.47264 -0.42758 -0.36073 -1.387 -0.0091781 0.014228 -0.39159 -0.043444 -0.10748 -0.030113 -0.24122 0.21177 -0.10005 -0.20015 0.16969 -0.26354 -0.4874 0.44446 -0.053874
accessed	-0.70166 -0.11389 0.44878 0.36949 0.92037 0.57041 -0.39812 0.62694 1.416 -0.69213 1.1547 0.66504 0.48957 -0.44179 0.84727 0.30244 0.67051 0.61304 -0.977 -0.47826 -0.19263 0.003456 0.62528 0.22259 -0.61322 -0.71191 -0.17112 0.18518 0.24822 0.3059 0.54744 0.69742 -0.16567 -0.074117 0.9235 0.32081 -1.0241 -0.046934 0.11799 0.20049 0.30915 -0.03683 -0.19265 0.67408 0.38422 0.20796 0.29275 -0.19757 0.65722 0.48496 0.37352 0.038654 0.24223 -0.15601 -0.45883 -0.89607 -0.18207 -0.26779 1.0519 -0.62293 -0.64631 0.45572 0.13234 0.082445 0.24538 0.23629 0.51763 -0.22772 1.0768 -0.14334 -0.70225 0.18284 0.92026 -0.27071 0.14826 -0.4864 0.73429 0.44469 -0.028214 -0.55768 -0.16692 -0.04883 -0.70138 -0.36136 -0.16593 0.040819 0.59977 0.11714 -0.070483 0.44641 -0.78759 0.58246 0.19121 0.18011 0.64914 -0.034252 0.19606 -0.41362 0.85954 -0.51804
multiple	-0.16573 0.54371 -0.62806 0.44953 0.86907 0.31654 -0.20341 0.29224 -0.01749 0.26443 -0.14708 -0.19694 0.50352 0.70201 0.29794 0.10142 -0.33267 0.258 0.027654 0.27746 -0.19151 -0.93753 -0.067319 0.19286 0.19081 -0.36771 0.47593 -0.12701 0.13365 0.64261 0.70949 0.77018 -0.44427 -0.13359 0.92163 -0.24746 -0.34441 -0.50506 -0.33131 0.39573 0.020152 0.074872 -0.28065 -0.02725 -0.20947 0.31729 0.10537 -0.52653 -0.52005 0.13049 -0.15893 0.05203 0.10487 0.63637 0.93969 -1.5687 0.86295 -0.030916 1.3522 0.80103 -0.30559 1.3598 0.60825 0.26616 0.63641 -0.091057 0.2914 -0.31523 0.20666 0.23483 -1.0148 0.29389 0.34791 0.023297 0.61399 -0.057921 -0.052748 -0.42956 -0.57699 -0.19482 1.2701 0.062721 -0.18901 0.21569 -1.6021 0.19563 0.12338 -0.50466 -0.14586 0.25403 -0.50299 0.70577 -0.19546 -0.066038 0.1338 0.11548 -0.30373 -0.24624 1.2014 -0.18228
threads	0.12084 0.88979 -0.35199 -0.98203 1.1524 -0.033544 -0.4481 0.08115 -0.027424 -0.10639 0.20651 0.41102 1.0141 0.62673 0.041256 0.4959 -0.17339 0.13219 0.1155 -0.91876 -0.16269 -0.65247 0.57713 -0.0020601 0.79793 0.064568 0.64203 0.22962 -0.2601 -0.33132 -0.15965 0.42773 -0.11876 -1.0654 0.0071 0.026931 -0.021602 -0.10296 0.81432 0.49083 -0.4675 -0.62264 -0.10359 -0.12052 -1.3947 -0.23438 0.15249 -0.21881 0.033061 0.51068 -0.30549 0.21521 0.099298 1.1037 -0.18954 -0.074722 -0.20706 0.2238 0.49447 -0.034848 -0.81108 0.78656 -0.36748 0.67658 0.12714 -0.63954 0.52713 -0.27403 0.54733 -0.7436 -0.35463 -0.0028741 0.1401 -0.073445 0.38568 0.11351 0.093169 -0.51263 0.40639 0.35109 -1.0669 0.12171 -0.44715 0.87821 -0.76531 0.63775 0.18007 -0.10097 -0.027219 0.48112 -0.48849 0.83168 -0.3137 -0.69985 0.45839 -0.80358 0.13798 -0.6594 -0.059449 0.83574
returned	0.091824 -0.66875 -0.33201 -0.30765 0.17925 0.24183 0.38521 0.35221 -0.11683 0.18667 0.29597 0.13102 0.51048 0.35433 0.011397 -0.68917 0.72446 0.050447 -0.28962 -0.074493 0.48935 0.15051 0.43236 0.34681 0.16785 -0.279 -0.32974 -0.25639 1.1619 0.16182 -0.17146 0.23799 -0.30154 0.19893 -0.07509 0.34037 -0.23292 0.41266 -0.52076 -0.39695 -1.1748 -0.6088 0.45955 -0.40141 0.61409 0.18387 -0.052992 -0.2398 0.9734 -0.66996 -0.085477 -0.091624 0.48528 0.66907 -0.019396 -1.9973 -0.5882 -0.98432 1.0437 0.9879 -0.012833 0.75424 -0.55102 -0.052503 0.14832 -0.07889 -0.14944 -0.080665 -0.40842 0.76443 -0.21419 -0.10433 -0.21634 -0.22035 -0.046585 0.2278 -0.52279 0.32485 -0.71307 -0.091221 0.18426 0.59819 -0.15232 0.049253 -0.6532 -0.20548 0.44327 -0.24964 -0.52837 -0.38004 -0.47405 -0.67011 0.52118 0.53402 -1.0343 0.12732 -0.054351 0.9674 0.054391 -0.26828
current	-0.28201 0.1194 0.65918 -0.15232 -0.15581 -0.53918 -0.30589 0.15449 -0.67994 0.17944 -0.070267 -0.17729 0.41737 -0.22628 0.41531 -0.63807 -0.11373 -0.21334 0.23988 -0.34977 -0.1816 -0.34074 0.31443 0.43347 -0.15974 -1.0015 0.33502 -0.75286 0.12036 0.17831 0.01727 0.77121 -0.2392 -0.13174 -0.63037 0.50299 0.2738 -0.18802 -0.20469 -0.32738 -0.38559 -0.36181 0.6465 -0.04187 0.56731 0.37491 0.13029 -0.69279 -0.5718 -0.52761 0.59285 -0.31479 0.11822 0.69811 0.35482 -2.6255 0.28873 -0.32228 1.5448 0.29505 0.10756 -0.13923 -0.1813 -0.060357 1.1453 0.10688 -0.063074 -0.059829 0.38205 0.0054257 0.60759 0.16451 -0.15442 -0.20746 0.16032 -0.50936 0.050833 0.15479 -0.91127 -0.27459 0.40953 0.13413 -0.17008 -0.14851 -1.1299 0.093459 -0.27367 -0.30278 0.48209 -0.4791 -0.082828 0.67794 -0.47613 -0.14539 -0.39815 -0.41416 -0.097889 -0.40363 1.0067 -0.068101
arbitrarily	-0.47364 -0.54314 -0.26673 0.77946 0.24319 1.0656 -0.94374 0.81502 0.44384 0.15758 -0.099502 0.7182 0.53956 -0.56144 -0.16269 -0.2176 -0.3399 0.53349 -0.41632 0.059298 0.85304 -0.016944 0.88138 -0.41052 -0.013292 -0.24094 -0.045095 -0.3173 -0.13049 0.53104 0.63354 0.35471 -0.69078 0.087555 0.21443 -0.62994 0.2677 -0.28171 -0.55971 -0.8571 -0.06266 -0.077008 0.086566 -0.076511 0.0012935 -0.37744 0.1502 0.41415 -0.47351 -0.13852 0.13111 -0.49171 0.29685 1.3411 -0.67899 0.57189 0.66961 0.2727 0.214 -0.012328 -0.3073 -0.081976 -0.27537 0.31125 0.5956 -0.73019 0.2699 0.052871 0.2538 0.62092 -0.8887 -0.52432 0.12783 -0.13286 -0.086631 -0.68227 -0.45754 -0.36962 0.098624 -0.31235 0.19213 -0.58423 -1.184 -0.074763 -0.60243 -0.29536 0.81504 0.12319 -0.093484 -0.17314 -0.75041 0.31799 -0.26713 -1.3283 0.13842 -0.16336 -0.19848 -0.067563 -0.96776 -0.25829
stale	-0.036866 0.56664 0.32322 -0.48484 -0.51227 0.043716 0.48153 -0.51279 0.55671 0.085653 -0.075406 0.53913 -0.093915 0.61395 0.68207 0.032992 -0.43774 -0.0075812 0.31973 0.15721 -0.12445 1.0038 0.72577 -0.24628 0.2209 -0.1625 0.16953 -0.19282 -0.26491 -0.070078 -0.13297 0.068371 -0.27033 -1.0147 -0.69838 1.0794 -0.36997 -0.33236 0.077452 -0.32609 0.39217 -0.082365 -0.3779 -0.2103 -0.31316 -0.36605 -0.25145 0.51999 0.30741 -0.3459 0.5296 -0.21646 -0.23224 0.14031 -0.29351 -0.27452 0.4178 1.0018 0.033126 -0.69955 0.52914 0.58743 -0.26903 -0.15994 0.066008 -0.50742 0.43849 -0.88724 -0.40264 -0.47292 0.32329 -0.68453 0.58633 0.41498 -0.30672 0.20122 -0.70188 -0.53657 -0.40019 0.033394 -0.21186 -0.42921 -0.47357 0.90683 -0.64359 -0.29154 -0.18605 0.57034 -0.62612 0.040466 0.14695 0.50972 -0.81415 0.23226 0.18426 -1.1256 0.079598 0.63337 -0.084256 0.61496

acceptable	-0.40207 -0.31513 0.626 0.5896 -0.5238 -0.23142 0.34086 -0.24635 0.37843 0.82872 -0.21682 0.12354 0.40841 -0.34196 0.37247 -0.32441 -0.31203 -0.19481 -0.5091 0.25912 0.0039206 -0.25122 0.34328 -0.64046 -0.32227 -0.015457 -0.12862 -0.66987 -0.64676 -0.015327 0.61329 0.18997 -0.18012 -0.3306 1.0535 0.70447 0.056746 -0.29321 -0.79732 -0.48697 -0.23562 0.46519 -0.19099 -0.15532 -0.45102 -0.34314 0.24945 -0.1268 -1.3623 -0.68611 0.69621 -0.089057 -0.28411 0.34907 -0.49417 -1.1566 0.43914 -0.36523 1.2459 -0.15428 -0.0012532 -0.75169 -0.72312 -0.24434 0.82991 -0.43247 0.47351 0.031669 -0.24841 -1.1609 0.040076 -0.68117 0.283 0.16138 0.8155 0.08514 -0.33731 -0.63874 -0.27627 -0.81378 -0.27036 0.058027 -0.0395 -0.57641 -0.90842 0.47861 0.21819 0.47735 0.078599 -0.47073 -0.22433 -0.014817 -0.35806 -0.057778 -0.43099 0.24774 -0.28059 0.074968 0.43495 0.53717
Javadoc	0.024106 0.11684 -0.11332 -0.18554 0.0026897 -0.18971 -0.36489 -0.24465 0.42695 0.2009 -0.19448 0.25814 -0.092561 -0.3842 0.040223 0.43993 -0.068409 -0.17308 0.63343 0.004304 -0.52332 -0.052641 -0.35761 -0.074988 -0.49484 -0.16677 0.046061 0.23431 -0.23661 -0.054066 0.2846 -0.38616 -0.15536 0.40068 0.22207 -0.14007 -0.21126 -0.45439 -0.067072 -0.31451 0.12949 0.57537 -0.21631 -0.045125 -0.23425 -0.098288 0.084955 0.10665 0.013477 -0.05985 0.3176 0.46622 -0.19487 -0.45358 0.16963 0.6496 -0.085542 -0.065376 -0.14153 -0.65594 0.1376 -0.19733 0.03746 -0.35796 -0.32413 -0.30714 -0.26785 -0.17727 -0.14591 -0.14475 -0.24305 0.097396 0.39886 0.15653 -0.21517 0.35106 -0.013402 -0.017471 0.37388 0.31687 -0.12399 -0.13213 0.3711 -0.5125 0.15893 0.3045 0.13208 0.37709 -0.23683 0.28503 0.21273 0.1973 0.13043 -0.36903 0.45425 -0.065414 -0.14581 0.37703 -0.11226 0.28491

getter	-0.5396 0.8848 1.1614 -0.47945 -0.082832 0.50567 0.6043 -0.61114 0.47517 0.6232 -0.47372 -0.029948 -0.052056 -0.48669 -0.12379 0.11218 0.3029 0.65113 -0.11829 0.10199 0.21645 0.22437 -0.67578 0.023802 0.7022 0.040152 0.28001 0.58109 -0.11567 0.26415 -0.065957 -0.62691 0.75176 0.63374 0.48851 0.4037 -0.71176 -0.35536 -0.78655 -0.20896 0.24147 0.66866 -0.82778 -0.1727 -0.55375 -0.41708 -0.072563 -0.22102 -0.21176 -0.27345 -0.27526 -0.25333 -0.41603 0.64099 -1.1157 0.70225 -0.48886 1.2006 0.020636 -0.057183 -0.49371 -1.0106 0.13732 1.1833 0.39766 1.0429 0.38169 -0.12146 0.18331 0.99797 0.25853 0.31023 -0.35131 -0.048312 0.2084 -0.064916 -1.3184 -1.4623 -0.15212 -0.35275 0.2535 0.5812 0.26314 -0.21459 -0.48353 0.010615 -0.12648 0.41747 0.097113 -0.41545 -0.38727 0.32627 -0.37434 1.4998 0.35791 0.23025 0.81821 0.037909 0.37753 0.053252
synch	-0.54044 0.26584 0.25928 -0.28701 0.011903 0.76286 -0.15383 -0.55943 -0.08654 0.13701 0.037082 0.71312 0.23959 -0.24553 0.18074 0.11106 -0.41784 0.039104 0.79417 -0.50809 -0.19893 0.44388 0.64828 0.24429 0.14381 0.22499 0.12647 0.2615 -0.077568 -0.56154 0.15175 -0.38109 -0.01201 0.162 0.65179 0.08028 -0.40374 0.15033 -0.39367 -0.60647 -0.042194 0.18439 -0.748 0.079952 -1.212 0.53229 0.27439 -0.22398 0.22657 -0.35662 -0.84448 0.42573 -0.2419 0.30803 -0.44408 0.0069026 0.67642 -0.0078954 -0.037812 0.13745 0.25966 0.2323 -0.60722 0.17028 -0.80551 0.19702 0.44787 0.16676 -0.23965 -0.32182 0.3707 -0.60986 0.059685 -0.31879 -0.069443 0.39675 -0.27804 -0.43357 0.42142 -0.47367 -0.68376 0.25505 -0.015132 0.93076 -0.47578 0.18439 0.49361 -0.13688 -0.49072 0.24752 0.30448 0.4931 -0.74344 0.077947 0.5404 -0.20487 0.075864 0.21866 -0.39032 0.29438
field	-0.10788 0.59699 0.016488 0.097625 -0.085979 -0.15676 0.80516 -0.13578 -1.4836 0.28518 0.30906 -0.55144 0.18377 -0.0023026 -0.02262 -0.035102 0.30888 0.96532 -0.10629 -0.49877 -0.041765 0.35596 0.68933 0.08777 0.12324 -0.13962 -0.16608 0.12485 0.66178 0.42103 -0.80425 0.23145 0.36594 0.26483 0.23219 -0.23883 -1.1873 1.3604 -0.36149 0.34139 0.099304 -0.28042 -0.2282 -0.23718 -0.22206 -0.062012 -0.089407 0.27265 -0.36992 -0.46849 0.12355 -0.26099 -0.27145 1.0958 0.37578 -2.0847 -0.126 -0.34241 1.8977 0.906 -0.2751 0.52267 0.17945 0.68405 1.1316 -0.25346 0.50099 -0.28185 -0.17878 0.83747 -0.10038 -0.11002 0.36584 -0.69662 0.30049 -0.31331 0.61458 -0.11791 -0.36314 0.59324 0.49595 0.57988 -0.79914 -0.25488 -1.0502 -0.079839 0.43479 -0.51662 0.4896 -0.17327 -0.077929 -0.50018 -0.60159 0.0905 -0.22624 0.30536 -0.39251 0.38776 0.24796 0.455
volatile	-0.95221 0.10587 0.83575 0.18821 -0.35206 -0.55626 -0.57989 -0.15306 0.0836 0.45128 -0.85642 -0.15702 0.41891 -0.18833 -0.14132 0.21865 -0.53091 -1.1381 0.83419 -0.10348 1.7757 -0.62514 0.7463 0.3887 -0.45873 -0.60014 -0.35804 0.10244 -0.67102 0.94434 -0.23774 -1.0547 -0.32864 -0.66565 0.19945 -0.094019 0.83614 0.51754 0.30467 -0.11486 -0.16304 -0.50902 0.64443 -0.29536 -0.15401 0.47519 0.026532 0.74625 0.37422 -1.2437 0.099534 0.34132 0.0086022 0.37515 0.072807 -1.1794 -0.10859 -0.40549 1.0975 0.089215 -0.10277 0.81495 -0.19397 -0.388 0.66793 0.041198 1.1214 -0.88526 0.82841 -0.099659 0.020825 -0.90206 -0.40567 0.45486 0.0026957 -0.4641 -0.39181 -0.39149 -0.090025 -0.11663 0.64336 0.55242 -0.90726 -0.1851 -0.16791 -0.10127 -0.0017067 0.1154 -0.16911 -0.88392 -0.11847 0.95379 -0.77934 0.17507 -0.72228 1.1226 0.31201 0.28046 -0.31516 0.64936
AtomicInteger	
Atomic	0.61438 1.0666 0.94768 -0.12901 -0.47135 -1.6396 -0.41147 0.73988 -0.028457 1.901 0.12935 -0.91937 0.21429 0.71509 0.39631 0.52429 0.34238 0.75328 -0.71576 -0.97897 -0.0013132 -0.42663 0.04092 -0.963 0.047058 0.67391 -0.64693 1.3281 0.39026 1.3696 0.12002 -0.49607 -1.3421 0.64414 -0.34454 -0.24689 1.2494 -0.74036 -0.18447 -0.27877 -0.24056 0.53011 -0.16231 -0.18753 0.28294 -0.55935 0.14763 0.18048 -0.66075 0.10976 0.52352 -0.14817 -0.32868 0.91876 -0.18178 -1.3263 -0.99269 0.29893 1.0669 -0.10736 0.47616 0.23375 -0.12262 -0.09074 1.068 0.24196 0.10062 1.0463 0.024858 0.57001 0.16048 -0.57598 0.41865 -0.169 -0.5653 -0.15075 -0.077998 -1.1868 -1.7509 0.19241 0.86718 0.68661 0.064301 0.37562 -0.85926 0.80552 1.0002 0.52108 0.38332 -0.11411 -0.36761 0.53256 0.1062 0.43499 -0.22773 -0.45615 -0.25221 -0.20188 0.14433 -0.38815
Integer	-0.70304 1.1551 -0.82597 0.80244 -0.1544 0.57949 -0.59958 -0.13816 0.20076 0.7598 0.11517 -0.51886 -0.0048979 0.26955 0.36924 0.8576 -0.94379 1.4129 0.86419 0.31124 0.18086 -0.77403 0.20806 -0.25154 0.034796 0.17688 1.4762 1.1659 -0.21113 0.30036 0.22823 0.80581 0.47468 -0.076756 0.69561 -0.51302 0.37499 0.37388 -0.068775 -1.0938 0.93828 -0.1988 0.15837 -0.41197 -0.1835 0.32009 0.49577 -0.46046 -0.20326 0.97771 0.4894 -0.65754 0.65469 0.12753 0.19114 -0.28326 -0.0755 0.18287 0.81389 0.70295 -0.54558 -0.7949 -1.01 0.35813 0.91667 0.044389 0.35713 0.22794 0.25637 0.38169 -1.8087 -0.27927 -0.10885 -0.34289 0.55816 0.36369 -0.92598 -0.51939 -0.71715 -0.6642 0.15924 -0.73644 -1.0238 -0.90902 0.66494 0.75204 0.49799 -0.90445 0.11537 -1.0012 -2.0251 1.1827 -1.0992 -0.38243 -0.212 -0.90378 0.015037 -0.27281 -0.54588 0.89177

fields	-0.047616 0.99576 -0.71022 0.7524 0.53466 -0.82734 0.11373 0.29041 -0.46434 0.052024 -0.46316 -0.30941 0.67578 0.50736 -0.17579 -0.42409 0.47908 0.60994 -0.2695 0.29835 -0.25166 0.62413 1.1192 -0.030751 -0.19425 0.33195 0.29204 -0.3402 -0.15314 0.48892 -0.7018 -0.28773 0.47878 -0.31754 0.045104 0.31921 -0.33212 0.66268 -0.77237 0.42653 -0.19031 -1.056 -0.53589 -0.11899 -0.078285 0.37777 -0.35187 0.63479 -0.12965 -0.55702 -0.24686 -0.26448 0.043006 1.2225 0.61456 -1.0282 0.024019 -0.37065 1.26 0.42652 0.08088 0.9891 0.069389 -0.17465 1.0652 -0.17165 0.80588 -0.22493 0.49112 -0.13462 0.19677 0.19754 0.83006 -0.70803 -0.0004889 -0.45778 0.8754 0.18089 -0.55612 0.88671 1.2495 0.61516 -0.80477 -0.42965 -0.51398 0.63367 0.11991 -0.4999 0.3615 -0.15363 -0.019578 -0.0060289 -0.52583 0.17419 -0.72534 0.50641 -0.77926 -0.076215 0.55053 0.4307
final	-0.017843 -0.27195 0.83799 0.14642 -0.28723 0.1386 0.48567 0.98077 -0.76238 -0.11111 0.82916 0.14238 -0.57909 -0.051383 -0.16616 0.23142 -0.0097546 0.38259 0.064446 -0.25256 0.42843 -0.51579 0.29299 0.94191 0.5477 -0.26202 0.21106 -0.35204 0.5814 -0.48902 -1.006 -0.29449 0.14374 -0.35734 0.24252 -0.59096 -0.60184 0.4506 -0.77983 0.32268 -0.27777 -0.54972 0.58474 -0.26692 0.39045 -0.14097 0.21463 -0.69946 -0.10231 -0.84696 0.096677 -0.061519 0.43045 0.97822 0.024302 -3.173 -0.17396 0.048538 1.0517 0.93481 -0.78422 0.24473 -0.38961 0.020444 0.74497 -0.66549 -0.70498 1.0324 -0.88419 -0.6508 -0.50348 0.10102 -0.0039946 -0.41952 0.098858 0.4814 -0.71194 -0.6037 -0.48773 -0.37104 0.5639 -0.089004 -0.065247 0.047894 -1.4592 -0.31187 -0.097071 -0.27491 0.4416 0.44913 -0.14337 0.47421 -0.43148 1.0127 -0.27314 -0.048961 0.065848 0.60822 0.58346 0.12563
synchronized	0.80277 0.58578 -0.55102 -0.23756 0.53682 -0.024793 -0.45918 0.31174 -0.45126 0.23246 1.1304 0.592 0.72443 -0.31133 -0.064024 0.94974 -0.92818 0.15738 -0.37872 -0.80042 -0.30775 0.034705 1.0524 0.69165 -0.29082 0.39134 -0.60049 0.47331 0.48877 0.18349 -0.88336 0.24918 -0.35858 0.13121 1.1081 -0.93356 -0.3194 0.48291 -0.059565 -0.091622 0.69823 0.00096292 -0.42229 0.70007 0.0087191 0.49521 0.31099 -0.48022 -0.20311 -0.80166 -0.98827 0.32145 0.59147 0.41457 0.39117 -0.91428 1.0342 0.93804 0.1997 0.28806 -0.74162 0.24489 0.34407 0.48889 -0.17938 0.28573 -0.33304 0.039181 0.27559 -0.40288 -0.43134 -0.60142 0.73341 0.71732 0.080023 0.18114 0.24423 -0.4858 0.19391 -1.2733 0.59627 -0.71826 0.034968 0.85331 -0.3779 -0.35197 0.52614 0.4111 0.76625 -0.52235 0.49994 1.1485 0.10958 0.30492 1.1353 -0.2853 -1.3774 -0.18756 0.39443 0.093489

classpath	0.48207 0.25742 -0.014908 0.30177 0.093875 -0.012781 -0.12486 0.36074 0.44254 0.11537 -0.29666 0.05623 -0.45776 -0.22033 -0.51581 -0.089864 -0.049988 -0.028258 0.29515 -0.20808 -0.46726 -0.22777 -0.24143 -0.40416 0.13183 0.39911 -0.19207 0.13965 -0.083881 -0.0052439 -0.0088334 0.26513 -0.23862 0.28066 0.31688 0.10847 -0.12691 -0.41044 0.45673 0.13911 0.58989 0.36078 -0.10995 0.17697 0.15325 0.44449 0.64425 -0.1282 0.13271 0.59091 -0.025043 0.41304 -0.15219 -0.72252 0.030489 0.81419 -0.17245 -0.40345 0.075143 -0.61931 -0.054042 -0.20762 -0.1502 0.13169 0.098812 -0.22727 0.024562 -0.42366 -0.24308 0.069799 -0.027328 -0.19241 0.6297 0.31309 -0.26402 0.022417 -0.30766 -0.18874 0.07265 -0.015847 -0.35715 -0.16679 0.53689 -0.70383 0.31869 0.81621 -0.020515 -0.082039 0.19589 0.42439 -0.027587 -0.23753 -0.47751 -0.038809 0.21235 -0.29499 -0.0085793 0.14655 -0.15836 -0.093278

codeSource	
code	0.040031 -0.24448 0.73053 -0.78522 0.10176 1.1329 -0.54574 -0.16502 -0.22271 0.26857 -0.0028017 -0.53323 0.23771 -0.013369 -0.31623 0.31315 1.4045 0.3017 -0.3337 0.026709 -0.23063 -0.35121 0.3957 -0.048798 0.20233 -0.42681 0.086992 -0.32299 -0.51931 -0.39928 0.40101 1.0389 0.11716 -0.29213 0.40621 0.34681 -0.21982 -0.99274 0.27808 0.30669 -0.15944 -0.43364 0.10627 0.13963 -0.47956 -0.080051 -0.062879 -0.10151 -0.20968 -0.19341 0.45186 0.61042 -0.064944 0.96259 -0.85312 -1.127 0.15543 -0.13428 2.2155 0.61877 -0.20611 -0.513 -0.68671 -0.048113 0.87501 -0.11171 -0.40812 -0.042767 0.6316 0.14233 -0.23214 0.036219 0.32677 0.13164 0.37036 0.17449 0.12896 0.12132 -0.88154 0.11403 -0.24804 -1.2929 -0.34626 -0.30557 -1.4405 1.2882 0.31974 -1.2983 -0.18529 0.85937 -0.19239 0.83516 -0.56495 0.0085904 0.70475 -0.095823 -0.26036 -0.95226 -0.059152 -0.19183
Source	-0.54094 -0.076228 0.89303 -0.21225 0.5825 -0.3005 0.12909 -0.52773 0.92862 0.11514 -0.12677 0.096937 0.31288 0.050512 -0.32283 -0.3004 0.22007 -0.84137 -0.06254 0.17903 -0.42624 -0.10462 -0.40554 -0.10051 -0.40218 -0.015057 0.52526 0.15915 -0.18149 0.41998 0.14463 -0.021693 -0.64978 -0.090267 0.19731 0.099473 -0.32515 0.4068 0.3622 0.022279 -0.551 -0.12464 -0.16744 -0.094767 0.56511 -0.20268 -0.36092 -0.45798 -0.39297 -0.32961 0.81769 0.32481 0.42147 0.7609 -0.098642 -1.8316 -0.94356 -0.48457 1.6714 0.30485 -0.2748 0.071256 -0.48255 0.089058 1.3761 -0.49029 0.36082 -0.72647 0.58731 -0.14937 -0.13777 -0.040655 0.66596 -0.39209 0.51158 0.073351 0.39566 -0.48165 -1.4742 0.10518 0.58482 0.059647 -0.83053 -0.31453 -0.89902 0.47224 0.13688 0.45488 -0.05007 0.15508 0.47896 0.25437 -0.22414 -0.035257 -0.54084 0.0014581 -0.31231 -1.0292 0.80669 0.1777

easily	-0.71474 0.5863 0.8408 0.037293 0.51331 0.53994 0.18258 -0.24365 0.77048 0.11359 0.28693 0.53335 0.11134 -0.24869 0.42044 -0.22713 0.0022905 0.97645 -0.49755 -0.5782 0.47192 -0.084915 0.78325 0.12568 -0.040081 -0.31436 -0.20282 -0.47919 0.66699 -0.33304 0.043867 0.94381 -0.46293 -0.075929 1.2062 -0.14474 -0.62775 -0.323 -0.34382 0.24495 0.045454 -0.84458 -0.59233 -0.64447 0.096828 0.063698 0.62966 0.15613 0.35965 -0.78803 0.19949 -0.011983 0.40819 0.74465 0.66277 -1.655 -0.11825 0.62861 1.0116 -0.098193 0.019701 0.64874 -0.019133 0.3188 0.83256 -0.17642 0.51711 0.39135 0.34712 -0.53995 -0.22612 -0.12645 0.28583 0.028715 0.50373 -0.27826 -0.65817 -0.27784 -0.14549 0.20094 0.29242 0.03108 -1.1449 -0.45466 -1.3763 -0.55624 0.40929 0.40271 -0.4516 -0.054929 -0.14249 -0.25954 -0.12277 -0.26491 -0.55768 0.27329 -0.064459 -0.22827 -0.098011 -0.11183
final	-0.017843 -0.27195 0.83799 0.14642 -0.28723 0.1386 0.48567 0.98077 -0.76238 -0.11111 0.82916 0.14238 -0.57909 -0.051383 -0.16616 0.23142 -0.0097546 0.38259 0.064446 -0.25256 0.42843 -0.51579 0.29299 0.94191 0.5477 -0.26202 0.21106 -0.35204 0.5814 -0.48902 -1.006 -0.29449 0.14374 -0.35734 0.24252 -0.59096 -0.60184 0.4506 -0.77983 0.32268 -0.27777 -0.54972 0.58474 -0.26692 0.39045 -0.14097 0.21463 -0.69946 -0.10231 -0.84696 0.096677 -0.061519 0.43045 0.97822 0.024302 -3.173 -0.17396 0.048538 1.0517 0.93481 -0.78422 0.24473 -0.38961 0.020444 0.74497 -0.66549 -0.70498 1.0324 -0.88419 -0.6508 -0.50348 0.10102 -0.0039946 -0.41952 0.098858 0.4814 -0.71194 -0.6037 -0.48773 -0.37104 0.5639 -0.089004 -0.065247 0.047894 -1.4592 -0.31187 -0.097071 -0.27491 0.4416 0.44913 -0.14337 0.47421 -0.43148 1.0127 -0.27314 -0.048961 0.065848 0.60822 0.58346 0.12563
written	-0.5609 0.28994 0.060228 -0.13211 0.78981 1.0458 -0.14082 -0.45442 -0.49544 -0.42794 0.25381 -0.11594 0.14987 0.65688 0.07293 -0.17705 0.47421 -0.022322 -0.50119 0.42308 0.17668 -0.37 0.069799 0.15929 0.33087 -0.5657 -0.20157 -0.28567 -0.17298 0.2968 0.0068805 0.33127 -0.19815 0.091712 -0.39092 0.49759 0.068313 -0.14777 -0.40098 -0.19878 -0.22289 0.58561 -0.1999 0.8001 -0.051538 -0.88246 -0.76492 -0.99908 -0.03954 -0.0076396 0.54378 0.46907 0.9573 0.46997 -0.16622 -1.9906 -0.24068 0.056097 0.91024 0.24552 0.4053 1.1699 -0.56123 -0.62984 1.3325 -0.87803 0.69885 1.2443 0.011258 -0.15069 -0.31303 1.051 0.29877 -0.22629 0.057647 0.74823 -0.16278 0.30696 -1.1076 -0.37318 -0.24766 -0.58769 -0.32812 -0.48413 -1.6908 0.31543 0.21469 -1.0659 -0.39248 -0.10469 -0.24766 0.0039346 -0.43597 0.17512 0.38975 0.49518 -0.56885 -0.70361 -0.44097 -0.050803
constructor	0.20623 -0.30782 0.58442 -0.0056515 -0.21347 -0.26345 0.16271 -0.78533 0.025635 0.4432 0.22094 -0.14709 -0.25859 -0.48371 -0.81054 0.57137 0.46086 0.41522 0.01096 -0.15712 -0.23193 -0.47756 -0.17941 0.057453 0.70346 -1.0467 -0.42993 0.33078 0.27331 -0.53024 -0.29275 -0.27472 -0.80537 -0.23937 0.91449 0.68414 -0.73809 -0.18492 0.48083 -0.23565 0.64128 0.38051 0.26389 -0.51012 0.41009 0.79382 0.1021 -0.20223 -0.63243 0.25776 0.16784 0.17974 -0.021141 0.69361 0.72476 0.46569 -0.34083 0.25007 -0.083115 0.59754 0.094419 -0.5883 0.6083 0.68327 0.43021 -0.61661 -0.47187 0.30939 -0.41984 0.5121 -0.6737 0.52896 -0.050505 -0.17909 0.2027 0.33094 -0.12695 -0.54779 -0.84721 -0.24783 -0.32656 -0.65703 -0.88599 0.75926 0.28802 0.28978 -0.43769 -0.93592 0.34448 -0.11465 -0.53648 1.1277 0.53438 0.34552 0.98876 0.074509 0.024937 -0.19577 0.46587 0.02965

