NPEs	0.065011 0.027167 -0.34569 0.17125 -0.15564 -0.15783 0.039269 0.068613 0.27495 -0.38121 0.06254 -0.13296 0.33569 0.37677 -0.11651 -0.096472 -0.42533 0.30561 0.33431 0.10253 -0.12706 0.01068 -0.048626 -0.020085 -0.57267 -0.3845 0.29563 0.2103 0.039946 -0.12133 0.18006 -0.15326 -0.25505 -0.44454 -0.01955 -0.18024 0.31948 -0.13573 -0.41012 0.13794 0.38986 0.13157 -0.14935 0.087848 0.024432 -0.22197 0.079361 0.43077 -0.069446 0.0096041 0.091515 0.17918 -0.50002 -0.34038 0.17281 0.99818 0.034482 -0.018755 -0.60497 -0.5446 -0.068172 0.22316 0.079935 0.024185 -0.094887 0.29509 -0.26277 -0.0072795 0.0072519 -0.41061 0.20004 -0.080287 0.34918 0.46958 -0.12362 -0.16349 -0.056087 0.073838 0.4266 -1.7464e-05 -0.47478 -0.27056 -0.045389 -0.11114 0.23631 0.26073 0.33334 0.067387 -0.12225 0.38944 -0.2449 0.12789 0.063541 -0.43519 0.1902 -0.67871 0.094279 0.15081 -0.21333 -0.040907
SimpleTCPCluster	
Simple	-0.7417 0.78384 -0.10146 0.33754 0.16545 0.9647 -0.21316 0.21171 -0.18317 0.32402 0.0058972 -0.26222 -0.070091 0.12407 0.35052 0.11117 -0.38579 0.60858 0.30197 0.015577 0.15121 -0.21777 0.15307 -0.672 0.22925 0.25881 -0.36409 -0.31234 -0.67737 -0.30033 -0.18811 0.49308 -0.308 -0.90901 0.93458 0.22721 0.018089 -0.15325 0.66242 -0.51322 0.53941 -0.12477 0.24629 -0.53508 -0.56524 -0.21591 -0.018289 0.015796 -0.19505 -0.41435 0.58692 -0.25626 0.52489 0.60395 -0.14908 -2.1224 0.44661 0.27385 1.5538 -0.14506 -0.33058 0.15612 -0.08806 -0.20782 0.97745 -0.49346 0.39101 -0.35166 -0.38745 -0.71869 -0.766 0.56913 0.29843 -0.16612 0.62633 0.46383 -0.18279 -0.15052 -0.2032 -0.097686 0.21228 0.00018313 -0.40261 -0.28749 -1.6865 0.33548 0.37327 -0.35349 -0.54681 -0.062998 0.041631 0.041319 -0.048032 0.27917 -0.20046 -0.58449 -0.69045 -1.25 0.030669 0.36621
TCPCluster	

Created	0.056525 -0.18148 -0.20936 -0.070561 0.95013 0.17602 -0.070017 -0.15964 0.047953 -0.38843 -0.044277 -0.52962 0.29647 -0.2411 0.39247 -0.13195 0.7705 0.49644 -0.55179 -0.16028 -0.22651 -0.3008 0.51691 -0.31662 -0.060479 -0.81213 -0.13141 0.0066376 -0.29525 -0.23555 0.37093 0.67933 -0.45026 -0.34164 -0.24077 -0.22571 0.13249 -0.11855 -0.33498 -0.38785 -0.12861 0.09697 -0.3969 -0.19937 0.31318 -0.058941 -0.030812 -0.081864 0.099476 -0.24611 -0.43853 0.047988 0.15537 0.69702 0.010567 -2.7869 -0.0037619 -0.10836 0.75486 0.42012 0.1434 1.0492 -0.10554 0.33441 1.3263 -0.32001 0.053685 0.13923 0.62683 -0.1209 0.85711 0.14897 -0.46904 0.11087 0.15238 -0.056619 0.33403 0.27947 -0.86069 0.46684 0.23539 -0.1794 -0.15249 0.46176 -1.062 0.28963 6.8021e-06 -0.65815 0.059446 -0.42393 0.090936 -0.25033 -0.32441 -0.012409 0.26815 0.063334 -0.15215 -0.6276 0.22948 -0.44526
attachment	-0.18449 0.42862 -0.18468 0.079369 -0.75906 0.72054 0.09771 -0.50639 0.25248 0.10093 -0.43821 -0.086149 -0.27679 0.084138 0.93791 0.063318 0.047316 -0.87464 -0.058819 -0.2432 -0.079879 -0.55453 -0.36173 0.017895 0.77454 -0.12968 0.38016 -0.068748 -0.19188 -0.21277 0.044395 0.81832 0.36177 -0.14233 0.068624 -0.21447 0.58495 0.43823 -0.01384 -0.56936 0.17419 -0.46773 0.049344 -1.0237 -0.48356 -0.17326 -0.026981 0.16031 0.45602 -0.065354 0.16884 0.33797 0.23453 0.44904 0.61744 -0.4752 0.70522 -0.66553 0.89731 0.52134 0.33054 0.068866 0.67219 0.275 0.56976 0.14129 -0.15829 -0.30336 0.24738 -0.54261 -0.40859 0.060301 0.59518 -0.64127 0.09868 0.67095 0.044834 -0.4665 0.18973 -0.15436 -0.61577 0.10046 -0.47909 0.94232 -0.66143 0.35971 0.33327 0.45555 -0.67302 -0.52677 -1.0485 0.57984 0.74546 0.32096 0.98745 -0.40402 -0.1248 -1.0383 0.48603 0.42027
details	-0.54988 0.12075 0.53886 0.18999 -0.23217 -0.39931 -0.31831 0.079309 0.41769 0.25016 0.79555 0.71891 0.4291 0.22937 0.027691 0.66654 0.087222 -0.5459 -0.19593 0.10592 -0.37041 -0.84919 -0.041044 0.09288 -0.73312 -0.56423 0.055716 0.13729 -0.54171 -0.33046 -0.31792 -0.3604 -0.55503 -0.30096 -0.29524 0.17474 -0.0039058 -0.2314 -0.21823 0.054895 -0.072715 -0.45676 0.45382 0.17383 -0.8157 0.22414 -0.48609 -0.32511 0.41216 -0.57504 1.5906 0.16748 0.39163 1.0869 -0.20317 -1.655 -0.19414 -0.4162 1.1499 0.96323 -0.5587 1.157 -0.47376 -0.42763 1.0905 -0.85305 0.094681 0.44548 -0.39271 -0.044234 -0.39533 -0.24763 -0.3032 -0.86059 0.74269 0.38372 0.17318 -0.27334 -1.2577 -0.21779 0.32161 -0.47186 1.0359 -0.38003 -1.5529 -0.013107 0.066563 0.036095 -0.44611 0.19601 0.19823 -0.22771 -0.11838 -0.39914 -0.31718 0.014148 -0.30603 -0.38544 0.58181 0.28917

Patch	-0.57757 0.33565 0.28524 0.0092054 0.0072356 -0.27777 0.074984 0.1971 0.29803 0.21171 -0.26704 -0.14376 0.78978 -0.022087 0.76906 0.8791 1.0101 -0.62464 0.44398 -0.57665 -0.33091 -0.16856 0.10713 0.19317 -0.096625 0.58324 -0.16293 -0.25622 -0.15029 -0.010646 0.61583 0.09678 0.76229 -0.14211 0.62567 0.72891 -0.74217 0.47201 0.51484 0.17635 0.10017 -0.42564 0.12109 -0.090641 -1.0986 0.49442 -0.45642 0.8412 -0.019915 -0.21694 -0.091926 -0.1899 -0.37842 0.82149 0.20462 -1.7445 0.039351 -0.38714 1.0034 0.46311 0.61021 0.80347 -0.25682 0.41033 0.30954 -0.084178 0.65206 -0.62462 -0.042619 -0.8895 0.26685 0.38509 -0.29664 0.019508 -0.0063043 0.020641 0.092966 0.93288 0.21828 0.97562 -0.27571 -0.44738 -0.31498 0.55237 -0.45193 0.0749 0.38399 0.043901 -0.19354 0.87199 -0.11564 0.29294 -0.34356 -0.25296 0.013028 -0.086004 0.052166 0.36911 -0.26895 -0.19388
eliminate	-0.22507 -0.070645 0.066616 0.18722 0.075248 -0.11537 -0.63945 0.30932 0.48204 0.42719 -0.10155 0.21298 -0.31971 -0.48368 0.32096 -0.29952 0.07962 0.17741 -0.3162 -0.13482 0.14568 -0.35717 0.13179 0.19565 -0.19085 -0.34805 -0.18864 -0.67308 -0.062379 -0.52827 0.14821 0.40344 -0.35511 -0.53089 -0.7217 -0.089688 -0.30884 -0.83731 -0.46723 0.5359 -0.045754 -0.18111 -0.45607 -0.34675 -0.25258 0.058868 0.26016 0.21359 -1.3264 -0.59016 -0.20923 0.13249 -1.0247 0.52448 0.063233 -1.0917 0.37397 -0.38032 1.2804 0.015453 -0.097026 -0.33632 0.068155 -0.0062962 0.86141 -0.48129 0.43566 0.37863 0.12356 -0.38231 0.59284 -0.85077 -0.49171 0.33155 0.26905 -0.22583 -0.40528 -0.2011 -0.74007 0.85158 0.51778 -0.7965 -0.37128 -0.23457 -1.2827 0.29094 0.21874 0.79967 -0.35001 0.79954 -0.6315 0.12496 0.10135 -0.35044 -0.43934 -0.862 0.27129 -0.28105 0.60254 -0.26643
potential	0.37107 0.17848 0.61009 0.071076 0.16229 -1.0312 -0.35517 -0.82699 0.03019 -0.046401 -0.42853 0.17824 -0.29177 -0.40827 0.24465 -0.50503 -0.23215 0.39134 0.14097 0.11218 -0.43612 -0.69221 -0.29831 0.026672 -0.41998 0.1269 0.45686 0.25596 -0.26301 -0.15626 0.006174 0.065449 0.083607 0.044152 0.5623 -0.51972 -0.16617 -0.11701 -0.46245 0.45012 -0.69807 -0.23673 0.20535 -0.55861 0.77034 0.34243 0.15457 -0.064743 -1.0466 -0.11183 0.055952 -0.47401 -0.20182 0.9193 0.47762 -1.9162 0.19807 -0.82602 1.6371 0.35012 -0.75757 0.89241 -0.3617 0.54618 1.3898 -0.046267 0.68249 -0.15636 0.48224 -0.20099 0.1405 -0.24933 -0.48492 -0.52054 0.12791 -0.41613 0.43781 -0.75043 -0.69106 0.61724 1.1502 -0.20013 -0.1788 -0.24799 -1.7192 -0.5984 0.054254 0.33373 -0.29453 -0.91673 -0.65773 0.63764 0.16514 -0.6581 -0.30654 0.12137 0.035582 0.015576 0.86867 0.32834
NPE	0.39251 -0.064694 0.11221 -0.22993 -0.12931 -0.053765 0.013014 -0.065165 0.41 -0.57137 0.20531 -0.15271 -0.17004 0.19628 -0.079155 -0.0063398 0.19393 0.051485 0.25361 -0.32935 -0.55224 -0.032055 -0.29888 -0.11455 -0.019655 -0.0020003 0.20582 0.30757 -0.22034 -0.028855 -0.41733 0.54863 -0.14247 -0.46483 0.041835 -0.25208 0.16966 -0.30392 0.058037 0.61425 0.12493 0.27531 -0.093505 0.17293 -0.0044496 -0.59671 0.47847 -0.039082 -0.08129 0.21153 0.11132 0.30671 0.064612 -0.34849 0.37612 0.95869 0.42642 0.10971 -0.31907 -0.40349 -0.030294 -0.076926 -0.0063728 0.21734 -0.012176 0.13844 -0.33649 -0.45742 -0.033514 -0.24054 0.47394 -0.12294 -0.10005 0.16051 -0.0052661 -0.54318 0.0015187 0.38131 0.57936 -0.38196 -0.74615 -0.31416 0.66946 0.10078 0.50739 0.65004 0.11255 -0.027731 -0.060296 0.36606 -0.10761 0.20241 -0.35833 -0.13492 0.50889 -0.078604 0.25939 -0.25905 -0.061294 -0.15575

code	0.040031 -0.24448 0.73053 -0.78522 0.10176 1.1329 -0.54574 -0.16502 -0.22271 0.26857 -0.0028017 -0.53323 0.23771 -0.013369 -0.31623 0.31315 1.4045 0.3017 -0.3337 0.026709 -0.23063 -0.35121 0.3957 -0.048798 0.20233 -0.42681 0.086992 -0.32299 -0.51931 -0.39928 0.40101 1.0389 0.11716 -0.29213 0.40621 0.34681 -0.21982 -0.99274 0.27808 0.30669 -0.15944 -0.43364 0.10627 0.13963 -0.47956 -0.080051 -0.062879 -0.10151 -0.20968 -0.19341 0.45186 0.61042 -0.064944 0.96259 -0.85312 -1.127 0.15543 -0.13428 2.2155 0.61877 -0.20611 -0.513 -0.68671 -0.048113 0.87501 -0.11171 -0.40812 -0.042767 0.6316 0.14233 -0.23214 0.036219 0.32677 0.13164 0.37036 0.17449 0.12896 0.12132 -0.88154 0.11403 -0.24804 -1.2929 -0.34626 -0.30557 -1.4405 1.2882 0.31974 -1.2983 -0.18529 0.85937 -0.19239 0.83516 -0.56495 0.0085904 0.70475 -0.095823 -0.26036 -0.95226 -0.059152 -0.19183
places	-0.14565 0.34445 0.28381 0.047735 0.52266 0.16534 -0.73145 0.37161 0.3214 -0.045057 -0.066271 -0.35112 0.51996 0.18371 0.10296 -0.11863 0.30792 0.24486 -1.0103 0.58512 0.60984 0.69692 0.46657 -0.027124 -0.24754 -0.8284 0.42415 -0.1712 -0.10195 -0.26592 0.20267 -0.37834 0.35072 -0.028438 0.39518 0.55545 -0.57683 -0.096772 -0.38401 -0.20103 -0.31169 -0.29823 0.050146 -0.44403 0.1039 -0.028223 0.19281 0.20873 -0.10523 -0.50781 0.16969 -0.14786 -0.2109 0.71535 -0.11775 -2.1236 0.24565 -0.19363 1.635 0.17353 -0.99422 1.061 0.35063 0.15398 0.87413 0.29519 0.42808 -0.40335 0.4648 -0.58158 -0.50417 -0.35668 0.21663 0.17565 0.23081 0.089868 0.20361 -0.34327 0.049764 0.13045 0.32361 -0.12708 -0.74598 0.23909 -0.71646 0.11871 -0.36797 -0.53596 0.10359 0.33947 -0.5085 0.093864 0.72665 0.2257 -1.1998 0.43138 -0.58436 0.13769 0.22172 0.17814

object	-0.16261 0.87222 0.0086677 0.58327 0.092695 0.4641 -0.5059 -0.38724 0.97244 0.11728 -0.44092 -0.64257 0.58841 -0.41069 0.16769 0.043076 0.11497 1.3557 -0.045843 0.28392 -0.18252 0.05081 -0.40996 -0.11158 0.66707 -0.071712 0.23119 0.50079 0.25795 -0.42406 0.27647 0.54694 -0.52765 0.15324 0.62865 -0.32388 0.30747 -0.030743 0.52224 -0.3493 -0.77926 -0.505 0.52575 0.20928 -0.40334 0.2378 0.1704 0.71969 -0.22712 -0.077639 1.2241 0.42925 0.44532 1.2221 -0.069814 -1.458 0.1049 -0.055047 1.5673 0.46821 0.11327 0.76072 -0.47217 0.52064 0.82261 -0.18815 0.50718 -0.14995 -0.2817 -0.30089 -0.51976 -0.46393 0.78791 -0.023017 -0.059957 -0.27827 0.049114 -0.64217 -0.65806 -0.18655 -0.42251 0.070198 -0.57117 -0.82888 -0.76626 0.10035 0.5405 -0.054826 0.46765 -0.37122 -0.38853 0.36335 0.38018 0.38728 0.78351 -0.262 -0.73744 -0.67453 0.41328 -0.4813
null	0.079432 -0.14054 -0.10462 -0.36259 -0.22721 -0.13612 0.74755 0.32809 0.54364 0.12091 -0.53579 -0.093852 -0.1253 0.0075018 0.54402 -0.51891 0.34596 1.3306 1.0153 0.31239 0.16274 -0.026524 0.73949 0.5574 1.1129 -0.44905 1.0968 0.73696 -0.44728 0.032219 1.1976 0.059368 -0.37853 -0.21233 0.1351 -0.34381 0.48377 0.017526 -0.46031 -0.77044 -0.85068 0.30327 0.11417 -0.25013 0.014417 -0.05347 -0.30477 0.40744 -1.4463 0.85099 0.66363 0.0049562 0.57099 0.27496 0.0087559 -0.84859 0.74672 0.51043 0.18724 -0.012529 -0.42562 -0.84412 -0.50242 0.016912 0.41224 0.25004 0.12519 0.56298 -1.0472 -1.0784 -0.88615 0.11577 0.85152 0.16019 0.83352 -0.38092 0.044191 0.22782 -0.38651 -0.019875 -0.89481 -0.35736 -0.48555 0.036485 -0.43308 0.16881 1.0746 0.095382 0.54107 -0.38136 -1.2123 0.51573 0.16573 0.67943 0.35327 0.17672 0.25803 0.068445 -1.2016 -0.20168

object	-0.16261 0.87222 0.0086677 0.58327 0.092695 0.4641 -0.5059 -0.38724 0.97244 0.11728 -0.44092 -0.64257 0.58841 -0.41069 0.16769 0.043076 0.11497 1.3557 -0.045843 0.28392 -0.18252 0.05081 -0.40996 -0.11158 0.66707 -0.071712 0.23119 0.50079 0.25795 -0.42406 0.27647 0.54694 -0.52765 0.15324 0.62865 -0.32388 0.30747 -0.030743 0.52224 -0.3493 -0.77926 -0.505 0.52575 0.20928 -0.40334 0.2378 0.1704 0.71969 -0.22712 -0.077639 1.2241 0.42925 0.44532 1.2221 -0.069814 -1.458 0.1049 -0.055047 1.5673 0.46821 0.11327 0.76072 -0.47217 0.52064 0.82261 -0.18815 0.50718 -0.14995 -0.2817 -0.30089 -0.51976 -0.46393 0.78791 -0.023017 -0.059957 -0.27827 0.049114 -0.64217 -0.65806 -0.18655 -0.42251 0.070198 -0.57117 -0.82888 -0.76626 0.10035 0.5405 -0.054826 0.46765 -0.37122 -0.38853 0.36335 0.38018 0.38728 0.78351 -0.262 -0.73744 -0.67453 0.41328 -0.4813
method	-0.41796 0.53241 -0.33693 0.69262 0.068686 -0.087566 0.27663 -0.071203 -0.3353 0.33365 -0.52407 -0.53341 0.04046 -0.16659 0.45481 -0.34785 0.24926 0.022734 0.4212 0.0062452 -0.13359 -0.51309 0.21382 -0.24943 -0.36553 -0.01069 0.25961 -0.2909 -0.7678 0.037387 -0.46895 0.89278 -0.53101 -0.38841 0.35913 -0.4793 -0.33601 -0.20371 0.39182 -0.95175 -0.62779 0.17753 -0.035282 -0.12463 -0.84179 -0.34632 -0.19631 -0.84428 -0.54253 -0.19322 0.25287 -0.01299 -0.0014 1.4574 -0.76291 -1.5731 -0.23982 0.22269 0.87785 -0.034078 -0.036702 -0.31008 0.80324 0.61032 1.3546 -0.14522 -0.19501 -0.68654 -0.096186 -0.50487 -1.0144 0.37278 0.63403 0.66473 0.33144 -0.62283 -0.11496 -0.60323 -0.46632 -0.17908 0.23923 0.25257 -1.1826 -0.60126 -1.8759 0.92491 0.87735 -0.62709 -0.26522 -0.10025 -0.58459 0.12821 0.3471 0.52632 0.74769 -0.33396 -0.36954 -0.75431 0.34056 0.28563

object	-0.16261 0.87222 0.0086677 0.58327 0.092695 0.4641 -0.5059 -0.38724 0.97244 0.11728 -0.44092 -0.64257 0.58841 -0.41069 0.16769 0.043076 0.11497 1.3557 -0.045843 0.28392 -0.18252 0.05081 -0.40996 -0.11158 0.66707 -0.071712 0.23119 0.50079 0.25795 -0.42406 0.27647 0.54694 -0.52765 0.15324 0.62865 -0.32388 0.30747 -0.030743 0.52224 -0.3493 -0.77926 -0.505 0.52575 0.20928 -0.40334 0.2378 0.1704 0.71969 -0.22712 -0.077639 1.2241 0.42925 0.44532 1.2221 -0.069814 -1.458 0.1049 -0.055047 1.5673 0.46821 0.11327 0.76072 -0.47217 0.52064 0.82261 -0.18815 0.50718 -0.14995 -0.2817 -0.30089 -0.51976 -0.46393 0.78791 -0.023017 -0.059957 -0.27827 0.049114 -0.64217 -0.65806 -0.18655 -0.42251 0.070198 -0.57117 -0.82888 -0.76626 0.10035 0.5405 -0.054826 0.46765 -0.37122 -0.38853 0.36335 0.38018 0.38728 0.78351 -0.262 -0.73744 -0.67453 0.41328 -0.4813
null	0.079432 -0.14054 -0.10462 -0.36259 -0.22721 -0.13612 0.74755 0.32809 0.54364 0.12091 -0.53579 -0.093852 -0.1253 0.0075018 0.54402 -0.51891 0.34596 1.3306 1.0153 0.31239 0.16274 -0.026524 0.73949 0.5574 1.1129 -0.44905 1.0968 0.73696 -0.44728 0.032219 1.1976 0.059368 -0.37853 -0.21233 0.1351 -0.34381 0.48377 0.017526 -0.46031 -0.77044 -0.85068 0.30327 0.11417 -0.25013 0.014417 -0.05347 -0.30477 0.40744 -1.4463 0.85099 0.66363 0.0049562 0.57099 0.27496 0.0087559 -0.84859 0.74672 0.51043 0.18724 -0.012529 -0.42562 -0.84412 -0.50242 0.016912 0.41224 0.25004 0.12519 0.56298 -1.0472 -1.0784 -0.88615 0.11577 0.85152 0.16019 0.83352 -0.38092 0.044191 0.22782 -0.38651 -0.019875 -0.89481 -0.35736 -0.48555 0.036485 -0.43308 0.16881 1.0746 0.095382 0.54107 -0.38136 -1.2123 0.51573 0.16573 0.67943 0.35327 0.17672 0.25803 0.068445 -1.2016 -0.20168
method	-0.41796 0.53241 -0.33693 0.69262 0.068686 -0.087566 0.27663 -0.071203 -0.3353 0.33365 -0.52407 -0.53341 0.04046 -0.16659 0.45481 -0.34785 0.24926 0.022734 0.4212 0.0062452 -0.13359 -0.51309 0.21382 -0.24943 -0.36553 -0.01069 0.25961 -0.2909 -0.7678 0.037387 -0.46895 0.89278 -0.53101 -0.38841 0.35913 -0.4793 -0.33601 -0.20371 0.39182 -0.95175 -0.62779 0.17753 -0.035282 -0.12463 -0.84179 -0.34632 -0.19631 -0.84428 -0.54253 -0.19322 0.25287 -0.01299 -0.0014 1.4574 -0.76291 -1.5731 -0.23982 0.22269 0.87785 -0.034078 -0.036702 -0.31008 0.80324 0.61032 1.3546 -0.14522 -0.19501 -0.68654 -0.096186 -0.50487 -1.0144 0.37278 0.63403 0.66473 0.33144 -0.62283 -0.11496 -0.60323 -0.46632 -0.17908 0.23923 0.25257 -1.1826 -0.60126 -1.8759 0.92491 0.87735 -0.62709 -0.26522 -0.10025 -0.58459 0.12821 0.3471 0.52632 0.74769 -0.33396 -0.36954 -0.75431 0.34056 0.28563
call	-0.57833 -0.0036551 0.34658 -0.13135 -0.55454 0.51136 -0.33964 0.21444 -0.14875 -0.40632 -0.24877 -0.013711 -0.077743 -0.0031011 0.39742 -0.092896 0.051331 -0.057702 -1.0554 0.446 0.13033 -0.1007 -0.46623 -0.41154 0.23996 0.010277 -0.3181 0.012289 0.81148 0.0064896 0.19668 0.72425 0.1447 0.3289 0.10419 0.43356 -0.22548 -0.41436 0.67698 -0.31664 -0.56414 0.099459 0.0012022 -0.43698 -0.28734 -0.41786 -0.51603 -0.20215 0.045103 -1.0291 0.33465 0.40716 0.3526 0.51566 -0.40057 -2.1249 0.18735 0.070587 1.7854 0.25659 -0.35064 -0.15965 -0.097151 -0.84694 0.44468 -0.33631 -0.0075343 0.36411 0.25368 -0.30346 -0.54467 -0.018555 -0.59607 -1.1053 0.0059089 0.11293 0.12558 0.16152 -1.096 -0.4293 0.4309 -0.81201 -0.30434 -0.49247 -1.5306 -0.063408 0.56379 0.24842 0.18647 -0.32636 0.11546 0.29028 -0.23353 -0.16417 -0.59932 -0.303 -0.11732 0.070204 0.44509 0.24148
conditional	0.57341 -0.49823 0.40122 0.42751 0.81677 -0.23921 -0.037171 0.51973 -0.44093 0.16243 -1.1057 0.45272 0.45026 -0.30072 0.45465 0.22068 -0.48677 -0.15961 0.63821 0.39585 -0.47051 -0.45404 -0.19173 0.68976 -0.026581 0.38932 0.33601 -0.079579 0.37626 -0.32554 0.0050227 0.25169 -0.91496 0.12595 1.1581 0.4716 0.20491 0.048417 -0.32705 -0.32206 0.58674 0.25617 0.57651 -0.017894 0.15871 -0.49579 -0.32186 -0.003262 -0.33625 0.11637 0.18068 0.25067 0.71441 0.30352 -0.1617 -0.64062 1.1916 -1.0276 0.856 -0.21909 0.049038 -0.73058 -1.1284 0.037385 0.93024 -0.17845 -0.26653 0.19589 -0.4633 -0.73255 -0.51206 -0.58878 -0.25508 -0.4452 0.28409 0.81949 -0.66172 -0.31313 -0.89875 -0.7014 0.46536 -0.1965 -0.54548 -0.021356 -0.60083 0.66496 0.94097 -0.79057 0.39672 -0.078819 -1.1105 -0.20266 -0.97318 0.34545 0.086457 0.16705 0.26354 0.24206 0.19292 0.37292
block	0.35901 0.019648 -0.54488 -0.01984 0.045876 0.34316 -0.68479 0.51846 0.28244 0.20759 0.61344 -0.16105 -0.43311 -0.23849 -0.3557 0.49617 0.02468 0.14294 -0.32675 0.018687 0.14556 0.19605 0.46855 -0.17969 0.60353 -0.10488 -0.02823 0.068039 -0.037172 0.33858 0.57217 0.77929 0.49072 0.10646 0.56652 -0.18831 0.51482 -0.85103 0.37901 0.78006 -0.2401 -0.64208 -0.26804 -0.11428 0.10379 0.2626 -0.39712 0.071409 -0.17557 0.21053 0.077563 0.32464 -0.019332 0.73397 -0.24317 -2.1946 -0.39842 -0.43848 1.8412 -0.11814 -0.35072 -0.036926 0.22049 0.59223 1.0676 0.21873 0.4569 0.33814 -0.41755 -0.67498 0.11064 -0.24805 -0.043363 -0.39579 0.28289 -0.16008 -0.26205 0.54224 -0.14122 0.16653 -0.0085441 -0.56169 -0.57374 -0.38417 -0.91638 0.33195 0.60858 -0.49572 0.4016 -0.065407 -0.035616 -0.38261 -0.29206 0.25501 -0.34718 -0.19115 0.38063 0.13439 1.0224 0.13633

eliminate	-0.22507 -0.070645 0.066616 0.18722 0.075248 -0.11537 -0.63945 0.30932 0.48204 0.42719 -0.10155 0.21298 -0.31971 -0.48368 0.32096 -0.29952 0.07962 0.17741 -0.3162 -0.13482 0.14568 -0.35717 0.13179 0.19565 -0.19085 -0.34805 -0.18864 -0.67308 -0.062379 -0.52827 0.14821 0.40344 -0.35511 -0.53089 -0.7217 -0.089688 -0.30884 -0.83731 -0.46723 0.5359 -0.045754 -0.18111 -0.45607 -0.34675 -0.25258 0.058868 0.26016 0.21359 -1.3264 -0.59016 -0.20923 0.13249 -1.0247 0.52448 0.063233 -1.0917 0.37397 -0.38032 1.2804 0.015453 -0.097026 -0.33632 0.068155 -0.0062962 0.86141 -0.48129 0.43566 0.37863 0.12356 -0.38231 0.59284 -0.85077 -0.49171 0.33155 0.26905 -0.22583 -0.40528 -0.2011 -0.74007 0.85158 0.51778 -0.7965 -0.37128 -0.23457 -1.2827 0.29094 0.21874 0.79967 -0.35001 0.79954 -0.6315 0.12496 0.10135 -0.35044 -0.43934 -0.862 0.27129 -0.28105 0.60254 -0.26643
check	-0.27314 -0.17828 0.26394 -0.47224 -0.2855 0.47653 -0.27501 0.57198 0.34998 0.336 0.27987 0.37373 0.40312 0.26457 0.038978 0.11079 0.56687 0.00024736 -0.008156 -0.057403 -0.28108 0.1262 -0.65418 -0.53825 0.10259 -0.51373 -0.24087 -0.65683 -0.028279 -0.7707 0.20415 0.18323 0.12709 0.62394 0.15823 -0.0050464 -0.40865 -0.27617 0.17649 -0.48984 0.033228 -0.42428 -0.21466 -0.49541 -0.25184 0.22204 -0.81785 -0.72368 0.23574 -1.0678 1.0207 0.16764 -0.19304 0.79255 -0.048997 -1.2361 0.24788 -0.017531 2.227 -0.090285 -0.025205 0.61781 -0.15697 0.24095 0.56607 0.369 -0.014747 0.016142 0.56479 -0.054685 -0.64588 0.10025 0.10703 -0.55915 0.40791 0.44661 0.082875 -0.051264 -0.5306 -0.21603 0.97219 -0.18039 -0.43002 -0.5618 -1.0886 -0.16942 0.41837 0.16439 -0.85309 0.32493 -0.49075 0.76562 0.48373 -0.7059 -0.36424 0.20114 0.71274 0.068123 0.16072 -0.22105

