AbstractEstimator	
Abstract	0.14116 1.3429 -0.4846 1.2113 0.49359 0.20731 0.05374 -0.92522 0.080482 0.28173 0.077078 -0.78687 0.043978 -0.78295 0.71265 0.75849 -0.0071133 1.1685 0.70372 -0.72165 0.11141 0.21099 0.42816 -0.23877 0.50871 -0.62988 0.46111 -0.48665 -0.40748 -0.44307 -0.53242 -0.055979 -1.1945 -0.35323 -0.50378 -0.18684 -0.31472 -0.25088 0.083548 -0.72845 0.58434 -0.17527 -0.25983 0.17369 -1.0581 -0.23798 0.028504 0.33768 -0.37535 0.17211 0.51305 0.072907 0.16506 0.13241 -0.39306 -0.81692 0.68867 -0.015076 0.82004 0.30772 0.36007 1.1421 -0.71338 -0.25667 0.93319 -0.62868 0.44011 0.10676 -0.70689 -0.47229 -0.27907 0.097479 -0.087226 0.045564 0.41392 -0.47252 0.31409 -0.061043 -0.38004 -0.76324 -0.31901 0.25397 -0.34263 -0.13619 -0.88328 0.21366 -0.29684 -0.24769 0.092208 -0.63647 0.23373 -0.5512 -0.02026 0.68034 0.49675 -0.44467 -1.5416 -1.2436 0.017892 -0.24987
Estimator	-0.65883 0.10551 -0.0023939 -0.27385 -1.087 0.82768 0.57646 -0.17663 -0.26298 -0.044004 -0.71191 0.41837 -0.15035 -0.65334 0.23645 0.025873 0.4694 0.62148 0.94234 0.21501 0.14668 -0.83287 -0.14326 -0.068873 -0.4618 0.51547 0.34603 0.024289 -1.1087 -0.78776 -0.035483 0.24227 0.2555 0.036302 0.84988 -0.074673 0.50507 0.6482 0.36353 -0.28447 -0.11108 0.13884 -0.71594 0.10794 1.0924 -0.48978 0.54742 -1.2221 -0.8726 0.39553 0.76976 -0.98494 0.59375 0.75321 -0.64485 0.55236 -0.23229 -0.20589 -0.48839 -0.20354 -0.52978 -1.4778 -0.62596 1.5426 0.6926 -0.33044 -0.29623 -0.53505 0.3682 -0.59358 -0.43317 0.40465 0.53429 -0.32575 1.2938 -0.89274 0.57323 0.15596 0.081837 -0.36271 -0.18609 0.42206 -1.2309 -0.40513 0.24342 0.27459 0.23067 -0.18542 0.33859 -0.57134 0.1417 0.026811 -0.43348 -0.27704 1.1737 -0.3002 0.47888 0.4281 -0.17853 0.86263

getCovariances	
guessParametersErrors	
crash	0.018589 -0.27377 0.7958 -0.0064335 -0.51969 -0.31215 0.39641 0.22949 0.13842 -0.06869 0.8404 0.6971 0.24168 0.19415 -0.23524 0.047874 0.073444 -0.015267 0.075942 0.79539 0.21791 -0.19222 0.41307 0.15219 0.22868 -0.066901 -0.6251 0.41561 0.32095 -0.30313 -0.25256 -0.12904 -0.48661 0.6133 -0.62222 -0.11396 0.5614 0.32883 0.74285 0.83828 -0.75755 -0.16843 0.13806 -0.4046 -0.1623 0.81935 0.52614 0.12234 -0.23513 -0.84266 0.07664 0.25855 -0.25262 1.0855 0.17263 -1.4957 -0.36061 0.75945 2.1377 0.63761 -0.41802 1.4387 0.67669 -0.026205 0.099365 0.060439 -0.67624 -0.43124 -0.77764 0.30749 -1.1018 -0.46388 -0.075393 0.47185 0.33834 0.10093 0.92471 0.22275 -0.92626 0.007847 0.16325 0.44775 0.4007 -0.2563 -0.53377 -0.8224 -0.025443 -0.13165 -0.97032 0.22371 0.68609 0.13185 -0.36425 0.6186 0.069359 1.046 0.0018792 -0.18726 0.00078511 -1.3096
bound	-0.10944 -0.11734 0.58566 -0.55371 0.23911 0.28406 -0.12585 0.26579 -0.24155 0.018065 0.03029 0.34664 0.68038 0.72648 -0.4032 -0.15325 0.3317 0.22206 0.17984 -0.48133 0.48382 -0.22985 0.12085 0.031144 0.56324 0.14853 -0.45404 -0.75108 0.66647 0.2085 -0.072734 0.21494 -0.4335 -0.038805 -0.16222 -0.045656 0.62865 0.27185 0.042893 0.022245 -0.57397 -0.84407 0.35489 -0.11669 0.43545 -0.14726 0.31714 0.48179 -0.33073 0.47064 0.10926 0.42035 0.37089 0.72257 -0.065698 -1.0956 -0.3184 -0.10756 2.1303 -0.1591 -0.41998 0.42081 -0.48171 -0.59794 -0.28843 0.11771 -0.21525 0.68867 -0.44802 -0.40367 -0.35488 -1.131 0.71425 0.11207 0.073509 0.095052 0.5812 -0.10694 -0.33753 -0.21888 -0.48985 0.49676 -0.64942 0.2689 -0.87778 -0.70674 0.15019 -0.4388 -0.80314 -0.1624 -0.76311 0.082751 0.091683 -0.78462 -0.30633 0.34396 0.040448 -0.30168 0.29081 -0.054738
parameters	-0.83665 -0.28023 0.21163 0.87488 -0.42413 -0.22329 0.16099 0.14448 -0.69881 0.63446 0.44824 -0.19972 0.20229 -0.2986 0.54485 -0.15078 -0.22632 1.0929 0.056259 -0.4073 -0.52375 -0.99538 0.1172 -0.18189 -0.19771 -0.40512 0.21077 -0.086077 -0.61949 -0.38151 0.30178 0.064345 -0.38853 0.29004 0.54808 0.12949 0.83915 0.11473 -0.064807 -0.67404 -0.11348 -0.28475 0.054298 0.4256 -0.82863 -0.051018 -0.55379 0.081029 -0.95823 0.22216 0.89457 0.22201 0.54195 0.62991 0.55491 -0.27666 0.20711 -0.13865 0.56251 0.94574 -0.19628 0.054093 -0.49826 0.38078 1.1709 0.43749 -0.59445 -0.7313 0.24835 -0.17456 -0.17742 0.15848 0.78622 -0.25879 0.80015 -0.83139 -0.06517 -0.63546 -0.12279 -0.66522 -0.17654 -0.22804 -0.7908 -0.51546 -1.1252 0.95689 0.74684 -0.41141 -0.42671 -0.35842 -1.1255 0.78452 -0.33027 -0.32954 0.28901 0.18131 -0.060517 -0.55801 0.59372 0.4513
Covariances	0.39286 0.22511 0.17482 0.13067 -0.07725 -0.15213 -0.17324 -0.326 0.11277 -0.23197 -0.13422 0.25996 0.35121 0.069426 0.16258 -0.5951 -0.19054 0.53545 0.21595 -0.23252 -0.18904 -0.39911 -0.018041 0.047291 0.10642 -0.52823 0.54031 0.87094 0.18107 -0.80963 -0.21137 -0.75645 -0.20443 -0.15688 0.39879 -0.41959 0.59023 -0.19557 -0.07484 0.17918 0.40995 -0.29945 -0.49091 0.10484 0.060508 -0.29343 -0.15525 0.16931 -0.21054 0.50078 0.4764 -0.056288 -0.54716 0.13356 0.65136 1.002 0.098594 0.088964 -0.48188 -0.20497 0.0020351 -0.15241 0.069736 -0.089859 0.040455 0.03131 -0.22996 -0.21251 0.35741 -0.4747 0.15774 0.2009 0.4959 0.45123 -0.15504 0.48244 0.043768 -0.34761 0.42929 0.19304 -0.29378 0.26208 0.237 0.0068162 0.36339 -0.19274 0.048209 -0.20489 0.068208 -0.085274 -0.77721 0.1482 -0.43478 -0.19817 0.070135 -0.22754 0.035651 0.34473 0.029661 0.0066738
guess	0.21836 0.18509 0.87531 -0.32468 -1.1215 -0.025622 0.21732 -0.0035074 0.2565 0.045821 0.31812 0.39764 0.3441 -0.38566 0.10871 -0.41908 -0.57202 0.67897 -0.31453 0.61625 0.14998 0.36822 -0.24764 -0.7307 -0.14767 0.25788 -0.043522 -0.57275 0.29819 -0.58088 -0.10919 0.68246 0.58772 -0.28866 0.11559 0.51543 -0.52147 0.34158 0.74247 -0.94061 0.10665 0.30097 -0.21211 -0.70484 -1.1554 -0.38201 0.24623 -0.44155 -0.50293 -1.0382 0.098543 -0.07773 0.27391 0.27367 -0.24166 -1.33 0.06218 0.36121 0.55964 0.22171 -0.085787 0.89481 -0.52597 0.0045457 0.82991 -0.1167 0.3612 0.27222 -0.37384 0.11995 0.0272 0.38223 0.053955 -0.2475 0.050237 0.31099 0.14604 -0.29499 -0.038173 -0.21447 0.17978 -0.11637 -0.80202 -0.39142 -1.1458 -0.57601 -0.26455 -0.3021 -0.48966 -0.14489 -0.00068803 -0.04079 0.37546 -0.4459 -0.32166 0.037693 -0.029376 0.094198 -0.25482 0.66539
Parameters	-0.83665 -0.28023 0.21163 0.87488 -0.42413 -0.22329 0.16099 0.14448 -0.69881 0.63446 0.44824 -0.19972 0.20229 -0.2986 0.54485 -0.15078 -0.22632 1.0929 0.056259 -0.4073 -0.52375 -0.99538 0.1172 -0.18189 -0.19771 -0.40512 0.21077 -0.086077 -0.61949 -0.38151 0.30178 0.064345 -0.38853 0.29004 0.54808 0.12949 0.83915 0.11473 -0.064807 -0.67404 -0.11348 -0.28475 0.054298 0.4256 -0.82863 -0.051018 -0.55379 0.081029 -0.95823 0.22216 0.89457 0.22201 0.54195 0.62991 0.55491 -0.27666 0.20711 -0.13865 0.56251 0.94574 -0.19628 0.054093 -0.49826 0.38078 1.1709 0.43749 -0.59445 -0.7313 0.24835 -0.17456 -0.17742 0.15848 0.78622 -0.25879 0.80015 -0.83139 -0.06517 -0.63546 -0.12279 -0.66522 -0.17654 -0.22804 -0.7908 -0.51546 -1.1252 0.95689 0.74684 -0.41141 -0.42671 -0.35842 -1.1255 0.78452 -0.33027 -0.32954 0.28901 0.18131 -0.060517 -0.55801 0.59372 0.4513
Errors	-0.41443 -0.11068 0.77845 0.62872 -0.45402 0.43471 0.59685 -0.183 -0.49104 0.14698 0.27585 0.4396 -0.57491 0.59805 0.25027 0.64631 -0.54435 0.80399 -0.032028 0.66776 -0.18354 -0.14858 -0.14191 0.75543 0.16699 -0.80936 0.50471 0.19787 0.43751 -0.18111 0.11977 0.50876 0.030813 -0.51387 -0.43749 -0.51814 -0.974 -0.29074 -0.29697 0.40799 -0.073812 0.11202 -0.21535 -0.28957 -0.43165 -0.42471 0.54389 -0.95192 -0.78618 -0.11262 0.79909 -0.06065 -0.93732 0.73397 0.066252 -0.52042 0.41796 0.27722 1.355 1.1741 -1.2561 -0.21912 -0.37824 0.80791 0.0027664 -0.62435 0.38852 -0.62919 -0.038393 0.017398 -1.0896 0.87792 0.17285 -0.075701 0.79903 0.3145 -0.12924 0.63674 -0.30652 0.73899 0.69632 0.095613 -0.68261 0.060902 -2.6238 -0.77543 0.24803 -0.023439 -1.0513 0.099589 -0.99044 -0.041883 -0.62242 -0.16919 0.0034007 -0.014444 -0.13521 -0.75676 -0.49707 0.14841

methods	-0.2423 0.13211 -0.67936 0.45996 -0.21641 -0.51798 -0.10365 -0.1912 -0.41132 0.8441 -0.26941 -0.66758 0.2484 -0.10603 0.43056 0.0039175 0.073171 0.22435 -0.27081 0.10137 -0.2215 -0.40721 0.45191 -0.055842 -0.95264 -0.18959 0.38524 -0.41789 -0.75394 0.36326 -0.28946 0.41763 -1.0765 -0.39895 0.37917 -0.12187 -0.41853 -0.38668 0.12842 -0.78409 -0.68577 -0.36915 -0.48672 0.083597 -0.9507 -0.1697 0.077853 -0.37041 -0.56236 -0.30129 0.46135 0.32251 -0.096093 1.6639 0.066285 -0.87226 0.23595 0.02971 0.95381 -0.056441 -0.25197 0.038403 0.49084 0.16828 1.2177 -0.070029 -0.23294 -0.6119 0.31231 -0.6499 -0.71108 0.12787 0.28364 0.43036 -0.12638 -0.54792 -0.17512 -0.004417 -0.88651 0.22528 0.92223 0.2918 -0.92874 -0.3415 -2.3113 1.0343 0.77391 -0.13573 -0.56931 -0.15843 -0.44041 -0.27991 0.33662 0.43257 0.40808 -0.44176 -0.98276 -0.87773 0.38472 0.46941
getCovariances	
guessParametersErrors	
org	-0.26016 -0.24664 0.218 -0.73062 -0.50396 0.53169 0.4634 -0.79583 0.65105 0.25617 0.94791 0.12506 0.71909 -0.16892 -0.16093 -0.24011 -0.076525 -0.23074 -0.049874 0.10632 -0.66776 0.35589 -0.39664 0.95125 0.17833 -0.10628 -0.013394 0.035961 0.079702 -1.3671 0.3305 0.76399 0.20854 0.89747 -0.25148 0.35534 -0.59125 0.22705 0.37938 -0.3528 0.010821 0.3049 -0.47934 0.28821 -0.077966 -0.0071496 -0.90188 0.34372 -0.539 1.0514 -0.24736 0.20956 -0.48592 -0.24934 -0.93457 -0.018738 0.4496 -0.57942 0.61226 0.83221 -0.073551 -0.1034 -0.046832 0.22416 0.083962 0.60766 0.28838 -0.14934 1.5167 -0.61933 0.39935 0.046438 -0.027113 -0.70042 -0.87339 -0.83821 0.0071577 -0.21938 0.11917 0.10178 0.024923 -1.1276 0.84177 0.365 0.40846 -0.011416 0.30357 -0.75461 0.35679 -0.042457 -0.70667 0.61659 0.68887 -0.2262 0.79291 0.12872 -0.25784 -0.2739 -0.3374 -0.14162
apache	-0.10142 -0.40355 0.31563 0.34313 0.0092762 -0.1314 0.97658 -0.056107 -0.14499 0.28058 0.17647 -0.63094 -0.31723 -0.31157 -0.12957 -0.20276 0.91012 -0.06261 -0.55599 0.97122 -0.23684 -0.52456 0.096794 1.2012 0.39477 0.59036 -0.41883 0.3279 -0.32776 -0.53865 0.56609 0.091831 -0.4316 0.40215 1.2937 0.089034 -0.2168 -0.087682 1.9193 0.59949 -0.42233 0.82084 -0.23045 0.46158 0.57972 -0.013155 -0.14665 0.29353 -0.075406 0.10569 -1.1424 0.93996 0.73522 0.1087 -0.10292 -0.17822 0.15163 -0.39443 1.363 0.79009 0.47951 0.69523 0.5705 0.44883 -0.4788 0.41795 0.52058 -0.54908 -0.2853 0.70931 -0.1577 -0.6729 -0.16988 -0.4933 -0.26141 0.44695 0.26158 1.1031 -0.88535 0.12636 -0.11629 -0.2091 -0.178 0.20166 0.45187 0.72238 0.7776 0.28268 0.40405 -0.086219 0.06237 -0.40426 -1.1184 0.11971 -0.50189 -0.25302 -0.69386 0.46531 0.36334 0.54685
commons	-0.42024 -0.44034 0.81803 0.11362 0.51578 0.61196 -0.45747 0.16095 -0.10898 -0.84055 -0.73956 -0.4049 -0.54363 0.19526 0.0099955 -0.23736 -0.19713 0.48733 -1.0105 -0.46837 -0.27296 -0.12669 0.86147 -1.8241 -0.056538 -1.4028 0.46593 0.24329 0.07413 0.54623 0.040167 0.65977 -0.26472 -0.709 0.18514 0.69382 -0.86004 0.37651 -0.0016986 -0.14099 -0.62235 -0.45885 0.33342 -0.17311 -0.12626 -0.52439 0.33222 -0.42243 0.21931 0.25855 0.20686 -0.11386 0.75834 0.28875 -0.39179 -1.0038 0.21147 -0.38986 0.50673 0.34428 0.61369 -0.3361 -0.12786 0.48813 0.79141 0.24147 0.54069 -0.24632 0.44699 -0.54036 -0.31149 0.49579 -0.11915 -0.68568 -0.92711 0.20227 -0.63558 0.24202 -0.9498 -0.32241 -0.57312 -0.17372 1.0998 -0.1412 -0.020714 -0.65538 0.85148 -0.17484 0.45969 0.076778 0.49756 -0.33245 0.079547 1.4298 -0.112 0.78493 0.85329 0.40735 0.95417 -0.94974
math	0.15734 1.257 0.60331 0.50044 -0.82824 0.11006 0.12216 -0.18235 -0.25037 1.6259 0.21748 -1.0867 -0.47452 -0.098961 -0.37746 0.073246 -0.023446 0.99699 -0.25388 0.75971 -0.65526 -0.28404 0.60163 -0.021639 -0.56963 -0.90914 -0.51 -0.54366 -0.42035 -0.4662 -0.78386 0.46748 -0.30662 -0.30034 -0.14636 0.19633 -1.3988 -0.04512 0.5195 0.38131 -0.57313 0.60068 -0.95901 -0.71151 -0.63201 0.24312 0.016162 -0.015358 -0.39189 -0.067402 -0.42879 -0.5833 -0.43894 0.44133 -0.33234 -1.1747 0.66391 -0.089269 0.48889 0.093464 0.15706 0.26854 -0.51152 -0.25011 -0.49045 0.58264 0.78832 0.096092 0.46904 0.77098 -0.095119 0.95805 0.53733 0.20741 -0.9359 1.3078 -0.58077 0.21764 -0.17439 -0.66605 -0.13381 0.29631 -0.49327 -1.4127 -1.687 0.67278 -0.39849 -1.1623 0.084772 0.1559 -0.81095 0.47562 -0.35047 0.99207 -0.12087 -0.019675 0.26124 -0.75364 0.044015 0.21041
estimation	-0.54548 -0.28819 0.58773 0.43796 -0.87004 -0.0057552 -0.058189 0.091745 -0.5216 0.93266 0.078228 0.034724 0.16724 -0.98292 0.56032 0.073108 -0.42454 0.63467 0.8634 0.49289 -0.36495 -0.40356 0.18243 0.76509 -0.29581 -0.022161 0.59339 -0.080857 -0.53912 -0.43837 0.0061244 -0.099383 0.15498 0.45176 0.45423 0.40972 -0.097853 0.75891 0.52874 -0.77048 -0.32982 0.50632 -0.16243 0.30354 -0.70731 -0.45463 0.24045 -0.96155 -0.6815 0.24184 0.42925 -0.35502 0.14997 0.86473 0.013989 -0.2129 0.21168 -0.152 -0.1474 0.29059 0.33084 -0.39956 -0.023858 0.59396 0.56254 -0.0091362 -0.66687 -0.79947 0.50053 -0.1456 -0.23818 0.72534 0.46567 -0.13814 0.51204 -0.078789 -0.080089 0.15067 -0.70667 0.029508 0.20676 0.69759 -0.8874 -0.62382 -0.70892 0.27794 0.54881 -0.36227 -0.050338 -0.41692 0.068212 0.28423 -0.042596 -0.28136 0.5848 -0.49199 -0.099889 -0.33787 0.032142 0.038792
AbstractEstimator	
crash	0.018589 -0.27377 0.7958 -0.0064335 -0.51969 -0.31215 0.39641 0.22949 0.13842 -0.06869 0.8404 0.6971 0.24168 0.19415 -0.23524 0.047874 0.073444 -0.015267 0.075942 0.79539 0.21791 -0.19222 0.41307 0.15219 0.22868 -0.066901 -0.6251 0.41561 0.32095 -0.30313 -0.25256 -0.12904 -0.48661 0.6133 -0.62222 -0.11396 0.5614 0.32883 0.74285 0.83828 -0.75755 -0.16843 0.13806 -0.4046 -0.1623 0.81935 0.52614 0.12234 -0.23513 -0.84266 0.07664 0.25855 -0.25262 1.0855 0.17263 -1.4957 -0.36061 0.75945 2.1377 0.63761 -0.41802 1.4387 0.67669 -0.026205 0.099365 0.060439 -0.67624 -0.43124 -0.77764 0.30749 -1.1018 -0.46388 -0.075393 0.47185 0.33834 0.10093 0.92471 0.22275 -0.92626 0.007847 0.16325 0.44775 0.4007 -0.2563 -0.53377 -0.8224 -0.025443 -0.13165 -0.97032 0.22371 0.68609 0.13185 -0.36425 0.6186 0.069359 1.046 0.0018792 -0.18726 0.00078511 -1.3096
ArrayOutOfBounds	
exception	0.018977 0.20343 0.51521 -0.10723 0.18065 0.12331 -0.15804 0.11424 0.03167 -0.64671 -0.010638 -0.43316 0.19038 0.17583 0.035071 -0.027728 0.2262 0.14682 -0.18915 0.47476 0.33566 0.27888 -0.21996 0.10146 0.28032 -0.3842 0.18258 -0.50839 -0.35652 -0.33523 0.17786 0.11341 -0.036747 -0.23953 -0.088431 0.46591 0.19665 -0.0027544 -0.013453 -0.25648 0.087086 0.1118 0.4933 0.1239 0.25282 -0.10723 0.81902 -0.10497 -0.69268 -0.5915 0.43756 0.19418 0.22259 0.37208 -0.037613 -1.2992 0.020897 -0.40147 1.2586 0.15621 -0.49972 -0.085182 0.065586 0.27406 1.0264 -0.54902 0.13317 -0.34417 -0.12317 0.1398 -0.46829 -0.19733 -0.034079 0.45159 0.39558 0.18438 -0.432 -0.22367 -0.1309 -0.32784 -0.039537 -0.58863 0.26447 -0.28228 -0.93648 0.31135 0.06557 -0.17484 0.37004 0.031478 -0.15041 -0.23924 -0.09215 -0.031035 -0.42726 0.45871 -0.35031 -0.21297 0.22867 -0.2934
parameters	-0.83665 -0.28023 0.21163 0.87488 -0.42413 -0.22329 0.16099 0.14448 -0.69881 0.63446 0.44824 -0.19972 0.20229 -0.2986 0.54485 -0.15078 -0.22632 1.0929 0.056259 -0.4073 -0.52375 -0.99538 0.1172 -0.18189 -0.19771 -0.40512 0.21077 -0.086077 -0.61949 -0.38151 0.30178 0.064345 -0.38853 0.29004 0.54808 0.12949 0.83915 0.11473 -0.064807 -0.67404 -0.11348 -0.28475 0.054298 0.4256 -0.82863 -0.051018 -0.55379 0.081029 -0.95823 0.22216 0.89457 0.22201 0.54195 0.62991 0.55491 -0.27666 0.20711 -0.13865 0.56251 0.94574 -0.19628 0.054093 -0.49826 0.38078 1.1709 0.43749 -0.59445 -0.7313 0.24835 -0.17456 -0.17742 0.15848 0.78622 -0.25879 0.80015 -0.83139 -0.06517 -0.63546 -0.12279 -0.66522 -0.17654 -0.22804 -0.7908 -0.51546 -1.1252 0.95689 0.74684 -0.41141 -0.42671 -0.35842 -1.1255 0.78452 -0.33027 -0.32954 0.28901 0.18131 -0.060517 -0.55801 0.59372 0.4513
bound	-0.10944 -0.11734 0.58566 -0.55371 0.23911 0.28406 -0.12585 0.26579 -0.24155 0.018065 0.03029 0.34664 0.68038 0.72648 -0.4032 -0.15325 0.3317 0.22206 0.17984 -0.48133 0.48382 -0.22985 0.12085 0.031144 0.56324 0.14853 -0.45404 -0.75108 0.66647 0.2085 -0.072734 0.21494 -0.4335 -0.038805 -0.16222 -0.045656 0.62865 0.27185 0.042893 0.022245 -0.57397 -0.84407 0.35489 -0.11669 0.43545 -0.14726 0.31714 0.48179 -0.33073 0.47064 0.10926 0.42035 0.37089 0.72257 -0.065698 -1.0956 -0.3184 -0.10756 2.1303 -0.1591 -0.41998 0.42081 -0.48171 -0.59794 -0.28843 0.11771 -0.21525 0.68867 -0.44802 -0.40367 -0.35488 -1.131 0.71425 0.11207 0.073509 0.095052 0.5812 -0.10694 -0.33753 -0.21888 -0.48985 0.49676 -0.64942 0.2689 -0.87778 -0.70674 0.15019 -0.4388 -0.80314 -0.1624 -0.76311 0.082751 0.091683 -0.78462 -0.30633 0.34396 0.040448 -0.30168 0.29081 -0.054738
Covariances	0.39286 0.22511 0.17482 0.13067 -0.07725 -0.15213 -0.17324 -0.326 0.11277 -0.23197 -0.13422 0.25996 0.35121 0.069426 0.16258 -0.5951 -0.19054 0.53545 0.21595 -0.23252 -0.18904 -0.39911 -0.018041 0.047291 0.10642 -0.52823 0.54031 0.87094 0.18107 -0.80963 -0.21137 -0.75645 -0.20443 -0.15688 0.39879 -0.41959 0.59023 -0.19557 -0.07484 0.17918 0.40995 -0.29945 -0.49091 0.10484 0.060508 -0.29343 -0.15525 0.16931 -0.21054 0.50078 0.4764 -0.056288 -0.54716 0.13356 0.65136 1.002 0.098594 0.088964 -0.48188 -0.20497 0.0020351 -0.15241 0.069736 -0.089859 0.040455 0.03131 -0.22996 -0.21251 0.35741 -0.4747 0.15774 0.2009 0.4959 0.45123 -0.15504 0.48244 0.043768 -0.34761 0.42929 0.19304 -0.29378 0.26208 0.237 0.0068162 0.36339 -0.19274 0.048209 -0.20489 0.068208 -0.085274 -0.77721 0.1482 -0.43478 -0.19817 0.070135 -0.22754 0.035651 0.34473 0.029661 0.0066738
guess	0.21836 0.18509 0.87531 -0.32468 -1.1215 -0.025622 0.21732 -0.0035074 0.2565 0.045821 0.31812 0.39764 0.3441 -0.38566 0.10871 -0.41908 -0.57202 0.67897 -0.31453 0.61625 0.14998 0.36822 -0.24764 -0.7307 -0.14767 0.25788 -0.043522 -0.57275 0.29819 -0.58088 -0.10919 0.68246 0.58772 -0.28866 0.11559 0.51543 -0.52147 0.34158 0.74247 -0.94061 0.10665 0.30097 -0.21211 -0.70484 -1.1554 -0.38201 0.24623 -0.44155 -0.50293 -1.0382 0.098543 -0.07773 0.27391 0.27367 -0.24166 -1.33 0.06218 0.36121 0.55964 0.22171 -0.085787 0.89481 -0.52597 0.0045457 0.82991 -0.1167 0.3612 0.27222 -0.37384 0.11995 0.0272 0.38223 0.053955 -0.2475 0.050237 0.31099 0.14604 -0.29499 -0.038173 -0.21447 0.17978 -0.11637 -0.80202 -0.39142 -1.1458 -0.57601 -0.26455 -0.3021 -0.48966 -0.14489 -0.00068803 -0.04079 0.37546 -0.4459 -0.32166 0.037693 -0.029376 0.094198 -0.25482 0.66539
Parameters	-0.83665 -0.28023 0.21163 0.87488 -0.42413 -0.22329 0.16099 0.14448 -0.69881 0.63446 0.44824 -0.19972 0.20229 -0.2986 0.54485 -0.15078 -0.22632 1.0929 0.056259 -0.4073 -0.52375 -0.99538 0.1172 -0.18189 -0.19771 -0.40512 0.21077 -0.086077 -0.61949 -0.38151 0.30178 0.064345 -0.38853 0.29004 0.54808 0.12949 0.83915 0.11473 -0.064807 -0.67404 -0.11348 -0.28475 0.054298 0.4256 -0.82863 -0.051018 -0.55379 0.081029 -0.95823 0.22216 0.89457 0.22201 0.54195 0.62991 0.55491 -0.27666 0.20711 -0.13865 0.56251 0.94574 -0.19628 0.054093 -0.49826 0.38078 1.1709 0.43749 -0.59445 -0.7313 0.24835 -0.17456 -0.17742 0.15848 0.78622 -0.25879 0.80015 -0.83139 -0.06517 -0.63546 -0.12279 -0.66522 -0.17654 -0.22804 -0.7908 -0.51546 -1.1252 0.95689 0.74684 -0.41141 -0.42671 -0.35842 -1.1255 0.78452 -0.33027 -0.32954 0.28901 0.18131 -0.060517 -0.55801 0.59372 0.4513
Errors	-0.41443 -0.11068 0.77845 0.62872 -0.45402 0.43471 0.59685 -0.183 -0.49104 0.14698 0.27585 0.4396 -0.57491 0.59805 0.25027 0.64631 -0.54435 0.80399 -0.032028 0.66776 -0.18354 -0.14858 -0.14191 0.75543 0.16699 -0.80936 0.50471 0.19787 0.43751 -0.18111 0.11977 0.50876 0.030813 -0.51387 -0.43749 -0.51814 -0.974 -0.29074 -0.29697 0.40799 -0.073812 0.11202 -0.21535 -0.28957 -0.43165 -0.42471 0.54389 -0.95192 -0.78618 -0.11262 0.79909 -0.06065 -0.93732 0.73397 0.066252 -0.52042 0.41796 0.27722 1.355 1.1741 -1.2561 -0.21912 -0.37824 0.80791 0.0027664 -0.62435 0.38852 -0.62919 -0.038393 0.017398 -1.0896 0.87792 0.17285 -0.075701 0.79903 0.3145 -0.12924 0.63674 -0.30652 0.73899 0.69632 0.095613 -0.68261 0.060902 -2.6238 -0.77543 0.24803 -0.023439 -1.0513 0.099589 -0.99044 -0.041883 -0.62242 -0.16919 0.0034007 -0.014444 -0.13521 -0.75676 -0.49707 0.14841
Abstract	0.14116 1.3429 -0.4846 1.2113 0.49359 0.20731 0.05374 -0.92522 0.080482 0.28173 0.077078 -0.78687 0.043978 -0.78295 0.71265 0.75849 -0.0071133 1.1685 0.70372 -0.72165 0.11141 0.21099 0.42816 -0.23877 0.50871 -0.62988 0.46111 -0.48665 -0.40748 -0.44307 -0.53242 -0.055979 -1.1945 -0.35323 -0.50378 -0.18684 -0.31472 -0.25088 0.083548 -0.72845 0.58434 -0.17527 -0.25983 0.17369 -1.0581 -0.23798 0.028504 0.33768 -0.37535 0.17211 0.51305 0.072907 0.16506 0.13241 -0.39306 -0.81692 0.68867 -0.015076 0.82004 0.30772 0.36007 1.1421 -0.71338 -0.25667 0.93319 -0.62868 0.44011 0.10676 -0.70689 -0.47229 -0.27907 0.097479 -0.087226 0.045564 0.41392 -0.47252 0.31409 -0.061043 -0.38004 -0.76324 -0.31901 0.25397 -0.34263 -0.13619 -0.88328 0.21366 -0.29684 -0.24769 0.092208 -0.63647 0.23373 -0.5512 -0.02026 0.68034 0.49675 -0.44467 -1.5416 -1.2436 0.017892 -0.24987
Estimator	-0.65883 0.10551 -0.0023939 -0.27385 -1.087 0.82768 0.57646 -0.17663 -0.26298 -0.044004 -0.71191 0.41837 -0.15035 -0.65334 0.23645 0.025873 0.4694 0.62148 0.94234 0.21501 0.14668 -0.83287 -0.14326 -0.068873 -0.4618 0.51547 0.34603 0.024289 -1.1087 -0.78776 -0.035483 0.24227 0.2555 0.036302 0.84988 -0.074673 0.50507 0.6482 0.36353 -0.28447 -0.11108 0.13884 -0.71594 0.10794 1.0924 -0.48978 0.54742 -1.2221 -0.8726 0.39553 0.76976 -0.98494 0.59375 0.75321 -0.64485 0.55236 -0.23229 -0.20589 -0.48839 -0.20354 -0.52978 -1.4778 -0.62596 1.5426 0.6926 -0.33044 -0.29623 -0.53505 0.3682 -0.59358 -0.43317 0.40465 0.53429 -0.32575 1.2938 -0.89274 0.57323 0.15596 0.081837 -0.36271 -0.18609 0.42206 -1.2309 -0.40513 0.24342 0.27459 0.23067 -0.18542 0.33859 -0.57134 0.1417 0.026811 -0.43348 -0.27704 1.1737 -0.3002 0.47888 0.4281 -0.17853 0.86263
Array	-0.65781 0.92986 0.057983 0.3296 0.62332 0.13687 -0.3663 0.23781 -0.54342 0.50936 0.22343 -0.62014 -0.37853 -0.53848 0.8086 0.37347 -0.28596 0.60848 0.26758 -0.27611 -0.72779 -0.43245 0.13826 -0.83019 0.25466 -0.18956 0.35039 0.75198 -0.76607 -0.39967 0.09454 0.24471 -0.23858 -0.03379 0.32776 -0.16759 0.032184 -0.3649 0.045433 -0.016532 0.15469 -0.39674 0.066198 0.05242 -0.23711 -0.15536 -0.11225 0.65803 0.22217 0.43899 0.35539 0.13995 0.30664 0.2611 0.57117 -0.99658 0.6001 -0.029741 1.5432 0.13286 -0.27899 0.62402 0.33851 0.27839 0.79505 -0.64937 0.065556 -0.39553 0.45158 0.30551 0.20932 0.13018 -0.045057 0.072105 -0.028651 -0.3302 -0.37806 -0.13023 0.16409 0.1162 1.6424 -0.28674 0.13866 -0.25707 -1.0316 0.058305 0.428 0.29183 -0.36204 -0.11524 -0.38131 0.42185 -0.15097 -0.4195 -0.44506 -0.25329 -0.69365 -0.91731 1.2022 0.26943
Bounds	0.003138 -0.93957 0.72636 0.17133 -0.15234 0.33717 -0.46106 -0.53674 -0.34553 0.12907 -0.00046926 0.6644 0.16818 -0.33015 0.40941 -0.24687 -0.63748 1.5177 -0.45691 -0.57205 0.15479 0.83165 0.57632 -0.23562 0.085586 0.65452 -0.29468 -0.7058 -0.62378 -0.19172 0.36478 -0.33859 0.74018 0.22532 0.24775 0.25988 -0.81031 -0.0010753 -0.30527 0.27224 -0.51841 0.033656 -0.082219 0.48294 -1.0102 -0.34553 0.28151 -0.091831 -0.17476 -0.15821 0.47818 0.35964 -0.099267 0.51928 -0.21771 -0.72398 0.025254 -0.20412 0.95785 0.28033 -0.08527 -0.50403 -0.25319 0.60734 0.2538 -0.2219 0.18448 -0.42048 -0.30283 0.45982 -0.41303 -0.17626 1.1655 -0.15906 0.39878 -0.74376 -0.76535 -0.47827 0.17844 0.035131 -0.42758 0.25824 -0.23077 -0.24166 -0.62961 0.21827 0.14261 -0.11032 0.13938 0.018602 -0.30365 -0.10496 -0.63768 0.22437 -0.47037 -0.23242 -0.091722 -0.21089 0.021205 0.66967

reason	0.43294 0.1328 0.51507 -0.079037 -0.45162 -0.12802 -0.29757 -0.24508 0.65444 -0.38173 -0.24651 0.27484 0.039287 -0.31248 -0.048704 -0.36401 -0.32607 0.56847 -0.41298 0.60169 0.088257 -0.085684 -0.46234 -0.42073 -0.090106 0.29037 0.24285 -0.53263 0.13492 -0.058395 -0.046505 0.35397 -0.30966 -0.19783 -0.19205 0.38834 0.18814 0.33005 0.56081 -0.53676 -0.56382 0.16529 0.44716 -0.41317 -0.15774 -0.31727 0.67244 -0.25308 -0.52656 -1.0956 0.70159 0.020126 0.15086 0.64657 0.18831 -2.1233 0.15993 -0.26543 1.2531 0.40207 -0.32405 0.023702 -0.24188 -0.023984 1.2139 -0.25342 0.25742 -0.070678 -0.28304 -0.027866 -0.44253 -0.16629 -0.22287 -0.26589 -0.11808 0.30961 0.25168 -0.18208 -0.63879 0.12961 0.17341 -0.22919 -0.68065 -0.26555 -1.5467 -0.36333 -0.23624 0.10662 -0.28417 -0.16682 -0.16428 -0.43557 -0.13819 -0.10742 -0.50396 -0.046827 -0.19978 -0.5613 0.12684 0.41591
Jacobian	-0.27878 0.18175 0.11969 0.40275 -0.23755 0.062309 -0.26832 0.29685 -0.93464 -0.36234 -0.45993 -0.4696 0.31228 -0.17817 -0.011888 0.75938 0.37802 0.90475 0.73384 0.080243 -0.68989 -0.44688 -0.93094 -1.045 0.52215 0.55967 2.0256 0.31053 -0.47912 -0.30282 0.17457 0.56174 -0.01784 -0.22453 0.16696 0.28603 0.57243 0.095238 0.13792 -0.17109 0.18946 -0.12212 -0.2643 -0.21643 0.84459 1.1106 -0.10143 0.049089 -0.46536 0.51046 0.049012 -0.89107 0.0012376 -0.080169 0.43871 0.2553 -0.72792 0.16005 -0.42635 -0.60331 -0.43605 0.10961 -0.25961 -0.28622 0.59818 -0.43315 0.0081947 -0.48969 0.11832 0.27048 -0.56118 0.23649 -0.52531 0.46593 -0.27843 -0.78515 -0.83417 -0.11156 0.21838 -0.42609 -0.42941 -0.35811 -1.1322 0.2016 0.5065 -0.36341 0.5089 -0.41646 0.053027 0.06751 -0.84427 0.61571 -0.72823 0.45533 0.5852 -0.92298 0.54062 -0.41807 -0.4947 0.63385
calculated	-0.66496 -0.1216 0.030904 0.6534 -0.29153 0.029445 0.17476 0.088776 -0.3875 0.70307 0.2029 0.11616 0.15074 -0.92106 0.21367 -0.0024869 -0.27256 0.7295 -0.04913 -0.39801 0.89401 0.11376 -0.30722 0.10282 -0.69268 -0.36149 -0.040303 0.055817 -0.47961 -0.80736 0.31048 0.46618 -0.42435 -0.027785 -0.075572 -0.053406 0.1303 0.11787 -0.39952 -0.46517 -0.099778 0.13743 -0.85348 0.58422 -0.48272 -0.13978 0.32263 -0.60112 -0.91316 -0.8065 0.74321 -0.54054 0.86087 0.89451 -0.47074 -0.8126 0.11179 -0.066637 0.32196 -0.15518 -0.00049601 -0.088612 -0.91405 0.057801 0.61351 0.10314 -0.63843 0.39137 0.78354 0.011836 -0.68041 -0.46506 0.27845 0.73679 0.085685 -0.29661 0.43116 -0.5262 -0.49224 -0.11341 0.045694 0.81472 -0.98333 -0.67077 -1.0043 -0.80277 0.57572 -0.28253 0.039315 -0.62665 -0.84543 0.44809 -0.15189 -0.4776 0.24612 -0.41347 0.41098 -0.50576 0.019534 -0.12076
unbound	-0.20422 0.63344 0.58082 -0.5495 0.11715 0.15096 0.3526 0.46544 -0.1642 0.08621 0.19561 0.36733 -0.26186 0.2195 -0.16128 0.54221 0.56167 0.68236 0.45568 -0.61797 -0.32514 -0.5207 0.19784 0.22178 0.33844 0.64077 0.19779 0.19624 0.35376 0.29701 0.52304 0.059987 -0.9348 -0.0042066 -0.050958 0.022502 0.20467 0.21456 -0.30152 -0.22222 -0.50534 0.37372 -0.2113 0.28151 -0.080444 -0.97534 -0.02392 1.036 -0.16166 1.4656 -0.18755 0.43144 0.65339 -0.021424 -0.60373 0.22922 0.93623 -0.17837 -0.28519 -0.3696 -0.24764 -0.14217 -0.59678 0.033184 -0.13012 -0.2173 0.7275 -0.16906 0.18823 -0.62906 0.14395 -0.4353 0.37689 0.26291 -0.18625 0.04946 -0.29982 -0.060079 -0.31794 -0.37648 -0.60123 0.32138 -0.26313 0.64325 0.39635 -0.18207 0.024142 -0.33648 -0.71579 -0.019612 -0.32271 0.53979 0.17497 -0.89874 0.16452 -0.14382 0.40409 0.14296 -0.03389 0.087209
parameters	-0.83665 -0.28023 0.21163 0.87488 -0.42413 -0.22329 0.16099 0.14448 -0.69881 0.63446 0.44824 -0.19972 0.20229 -0.2986 0.54485 -0.15078 -0.22632 1.0929 0.056259 -0.4073 -0.52375 -0.99538 0.1172 -0.18189 -0.19771 -0.40512 0.21077 -0.086077 -0.61949 -0.38151 0.30178 0.064345 -0.38853 0.29004 0.54808 0.12949 0.83915 0.11473 -0.064807 -0.67404 -0.11348 -0.28475 0.054298 0.4256 -0.82863 -0.051018 -0.55379 0.081029 -0.95823 0.22216 0.89457 0.22201 0.54195 0.62991 0.55491 -0.27666 0.20711 -0.13865 0.56251 0.94574 -0.19628 0.054093 -0.49826 0.38078 1.1709 0.43749 -0.59445 -0.7313 0.24835 -0.17456 -0.17742 0.15848 0.78622 -0.25879 0.80015 -0.83139 -0.06517 -0.63546 -0.12279 -0.66522 -0.17654 -0.22804 -0.7908 -0.51546 -1.1252 0.95689 0.74684 -0.41141 -0.42671 -0.35842 -1.1255 0.78452 -0.33027 -0.32954 0.28901 0.18131 -0.060517 -0.55801 0.59372 0.4513

code	0.040031 -0.24448 0.73053 -0.78522 0.10176 1.1329 -0.54574 -0.16502 -0.22271 0.26857 -0.0028017 -0.53323 0.23771 -0.013369 -0.31623 0.31315 1.4045 0.3017 -0.3337 0.026709 -0.23063 -0.35121 0.3957 -0.048798 0.20233 -0.42681 0.086992 -0.32299 -0.51931 -0.39928 0.40101 1.0389 0.11716 -0.29213 0.40621 0.34681 -0.21982 -0.99274 0.27808 0.30669 -0.15944 -0.43364 0.10627 0.13963 -0.47956 -0.080051 -0.062879 -0.10151 -0.20968 -0.19341 0.45186 0.61042 -0.064944 0.96259 -0.85312 -1.127 0.15543 -0.13428 2.2155 0.61877 -0.20611 -0.513 -0.68671 -0.048113 0.87501 -0.11171 -0.40812 -0.042767 0.6316 0.14233 -0.23214 0.036219 0.32677 0.13164 0.37036 0.17449 0.12896 0.12132 -0.88154 0.11403 -0.24804 -1.2929 -0.34626 -0.30557 -1.4405 1.2882 0.31974 -1.2983 -0.18529 0.85937 -0.19239 0.83516 -0.56495 0.0085904 0.70475 -0.095823 -0.26036 -0.95226 -0.059152 -0.19183
loop	0.50782 -0.24814 0.32524 -0.38856 0.47123 0.16239 -0.16793 1.239 -0.054721 -0.22908 0.48227 0.57653 0.34323 0.044733 1.0837 0.40875 -0.3256 0.53468 0.06828 -1.3903 0.51561 0.27637 -0.49116 -0.23654 -0.42446 0.40604 0.29829 0.15154 0.25144 -0.27754 -0.47454 0.58117 0.38735 -0.19717 0.056883 0.061924 -0.47579 0.10405 0.52212 -0.17002 -0.10872 -0.22477 -0.11277 0.0018645 -0.077101 0.10204 0.46409 -0.20938 0.211 0.6489 -0.86249 0.8422 0.31322 0.29052 0.165 -2.0642 0.09736 -0.2905 1.0102 0.090444 -0.30961 -0.3114 0.54887 0.19388 -0.043525 0.013381 0.44648 -0.39331 0.19518 -0.20963 -1.2398 0.08015 0.71976 0.2146 0.56072 -0.83512 0.98451 0.33198 0.67401 -0.428 -0.26033 -0.17964 -0.88788 -0.049278 -0.62471 0.87514 0.19772 -0.82389 0.19333 0.19539 -0.66562 0.55695 -0.89161 -0.16635 0.5794 -0.32411 0.39901 -0.82797 0.59417 -0.023238
parameters	-0.83665 -0.28023 0.21163 0.87488 -0.42413 -0.22329 0.16099 0.14448 -0.69881 0.63446 0.44824 -0.19972 0.20229 -0.2986 0.54485 -0.15078 -0.22632 1.0929 0.056259 -0.4073 -0.52375 -0.99538 0.1172 -0.18189 -0.19771 -0.40512 0.21077 -0.086077 -0.61949 -0.38151 0.30178 0.064345 -0.38853 0.29004 0.54808 0.12949 0.83915 0.11473 -0.064807 -0.67404 -0.11348 -0.28475 0.054298 0.4256 -0.82863 -0.051018 -0.55379 0.081029 -0.95823 0.22216 0.89457 0.22201 0.54195 0.62991 0.55491 -0.27666 0.20711 -0.13865 0.56251 0.94574 -0.19628 0.054093 -0.49826 0.38078 1.1709 0.43749 -0.59445 -0.7313 0.24835 -0.17456 -0.17742 0.15848 0.78622 -0.25879 0.80015 -0.83139 -0.06517 -0.63546 -0.12279 -0.66522 -0.17654 -0.22804 -0.7908 -0.51546 -1.1252 0.95689 0.74684 -0.41141 -0.42671 -0.35842 -1.1255 0.78452 -0.33027 -0.32954 0.28901 0.18131 -0.060517 -0.55801 0.59372 0.4513

final	-0.017843 -0.27195 0.83799 0.14642 -0.28723 0.1386 0.48567 0.98077 -0.76238 -0.11111 0.82916 0.14238 -0.57909 -0.051383 -0.16616 0.23142 -0.0097546 0.38259 0.064446 -0.25256 0.42843 -0.51579 0.29299 0.94191 0.5477 -0.26202 0.21106 -0.35204 0.5814 -0.48902 -1.006 -0.29449 0.14374 -0.35734 0.24252 -0.59096 -0.60184 0.4506 -0.77983 0.32268 -0.27777 -0.54972 0.58474 -0.26692 0.39045 -0.14097 0.21463 -0.69946 -0.10231 -0.84696 0.096677 -0.061519 0.43045 0.97822 0.024302 -3.173 -0.17396 0.048538 1.0517 0.93481 -0.78422 0.24473 -0.38961 0.020444 0.74497 -0.66549 -0.70498 1.0324 -0.88419 -0.6508 -0.50348 0.10102 -0.0039946 -0.41952 0.098858 0.4814 -0.71194 -0.6037 -0.48773 -0.37104 0.5639 -0.089004 -0.065247 0.047894 -1.4592 -0.31187 -0.097071 -0.27491 0.4416 0.44913 -0.14337 0.47421 -0.43148 1.0127 -0.27314 -0.048961 0.065848 0.60822 0.58346 0.12563
int	-1.2815 0.29622 -0.53259 0.32107 -0.39625 -0.11924 0.42091 0.19327 -0.13448 -0.85049 -0.45988 -0.59597 -0.79427 0.31379 -0.43536 0.70608 0.44329 -0.11279 0.036991 -0.12338 -0.45912 -0.73173 -0.21593 0.23246 0.98264 0.90022 0.6924 0.49234 0.74033 0.20114 -0.10716 0.84224 0.46705 0.4129 -0.060172 0.21711 0.4259 1.0596 -0.32892 0.70179 0.37757 -0.91555 -0.57109 -0.18899 -0.0089607 -0.67049 -0.95645 0.85213 0.44196 0.2516 -0.39928 -0.1086 0.14475 0.048046 -1.8383 0.20715 0.66836 -0.15683 0.83449 -0.89062 -1.731 -0.28511 -1.6281 -0.4891 -0.017375 0.20429 -0.39652 -0.12376 0.083896 1.019 0.29363 -0.22713 -0.57131 0.20946 0.36736 0.070658 -0.60987 0.36272 -0.11703 -0.3601 0.91502 0.34288 0.42903 0.1424 -0.14246 0.33683 -0.097052 -0.032925 0.65012 0.62676 0.26149 0.73428 -0.77328 -0.24923 0.86026 -0.36051 0.5583 -0.30908 0.34023 0.0885
cols	-1.7054 0.84952 0.72159 0.28686 -0.20176 1.2693 -0.27763 -0.4465 0.079295 0.24223 0.63276 -0.65232 -0.23035 0.064664 0.70545 1.191 0.096198 -0.39341 -0.1874 -1.0811 -0.27508 -0.10652 -0.51607 1.2406 0.53496 -0.56143 -0.31408 0.6485 -0.84717 -1.2297 -0.67321 -0.59102 -0.60415 -0.74 -1.1102 0.24593 -0.34701 -1.7493 -0.17099 -0.38327 0.0085329 0.06133 -0.25586 0.029224 -0.2269 -0.12582 -1.2523 -0.46009 -0.00041605 0.52461 0.97192 0.11691 0.10414 0.38373 -0.19197 0.26425 -0.78876 0.12088 0.33861 0.26401 -0.88478 0.81221 -0.58745 -1.0165 1.1017 -0.85037 -0.93989 0.87207 -0.27676 0.7208 -0.078523 1.6477 -0.42273 -0.06045 0.36762 -0.30877 0.76705 -0.74673 0.54928 -1.1855 -0.81375 -0.52439 -0.9124 -0.54376 1.6401 -0.21497 0.069092 -0.55845 -0.14609 -0.26888 -0.7853 -0.28388 0.6289 0.2013 -0.71537 -1.2289 0.17888 0.19113 0.93084 0.23397
problem	-0.29581 0.30855 0.82131 0.0085845 -0.66401 -0.069684 0.085665 -0.46486 1.179 0.03124 -0.16966 0.19938 0.24664 0.16489 -0.35447 -0.33572 -0.44905 0.21919 -0.036618 -0.65902 -0.43739 -0.09481 -0.031618 -0.15844 0.014121 0.038115 0.18901 -0.61176 -0.59838 0.071352 -0.36706 0.14968 0.39045 0.049271 0.10153 0.13062 -0.038567 0.2845 0.51043 -0.22678 -0.74117 0.32308 0.26895 -0.77992 -0.28285 0.09795 0.527 -0.016245 -0.71906 -0.32505 0.63978 -0.21855 -0.66017 1.2624 0.32059 -2.2355 -0.091599 -0.10159 1.6238 0.73467 0.020861 0.24514 -0.327 -0.16384 1.3841 0.46869 0.58052 -0.35346 0.41557 -0.058828 -0.28866 -0.020676 -0.29129 0.063786 0.70216 -0.2204 -0.089771 0.29046 -0.86696 0.74243 0.57275 -0.14929 -0.73445 -0.21592 -1.772 0.17907 -0.36801 -0.17197 -1.1736 -0.55531 -0.59886 0.2586 -0.55728 -0.088817 0.21041 0.46815 0.079753 -0.35043 0.69074 -0.058652
getAllParameters	
length	-0.39345 0.14751 0.115 0.5842 -0.22979 0.12557 0.034881 0.85012 -1.0224 0.37647 0.4142 0.64828 0.53612 -0.091829 0.88211 -0.09227 -0.17771 -0.0095382 0.46393 -0.78129 0.38076 0.26073 -0.40727 -0.027861 1.0929 0.72266 0.16645 -0.46851 0.25301 -0.20281 -0.21155 -0.16052 0.33415 -0.1378 0.26774 0.53922 0.65032 0.43666 0.09264 0.9267 0.55555 -0.8082 -0.020837 0.54307 -0.39997 -0.33437 0.77462 -0.91296 -0.093295 0.65398 0.60355 -0.10966 1.0224 1.5875 -0.10735 -1.9646 -0.14627 -0.47492 1.2636 0.69037 0.12818 0.55123 -0.085575 0.19535 1.2906 0.5853 -0.13847 -0.086656 0.37725 0.034639 -0.030018 0.6359 0.91748 0.51956 1.0847 -0.027481 -0.57533 -0.27663 0.46083 -0.27902 -0.44093 -0.34366 -0.094047 -0.42573 -1.201 0.058523 0.14049 -0.89629 0.35035 0.78896 -0.64621 0.23352 -0.66019 -0.85192 0.15518 -0.20148 -0.56911 -0.52954 1.1626 -0.075618
Parameters	-0.83665 -0.28023 0.21163 0.87488 -0.42413 -0.22329 0.16099 0.14448 -0.69881 0.63446 0.44824 -0.19972 0.20229 -0.2986 0.54485 -0.15078 -0.22632 1.0929 0.056259 -0.4073 -0.52375 -0.99538 0.1172 -0.18189 -0.19771 -0.40512 0.21077 -0.086077 -0.61949 -0.38151 0.30178 0.064345 -0.38853 0.29004 0.54808 0.12949 0.83915 0.11473 -0.064807 -0.67404 -0.11348 -0.28475 0.054298 0.4256 -0.82863 -0.051018 -0.55379 0.081029 -0.95823 0.22216 0.89457 0.22201 0.54195 0.62991 0.55491 -0.27666 0.20711 -0.13865 0.56251 0.94574 -0.19628 0.054093 -0.49826 0.38078 1.1709 0.43749 -0.59445 -0.7313 0.24835 -0.17456 -0.17742 0.15848 0.78622 -0.25879 0.80015 -0.83139 -0.06517 -0.63546 -0.12279 -0.66522 -0.17654 -0.22804 -0.7908 -0.51546 -1.1252 0.95689 0.74684 -0.41141 -0.42671 -0.35842 -1.1255 0.78452 -0.33027 -0.32954 0.28901 0.18131 -0.060517 -0.55801 0.59372 0.4513

replaced	-0.46108 -0.092607 -0.15067 -0.74021 0.27915 0.016069 0.22853 0.26039 0.015747 0.18507 0.43038 -0.3309 0.50004 0.31652 0.85732 -1.0441 0.22347 0.14246 -0.21142 -0.46868 0.0032291 -0.24163 0.40195 0.24288 0.5698 -0.43543 -0.24424 -0.41294 0.27775 0.65399 0.29683 0.80283 -0.73276 -0.34082 -0.1471 0.42795 -0.043677 -0.2097 -0.45268 -0.23951 0.30778 -0.5192 0.81235 0.23381 0.64847 0.40025 -0.095397 0.037808 0.14589 -0.51085 -0.17419 -0.050548 -0.29198 0.5194 0.17422 -2.1734 -0.77645 0.43888 0.67999 0.50182 0.10651 0.23845 -0.021114 0.83292 0.70234 -0.65244 0.1782 0.28589 -0.21377 0.2111 0.11962 0.35775 -0.038573 -0.30718 0.37144 -0.44915 -0.21978 0.78131 -0.026051 -0.24573 0.05342 -0.87047 -0.28139 0.096315 -0.58176 0.31222 0.14403 -0.17852 -0.34334 -0.26671 -0.18566 -0.47992 -0.38987 0.88788 -0.35042 -0.38778 -0.23145 0.16975 -0.042884 -0.65522

final	-0.017843 -0.27195 0.83799 0.14642 -0.28723 0.1386 0.48567 0.98077 -0.76238 -0.11111 0.82916 0.14238 -0.57909 -0.051383 -0.16616 0.23142 -0.0097546 0.38259 0.064446 -0.25256 0.42843 -0.51579 0.29299 0.94191 0.5477 -0.26202 0.21106 -0.35204 0.5814 -0.48902 -1.006 -0.29449 0.14374 -0.35734 0.24252 -0.59096 -0.60184 0.4506 -0.77983 0.32268 -0.27777 -0.54972 0.58474 -0.26692 0.39045 -0.14097 0.21463 -0.69946 -0.10231 -0.84696 0.096677 -0.061519 0.43045 0.97822 0.024302 -3.173 -0.17396 0.048538 1.0517 0.93481 -0.78422 0.24473 -0.38961 0.020444 0.74497 -0.66549 -0.70498 1.0324 -0.88419 -0.6508 -0.50348 0.10102 -0.0039946 -0.41952 0.098858 0.4814 -0.71194 -0.6037 -0.48773 -0.37104 0.5639 -0.089004 -0.065247 0.047894 -1.4592 -0.31187 -0.097071 -0.27491 0.4416 0.44913 -0.14337 0.47421 -0.43148 1.0127 -0.27314 -0.048961 0.065848 0.60822 0.58346 0.12563
int	-1.2815 0.29622 -0.53259 0.32107 -0.39625 -0.11924 0.42091 0.19327 -0.13448 -0.85049 -0.45988 -0.59597 -0.79427 0.31379 -0.43536 0.70608 0.44329 -0.11279 0.036991 -0.12338 -0.45912 -0.73173 -0.21593 0.23246 0.98264 0.90022 0.6924 0.49234 0.74033 0.20114 -0.10716 0.84224 0.46705 0.4129 -0.060172 0.21711 0.4259 1.0596 -0.32892 0.70179 0.37757 -0.91555 -0.57109 -0.18899 -0.0089607 -0.67049 -0.95645 0.85213 0.44196 0.2516 -0.39928 -0.1086 0.14475 0.048046 -1.8383 0.20715 0.66836 -0.15683 0.83449 -0.89062 -1.731 -0.28511 -1.6281 -0.4891 -0.017375 0.20429 -0.39652 -0.12376 0.083896 1.019 0.29363 -0.22713 -0.57131 0.20946 0.36736 0.070658 -0.60987 0.36272 -0.11703 -0.3601 0.91502 0.34288 0.42903 0.1424 -0.14246 0.33683 -0.097052 -0.032925 0.65012 0.62676 0.26149 0.73428 -0.77328 -0.24923 0.86026 -0.36051 0.5583 -0.30908 0.34023 0.0885
cols	-1.7054 0.84952 0.72159 0.28686 -0.20176 1.2693 -0.27763 -0.4465 0.079295 0.24223 0.63276 -0.65232 -0.23035 0.064664 0.70545 1.191 0.096198 -0.39341 -0.1874 -1.0811 -0.27508 -0.10652 -0.51607 1.2406 0.53496 -0.56143 -0.31408 0.6485 -0.84717 -1.2297 -0.67321 -0.59102 -0.60415 -0.74 -1.1102 0.24593 -0.34701 -1.7493 -0.17099 -0.38327 0.0085329 0.06133 -0.25586 0.029224 -0.2269 -0.12582 -1.2523 -0.46009 -0.00041605 0.52461 0.97192 0.11691 0.10414 0.38373 -0.19197 0.26425 -0.78876 0.12088 0.33861 0.26401 -0.88478 0.81221 -0.58745 -1.0165 1.1017 -0.85037 -0.93989 0.87207 -0.27676 0.7208 -0.078523 1.6477 -0.42273 -0.06045 0.36762 -0.30877 0.76705 -0.74673 0.54928 -1.1855 -0.81375 -0.52439 -0.9124 -0.54376 1.6401 -0.21497 0.069092 -0.55845 -0.14609 -0.26888 -0.7853 -0.28388 0.6289 0.2013 -0.71537 -1.2289 0.17888 0.19113 0.93084 0.23397
problem	-0.29581 0.30855 0.82131 0.0085845 -0.66401 -0.069684 0.085665 -0.46486 1.179 0.03124 -0.16966 0.19938 0.24664 0.16489 -0.35447 -0.33572 -0.44905 0.21919 -0.036618 -0.65902 -0.43739 -0.09481 -0.031618 -0.15844 0.014121 0.038115 0.18901 -0.61176 -0.59838 0.071352 -0.36706 0.14968 0.39045 0.049271 0.10153 0.13062 -0.038567 0.2845 0.51043 -0.22678 -0.74117 0.32308 0.26895 -0.77992 -0.28285 0.09795 0.527 -0.016245 -0.71906 -0.32505 0.63978 -0.21855 -0.66017 1.2624 0.32059 -2.2355 -0.091599 -0.10159 1.6238 0.73467 0.020861 0.24514 -0.327 -0.16384 1.3841 0.46869 0.58052 -0.35346 0.41557 -0.058828 -0.28866 -0.020676 -0.29129 0.063786 0.70216 -0.2204 -0.089771 0.29046 -0.86696 0.74243 0.57275 -0.14929 -0.73445 -0.21592 -1.772 0.17907 -0.36801 -0.17197 -1.1736 -0.55531 -0.59886 0.2586 -0.55728 -0.088817 0.21041 0.46815 0.079753 -0.35043 0.69074 -0.058652
getUnboundParameters	
length	-0.39345 0.14751 0.115 0.5842 -0.22979 0.12557 0.034881 0.85012 -1.0224 0.37647 0.4142 0.64828 0.53612 -0.091829 0.88211 -0.09227 -0.17771 -0.0095382 0.46393 -0.78129 0.38076 0.26073 -0.40727 -0.027861 1.0929 0.72266 0.16645 -0.46851 0.25301 -0.20281 -0.21155 -0.16052 0.33415 -0.1378 0.26774 0.53922 0.65032 0.43666 0.09264 0.9267 0.55555 -0.8082 -0.020837 0.54307 -0.39997 -0.33437 0.77462 -0.91296 -0.093295 0.65398 0.60355 -0.10966 1.0224 1.5875 -0.10735 -1.9646 -0.14627 -0.47492 1.2636 0.69037 0.12818 0.55123 -0.085575 0.19535 1.2906 0.5853 -0.13847 -0.086656 0.37725 0.034639 -0.030018 0.6359 0.91748 0.51956 1.0847 -0.027481 -0.57533 -0.27663 0.46083 -0.27902 -0.44093 -0.34366 -0.094047 -0.42573 -1.201 0.058523 0.14049 -0.89629 0.35035 0.78896 -0.64621 0.23352 -0.66019 -0.85192 0.15518 -0.20148 -0.56911 -0.52954 1.1626 -0.075618
guessParametersErrors	
dissadvantage	
bug	-0.42404 -0.11038 0.94873 -0.71327 -0.19712 0.077077 0.96163 -0.35674 0.8292 -0.3676 0.15004 0.62746 0.091752 0.11142 -0.015791 0.84124 0.24467 0.023366 0.54286 -0.068057 -0.87995 -0.59202 0.18641 0.50787 0.55458 0.48448 -0.42383 0.22249 -0.8823 -0.041186 -0.049256 0.31483 0.25182 0.10876 0.45824 -0.12085 -0.96037 -0.69492 0.93473 -0.31937 -0.31673 0.24099 -0.3822 -0.72243 0.18017 0.62991 0.0030923 -0.36699 -0.21576 -0.1654 -0.55928 0.11278 -0.62944 0.56955 -0.59166 -0.92922 0.044769 0.32981 0.697 -0.13983 0.40377 1.7035 -0.68531 0.49846 0.29719 0.27865 -0.18668 -0.93605 0.66117 0.01478 -0.30582 -0.4491 -0.44983 -0.39544 -0.37577 -0.18869 0.06883 -0.04811 -0.33131 1.0204 0.32457 -0.88047 0.018825 -0.303 -0.88685 0.35682 -0.3993 -0.10512 -0.86557 0.37554 0.48771 -0.28133 0.12722 -0.56959 0.33936 0.40162 0.1109 -0.20506 0.18093 -0.23185
returned	0.091824 -0.66875 -0.33201 -0.30765 0.17925 0.24183 0.38521 0.35221 -0.11683 0.18667 0.29597 0.13102 0.51048 0.35433 0.011397 -0.68917 0.72446 0.050447 -0.28962 -0.074493 0.48935 0.15051 0.43236 0.34681 0.16785 -0.279 -0.32974 -0.25639 1.1619 0.16182 -0.17146 0.23799 -0.30154 0.19893 -0.07509 0.34037 -0.23292 0.41266 -0.52076 -0.39695 -1.1748 -0.6088 0.45955 -0.40141 0.61409 0.18387 -0.052992 -0.2398 0.9734 -0.66996 -0.085477 -0.091624 0.48528 0.66907 -0.019396 -1.9973 -0.5882 -0.98432 1.0437 0.9879 -0.012833 0.75424 -0.55102 -0.052503 0.14832 -0.07889 -0.14944 -0.080665 -0.40842 0.76443 -0.21419 -0.10433 -0.21634 -0.22035 -0.046585 0.2278 -0.52279 0.32485 -0.71307 -0.091221 0.18426 0.59819 -0.15232 0.049253 -0.6532 -0.20548 0.44327 -0.24964 -0.52837 -0.38004 -0.47405 -0.67011 0.52118 0.53402 -1.0343 0.12732 -0.054351 0.9674 0.054391 -0.26828
user	-0.53907 0.033098 0.52285 0.026693 0.61981 0.52334 -0.40875 -0.030037 0.78697 0.029269 0.20407 -0.39216 0.12381 -1.2211 0.42551 0.55187 0.35793 0.51613 -0.17932 0.38599 -0.88919 -0.74184 -0.082802 0.17513 0.041756 -0.63514 -0.026689 0.13022 -0.16057 -0.28817 0.1906 1.7854 -0.3682 -0.1381 1.1881 0.2389 -0.558 -0.37028 0.45427 -0.32379 0.14587 -0.034054 0.2225 0.13439 -0.35842 0.39816 -0.5233 -0.48453 0.40235 -0.028133 0.72899 0.46269 -0.1086 0.46951 0.2599 -0.99482 -0.12163 -0.6089 1.9743 0.028185 0.10136 0.17887 -0.24697 0.30358 0.82272 0.0463 0.52727 -0.92163 0.82443 -0.051295 -0.2712 0.37301 0.68107 -0.6095 0.20592 0.16469 -0.096514 -0.72638 0.0039317 -0.32222 0.32087 -0.31803 -1.0121 0.02379 -1.7207 0.33977 0.46771 -0.36459 -0.0050145 -0.14975 -0.17153 1.2254 0.49077 -0.53566 0.85129 0.027093 -0.01747 -0.87803 0.53809 -0.29624
array	-0.65781 0.92986 0.057983 0.3296 0.62332 0.13687 -0.3663 0.23781 -0.54342 0.50936 0.22343 -0.62014 -0.37853 -0.53848 0.8086 0.37347 -0.28596 0.60848 0.26758 -0.27611 -0.72779 -0.43245 0.13826 -0.83019 0.25466 -0.18956 0.35039 0.75198 -0.76607 -0.39967 0.09454 0.24471 -0.23858 -0.03379 0.32776 -0.16759 0.032184 -0.3649 0.045433 -0.016532 0.15469 -0.39674 0.066198 0.05242 -0.23711 -0.15536 -0.11225 0.65803 0.22217 0.43899 0.35539 0.13995 0.30664 0.2611 0.57117 -0.99658 0.6001 -0.029741 1.5432 0.13286 -0.27899 0.62402 0.33851 0.27839 0.79505 -0.64937 0.065556 -0.39553 0.45158 0.30551 0.20932 0.13018 -0.045057 0.072105 -0.028651 -0.3302 -0.37806 -0.13023 0.16409 0.1162 1.6424 -0.28674 0.13866 -0.25707 -1.0316 0.058305 0.428 0.29183 -0.36204 -0.11524 -0.38131 0.42185 -0.15097 -0.4195 -0.44506 -0.25329 -0.69365 -0.91731 1.2022 0.26943
smaller	-0.5253 0.97488 -0.35929 0.10995 -0.048095 -0.10164 -0.30627 0.06214 0.37281 0.1408 0.047467 -0.25678 0.088322 0.00058495 0.084093 -0.4282 -0.47754 0.069634 0.75993 0.42454 0.43548 0.065247 -0.043526 -0.080003 0.18929 -0.72532 -0.40788 -0.36779 -0.28161 0.51709 0.70806 -0.13284 0.025731 -0.77946 1.166 0.4407 1.1064 -0.1253 -0.31686 -0.13892 0.065409 -0.73491 -0.24915 0.039187 -0.11877 0.13853 0.32195 0.52201 -0.0063868 0.26456 -0.21443 -0.02454 0.08135 0.40159 0.14176 -1.9657 0.082622 -0.13162 1.9279 0.50641 -0.40037 0.79423 0.17303 1.2283 0.51641 0.0078641 -0.26035 0.16174 1.0015 0.1214 0.22627 -0.40998 -0.038641 -0.092789 0.17148 -0.33081 -0.086741 -0.36775 -0.26149 0.67469 0.31577 -0.12026 -0.58362 -0.051436 -1.2611 -0.23725 0.56814 -0.4195 0.18427 0.10451 -0.083223 -0.12013 -0.35517 -0.60152 -1.262 -0.10844 -0.5855 0.31562 1.1982 -0.083823
size	-0.56035 0.55658 0.95676 0.70914 -1.0552 0.10844 0.26504 0.36907 0.068879 0.99111 -0.10072 -0.40069 0.10306 -0.5332 0.38237 -0.08208 -0.16059 0.53366 0.26497 0.00057314 -0.50154 0.0020162 -0.13175 -0.093778 1.1265 -0.01517 -0.28181 -0.40447 -0.2545 -0.25905 0.8964 0.038213 0.30459 -0.11155 0.45539 0.40913 0.5939 0.44841 -0.036016 -0.22293 0.43277 -1.4979 -0.36368 -0.16828 -0.65886 0.23878 0.29192 0.19331 -0.19052 -0.43262 0.1596 -0.3746 0.5576 1.2111 -0.36284 -1.8133 -0.24905 -0.75982 1.9317 0.60457 -0.11275 0.56502 -0.1087 0.98222 1.1296 -0.28821 -0.45253 -0.15874 0.94276 0.37085 0.67496 -0.14078 0.22416 0.15605 0.41589 0.31221 -0.17376 -0.66382 -0.04903 1.1529 0.089258 -0.069315 -0.11059 -0.54917 -0.68288 -0.54551 0.47669 -1.1698 -0.048957 0.18729 -0.25513 0.37496 0.40128 -0.7942 -0.79015 -0.61098 -0.57533 -1.0084 1.2093 -0.33322
number	-0.45491 0.70878 0.052253 0.43452 0.49128 0.26042 -0.09712 0.0068731 0.039583 0.020627 0.39695 -0.12315 0.45283 0.070128 0.3735 -0.1067 -0.018949 0.41535 -0.084856 0.50866 0.87814 -0.3561 0.17487 0.11043 -0.013347 -0.93837 1.134 -0.48278 0.25784 -0.21401 0.07738 0.16889 0.18686 0.095164 0.00041873 0.18117 -0.47591 0.23026 -0.42482 -0.073454 -0.36366 -0.20183 0.21305 0.19168 0.6503 -0.25375 -0.083304 -0.47567 -0.26261 0.029469 0.048801 -0.27775 -0.21443 1.0527 -0.12616 -2.0923 0.23163 -0.22628 1.6792 1.1899 -0.29056 0.39359 -0.038179 0.42282 1.1047 -0.010826 0.091952 0.35868 1.1337 0.15289 -0.24242 -0.10993 -0.20155 0.14546 0.66681 0.32207 0.18396 -0.36868 -0.86877 -0.22897 1.3476 -0.56402 -0.13284 -0.18372 -1.8314 -0.65542 0.21221 -1.0741 -0.32264 0.43934 -0.53892 0.61369 -0.13816 -0.14751 -1.1355 -0.2183 -0.74298 -0.42292 0.58595 -0.42407
parameters	-0.83665 -0.28023 0.21163 0.87488 -0.42413 -0.22329 0.16099 0.14448 -0.69881 0.63446 0.44824 -0.19972 0.20229 -0.2986 0.54485 -0.15078 -0.22632 1.0929 0.056259 -0.4073 -0.52375 -0.99538 0.1172 -0.18189 -0.19771 -0.40512 0.21077 -0.086077 -0.61949 -0.38151 0.30178 0.064345 -0.38853 0.29004 0.54808 0.12949 0.83915 0.11473 -0.064807 -0.67404 -0.11348 -0.28475 0.054298 0.4256 -0.82863 -0.051018 -0.55379 0.081029 -0.95823 0.22216 0.89457 0.22201 0.54195 0.62991 0.55491 -0.27666 0.20711 -0.13865 0.56251 0.94574 -0.19628 0.054093 -0.49826 0.38078 1.1709 0.43749 -0.59445 -0.7313 0.24835 -0.17456 -0.17742 0.15848 0.78622 -0.25879 0.80015 -0.83139 -0.06517 -0.63546 -0.12279 -0.66522 -0.17654 -0.22804 -0.7908 -0.51546 -1.1252 0.95689 0.74684 -0.41141 -0.42671 -0.35842 -1.1255 0.78452 -0.33027 -0.32954 0.28901 0.18131 -0.060517 -0.55801 0.59372 0.4513
Unbound	-0.20422 0.63344 0.58082 -0.5495 0.11715 0.15096 0.3526 0.46544 -0.1642 0.08621 0.19561 0.36733 -0.26186 0.2195 -0.16128 0.54221 0.56167 0.68236 0.45568 -0.61797 -0.32514 -0.5207 0.19784 0.22178 0.33844 0.64077 0.19779 0.19624 0.35376 0.29701 0.52304 0.059987 -0.9348 -0.0042066 -0.050958 0.022502 0.20467 0.21456 -0.30152 -0.22222 -0.50534 0.37372 -0.2113 0.28151 -0.080444 -0.97534 -0.02392 1.036 -0.16166 1.4656 -0.18755 0.43144 0.65339 -0.021424 -0.60373 0.22922 0.93623 -0.17837 -0.28519 -0.3696 -0.24764 -0.14217 -0.59678 0.033184 -0.13012 -0.2173 0.7275 -0.16906 0.18823 -0.62906 0.14395 -0.4353 0.37689 0.26291 -0.18625 0.04946 -0.29982 -0.060079 -0.31794 -0.37648 -0.60123 0.32138 -0.26313 0.64325 0.39635 -0.18207 0.024142 -0.33648 -0.71579 -0.019612 -0.32271 0.53979 0.17497 -0.89874 0.16452 -0.14382 0.40409 0.14296 -0.03389 0.087209
Parameters	-0.83665 -0.28023 0.21163 0.87488 -0.42413 -0.22329 0.16099 0.14448 -0.69881 0.63446 0.44824 -0.19972 0.20229 -0.2986 0.54485 -0.15078 -0.22632 1.0929 0.056259 -0.4073 -0.52375 -0.99538 0.1172 -0.18189 -0.19771 -0.40512 0.21077 -0.086077 -0.61949 -0.38151 0.30178 0.064345 -0.38853 0.29004 0.54808 0.12949 0.83915 0.11473 -0.064807 -0.67404 -0.11348 -0.28475 0.054298 0.4256 -0.82863 -0.051018 -0.55379 0.081029 -0.95823 0.22216 0.89457 0.22201 0.54195 0.62991 0.55491 -0.27666 0.20711 -0.13865 0.56251 0.94574 -0.19628 0.054093 -0.49826 0.38078 1.1709 0.43749 -0.59445 -0.7313 0.24835 -0.17456 -0.17742 0.15848 0.78622 -0.25879 0.80015 -0.83139 -0.06517 -0.63546 -0.12279 -0.66522 -0.17654 -0.22804 -0.7908 -0.51546 -1.1252 0.95689 0.74684 -0.41141 -0.42671 -0.35842 -1.1255 0.78452 -0.33027 -0.32954 0.28901 0.18131 -0.060517 -0.55801 0.59372 0.4513
guess	0.21836 0.18509 0.87531 -0.32468 -1.1215 -0.025622 0.21732 -0.0035074 0.2565 0.045821 0.31812 0.39764 0.3441 -0.38566 0.10871 -0.41908 -0.57202 0.67897 -0.31453 0.61625 0.14998 0.36822 -0.24764 -0.7307 -0.14767 0.25788 -0.043522 -0.57275 0.29819 -0.58088 -0.10919 0.68246 0.58772 -0.28866 0.11559 0.51543 -0.52147 0.34158 0.74247 -0.94061 0.10665 0.30097 -0.21211 -0.70484 -1.1554 -0.38201 0.24623 -0.44155 -0.50293 -1.0382 0.098543 -0.07773 0.27391 0.27367 -0.24166 -1.33 0.06218 0.36121 0.55964 0.22171 -0.085787 0.89481 -0.52597 0.0045457 0.82991 -0.1167 0.3612 0.27222 -0.37384 0.11995 0.0272 0.38223 0.053955 -0.2475 0.050237 0.31099 0.14604 -0.29499 -0.038173 -0.21447 0.17978 -0.11637 -0.80202 -0.39142 -1.1458 -0.57601 -0.26455 -0.3021 -0.48966 -0.14489 -0.00068803 -0.04079 0.37546 -0.4459 -0.32166 0.037693 -0.029376 0.094198 -0.25482 0.66539
Parameters	-0.83665 -0.28023 0.21163 0.87488 -0.42413 -0.22329 0.16099 0.14448 -0.69881 0.63446 0.44824 -0.19972 0.20229 -0.2986 0.54485 -0.15078 -0.22632 1.0929 0.056259 -0.4073 -0.52375 -0.99538 0.1172 -0.18189 -0.19771 -0.40512 0.21077 -0.086077 -0.61949 -0.38151 0.30178 0.064345 -0.38853 0.29004 0.54808 0.12949 0.83915 0.11473 -0.064807 -0.67404 -0.11348 -0.28475 0.054298 0.4256 -0.82863 -0.051018 -0.55379 0.081029 -0.95823 0.22216 0.89457 0.22201 0.54195 0.62991 0.55491 -0.27666 0.20711 -0.13865 0.56251 0.94574 -0.19628 0.054093 -0.49826 0.38078 1.1709 0.43749 -0.59445 -0.7313 0.24835 -0.17456 -0.17742 0.15848 0.78622 -0.25879 0.80015 -0.83139 -0.06517 -0.63546 -0.12279 -0.66522 -0.17654 -0.22804 -0.7908 -0.51546 -1.1252 0.95689 0.74684 -0.41141 -0.42671 -0.35842 -1.1255 0.78452 -0.33027 -0.32954 0.28901 0.18131 -0.060517 -0.55801 0.59372 0.4513
Errors	-0.41443 -0.11068 0.77845 0.62872 -0.45402 0.43471 0.59685 -0.183 -0.49104 0.14698 0.27585 0.4396 -0.57491 0.59805 0.25027 0.64631 -0.54435 0.80399 -0.032028 0.66776 -0.18354 -0.14858 -0.14191 0.75543 0.16699 -0.80936 0.50471 0.19787 0.43751 -0.18111 0.11977 0.50876 0.030813 -0.51387 -0.43749 -0.51814 -0.974 -0.29074 -0.29697 0.40799 -0.073812 0.11202 -0.21535 -0.28957 -0.43165 -0.42471 0.54389 -0.95192 -0.78618 -0.11262 0.79909 -0.06065 -0.93732 0.73397 0.066252 -0.52042 0.41796 0.27722 1.355 1.1741 -1.2561 -0.21912 -0.37824 0.80791 0.0027664 -0.62435 0.38852 -0.62919 -0.038393 0.017398 -1.0896 0.87792 0.17285 -0.075701 0.79903 0.3145 -0.12924 0.63674 -0.30652 0.73899 0.69632 0.095613 -0.68261 0.060902 -2.6238 -0.77543 0.24803 -0.023439 -1.0513 0.099589 -0.99044 -0.041883 -0.62242 -0.16919 0.0034007 -0.014444 -0.13521 -0.75676 -0.49707 0.14841

Alternatively	-0.68137 0.021668 0.075743 0.2229 0.018821 0.52428 0.076735 0.16557 0.47277 -0.13897 -0.17836 0.4985 0.42103 0.21758 0.58077 -0.24933 0.09445 -0.11278 -0.16093 -0.045041 -0.32225 -0.55092 -0.13797 0.18335 0.032155 -0.12608 -0.089032 0.30276 -0.016819 0.18688 0.10168 0.53993 -0.57405 -0.26797 0.46232 0.38567 0.095213 -0.014571 0.11676 -0.17811 0.14537 -0.2482 -0.48735 -0.087128 -0.10328 -0.32617 0.11235 -0.11239 -0.43893 0.15018 -0.014246 -0.12057 0.57765 0.31126 -0.27987 -0.31367 -0.10561 -0.13917 -0.14059 0.30695 -0.30496 0.38781 0.0039187 0.022113 0.65993 -0.28684 0.032732 -0.16349 0.075326 -0.50094 -0.41881 0.029389 0.58941 -0.086461 0.15766 -0.21906 0.21495 -0.25691 -0.15249 -0.40035 -0.23488 -0.69002 -1.0782 -0.29283 -0.61735 0.25477 0.38033 -0.25884 0.41267 -0.064565 -0.76012 0.029646 -0.17034 -0.13731 0.3933 -0.29079 0.10067 -0.3776 0.28625 -0.33287
logic	0.39698 0.3448 0.58263 0.80095 -0.10698 -0.076956 -0.1842 -0.35525 0.058338 0.097395 0.12749 -0.023593 0.19645 0.43102 0.076792 0.68329 -0.38362 1.3077 0.083658 0.29097 -0.18905 -1.0585 0.4397 -0.69843 0.45799 -0.062724 0.51456 -0.18304 -0.37752 0.030053 0.0062735 0.39956 -1.2948 -0.79736 -0.2309 0.62178 0.14286 0.25098 0.8118 -0.82981 -0.4835 -0.027976 -0.043512 -0.30581 -1.3125 -0.66874 0.76224 0.676 -0.29346 -0.3094 0.062713 0.056673 0.37132 0.90751 0.47125 -0.89435 0.58852 0.11678 0.92161 -0.070105 0.34906 -0.53833 -0.22233 -0.099887 0.26223 -0.34113 -0.022716 0.0034973 -0.54497 0.19732 -0.85217 0.4328 0.83278 -0.1706 -0.56631 -0.1849 0.7983 0.057065 -0.33691 0.0041999 0.071781 -0.15222 -1.3366 -0.20132 -1.1893 1.2003 -0.083706 -0.62555 -0.081306 -0.23302 0.043251 0.71123 -0.74623 0.93301 0.51206 -0.3763 0.058634 -1.1302 0.54372 0.83009
code	0.040031 -0.24448 0.73053 -0.78522 0.10176 1.1329 -0.54574 -0.16502 -0.22271 0.26857 -0.0028017 -0.53323 0.23771 -0.013369 -0.31623 0.31315 1.4045 0.3017 -0.3337 0.026709 -0.23063 -0.35121 0.3957 -0.048798 0.20233 -0.42681 0.086992 -0.32299 -0.51931 -0.39928 0.40101 1.0389 0.11716 -0.29213 0.40621 0.34681 -0.21982 -0.99274 0.27808 0.30669 -0.15944 -0.43364 0.10627 0.13963 -0.47956 -0.080051 -0.062879 -0.10151 -0.20968 -0.19341 0.45186 0.61042 -0.064944 0.96259 -0.85312 -1.127 0.15543 -0.13428 2.2155 0.61877 -0.20611 -0.513 -0.68671 -0.048113 0.87501 -0.11171 -0.40812 -0.042767 0.6316 0.14233 -0.23214 0.036219 0.32677 0.13164 0.37036 0.17449 0.12896 0.12132 -0.88154 0.11403 -0.24804 -1.2929 -0.34626 -0.30557 -1.4405 1.2882 0.31974 -1.2983 -0.18529 0.85937 -0.19239 0.83516 -0.56495 0.0085904 0.70475 -0.095823 -0.26036 -0.95226 -0.059152 -0.19183
writes	-1.3044 0.25298 0.11765 -0.55307 0.87857 0.84504 -0.76454 -0.76035 0.032089 -0.89133 0.1641 -0.2889 -0.31545 0.50718 -0.64925 0.20455 0.71121 -0.010557 -0.23208 0.30732 0.26311 0.11254 -0.23996 0.46898 0.34286 0.23518 -0.44308 -1.0558 -0.18998 0.36656 -0.85978 0.93742 0.16524 -0.41444 -0.43044 0.14293 0.24344 0.43525 0.16077 0.15119 -0.87175 0.024627 -0.46781 -0.21229 -0.69529 -0.12198 0.011831 -0.98373 0.29896 -0.18758 1.1171 -0.19731 0.77473 -0.16747 0.13266 -1.0876 0.15988 0.095168 0.43281 0.22882 0.85876 0.65387 -0.21096 -1.311 0.48477 -0.6452 1.4261 -0.25454 -0.4652 0.79218 -0.12798 0.69303 -0.19954 -0.089883 0.47842 -0.37945 0.14886 0.01639 -0.5195 -0.18428 -0.35701 0.066674 -0.21486 -0.41778 -0.56793 -0.21755 0.050479 -1.0921 -0.29907 -0.068142 0.064776 0.11114 1.1791 0.26217 -0.36602 0.68388 -0.046785 -0.59787 0.32664 1.1624
zeros	-0.58887 0.47712 -0.45592 -0.47541 -0.082976 0.26819 -0.89566 -0.95276 -0.52448 -0.10227 0.55763 0.58918 -0.3552 1.5533 0.29593 -0.34294 -0.58449 1.1595 1.1447 0.23718 0.98908 -0.12639 0.018636 0.32739 0.89913 -0.24337 0.56385 0.61707 0.22743 -0.2777 0.81928 -0.22671 0.12949 0.37903 -0.11825 -0.69166 0.030006 -0.17855 -0.13918 -0.4211 0.34098 -0.038155 0.11792 0.61989 -0.85766 0.40771 0.30026 0.38706 -0.62521 0.23646 -0.47341 -0.13626 -0.09707 0.44717 0.0177 0.52123 -0.27784 0.27291 0.81692 0.67602 -0.18931 0.0038442 -0.74427 0.99387 0.49574 0.33425 -0.55069 0.41526 -0.013602 0.047255 -0.4367 -0.072292 0.23486 0.24604 -0.10194 -0.035787 0.33565 -0.043617 0.095876 -0.16382 -0.16522 -0.15352 -0.72875 -0.023149 -0.25212 0.17621 0.22666 0.10832 -0.13831 -0.28787 -0.49475 0.63269 0.23411 -0.29121 -0.48025 -0.35681 -0.014399 -0.28014 -0.74899 0.21467
elements	-0.57973 0.6955 0.41351 0.13622 0.53994 0.37166 -0.28819 -0.69874 -0.17142 1.2184 0.31012 -0.72127 0.13578 0.15318 -0.04452 0.46013 -0.45441 -0.081136 -0.2371 0.072691 0.52936 -1.2816 0.48967 -0.45323 -0.54044 -0.35357 0.64349 0.18451 -0.082862 -0.21552 -0.019909 0.146 -0.95554 -0.55698 0.4753 -0.31684 0.74738 -0.24094 -0.052428 -0.2577 -0.32332 -0.096576 0.078815 0.38102 0.067427 0.070594 -0.59762 0.40598 0.14646 -0.21991 0.41313 0.57315 0.28878 0.83113 0.34371 -1.6805 0.33649 -0.17412 1.3689 0.95343 -0.23538 1.1181 -0.32817 0.31575 1.3854 -0.13451 0.31794 0.065322 0.13167 -0.46318 -0.0077168 -0.39002 -0.068946 0.28773 0.052998 -0.42632 0.16638 0.14746 -0.25781 -0.12861 -0.43695 -0.23919 -0.4433 0.11279 -1.0597 0.91663 -0.13864 0.045301 -0.11467 -0.20777 -0.74575 -0.5745 -0.50333 0.33415 -0.16574 -0.82028 -0.78649 -1.3665 0.50452 0.48324
covariance	-0.23353 -0.081012 -0.19086 0.089697 0.13633 0.38224 -0.040845 1.4474 -0.064773 0.43568 -0.66805 -0.15076 0.69137 -0.71643 0.46339 0.043726 0.53031 1.0565 0.80114 -0.2807 -0.0059458 -0.76481 0.025676 -0.051479 0.044673 -0.032715 1.3902 0.42399 0.17242 -1.2981 -0.22901 0.23544 -0.16934 0.033563 0.46079 -0.23418 1.2957 0.49272 0.45176 -0.49572 0.30712 -0.11108 -0.030871 -0.037851 -0.1567 0.19223 -0.49856 -0.49933 -1.2737 0.045608 1.2463 -0.1619 -0.27795 0.57861 0.057619 0.68633 -0.56689 1.19 0.12626 0.012017 0.043081 -0.77172 -0.1909 0.30429 0.22354 0.44654 -0.19267 -0.37886 0.81435 0.41673 -0.76637 0.71431 0.4319 -0.63644 0.91961 -0.74519 0.91051 -0.40008 0.33501 0.001033 -0.58694 0.30062 -0.40017 -0.37766 -0.45889 0.29879 -0.17783 -0.53172 -0.24696 -0.6731 -0.87304 0.038451 -0.82223 -0.046209 1.0983 -0.6146 0.29173 0.37611 -0.80791 0.060836
matrix	-0.26638 0.44491 0.32743 0.43459 0.10528 0.31703 -0.34503 0.18147 -0.14878 0.84897 0.4721 -1.1558 0.099759 0.062035 0.47041 1.0013 0.018791 1.311 1.3388 -0.50075 0.32534 -0.84829 -0.40882 -0.18405 0.71325 0.03127 1.9998 0.59029 -0.21204 -0.44343 0.68245 0.94438 -0.119 -0.32573 1.083 0.20224 0.9864 0.44538 0.23942 -0.91462 0.32708 0.036551 -0.091388 -0.4554 -0.41849 0.5451 -0.5648 0.12676 -0.29724 0.39565 0.43511 -0.83701 0.10056 0.81198 0.07657 -0.50079 -0.63924 0.25515 0.56498 0.26425 -0.29232 0.2291 -0.23567 0.52685 1.6412 0.22546 0.99099 -0.083019 0.8046 0.14957 -0.18681 0.29335 -0.15312 -0.43332 0.36968 -1.0212 0.046447 -0.061121 -0.30038 -0.32563 -0.34144 0.47618 -0.8345 -0.047333 -0.35806 0.67309 0.66781 -0.92899 -0.13483 -0.27056 -1.1066 0.35388 -0.26355 0.59609 1.1334 -1.1025 0.77682 -0.17267 -0.53726 0.158
bound	-0.10944 -0.11734 0.58566 -0.55371 0.23911 0.28406 -0.12585 0.26579 -0.24155 0.018065 0.03029 0.34664 0.68038 0.72648 -0.4032 -0.15325 0.3317 0.22206 0.17984 -0.48133 0.48382 -0.22985 0.12085 0.031144 0.56324 0.14853 -0.45404 -0.75108 0.66647 0.2085 -0.072734 0.21494 -0.4335 -0.038805 -0.16222 -0.045656 0.62865 0.27185 0.042893 0.022245 -0.57397 -0.84407 0.35489 -0.11669 0.43545 -0.14726 0.31714 0.48179 -0.33073 0.47064 0.10926 0.42035 0.37089 0.72257 -0.065698 -1.0956 -0.3184 -0.10756 2.1303 -0.1591 -0.41998 0.42081 -0.48171 -0.59794 -0.28843 0.11771 -0.21525 0.68867 -0.44802 -0.40367 -0.35488 -1.131 0.71425 0.11207 0.073509 0.095052 0.5812 -0.10694 -0.33753 -0.21888 -0.48985 0.49676 -0.64942 0.2689 -0.87778 -0.70674 0.15019 -0.4388 -0.80314 -0.1624 -0.76311 0.082751 0.091683 -0.78462 -0.30633 0.34396 0.040448 -0.30168 0.29081 -0.054738
parameters	-0.83665 -0.28023 0.21163 0.87488 -0.42413 -0.22329 0.16099 0.14448 -0.69881 0.63446 0.44824 -0.19972 0.20229 -0.2986 0.54485 -0.15078 -0.22632 1.0929 0.056259 -0.4073 -0.52375 -0.99538 0.1172 -0.18189 -0.19771 -0.40512 0.21077 -0.086077 -0.61949 -0.38151 0.30178 0.064345 -0.38853 0.29004 0.54808 0.12949 0.83915 0.11473 -0.064807 -0.67404 -0.11348 -0.28475 0.054298 0.4256 -0.82863 -0.051018 -0.55379 0.081029 -0.95823 0.22216 0.89457 0.22201 0.54195 0.62991 0.55491 -0.27666 0.20711 -0.13865 0.56251 0.94574 -0.19628 0.054093 -0.49826 0.38078 1.1709 0.43749 -0.59445 -0.7313 0.24835 -0.17456 -0.17742 0.15848 0.78622 -0.25879 0.80015 -0.83139 -0.06517 -0.63546 -0.12279 -0.66522 -0.17654 -0.22804 -0.7908 -0.51546 -1.1252 0.95689 0.74684 -0.41141 -0.42671 -0.35842 -1.1255 0.78452 -0.33027 -0.32954 0.28901 0.18131 -0.060517 -0.55801 0.59372 0.4513

