FastMath	
max	0.33565 0.12465 0.20992 -0.086777 0.21934 -0.68033 0.061912 0.24192 -0.54262 -0.57274 0.26555 -0.14648 -1.0335 -0.16845 -0.074589 0.1714 0.68265 -0.11963 -0.49841 0.019034 0.24599 0.14635 0.89767 0.18017 0.28998 0.15991 0.18196 -0.33097 0.67532 0.595 -0.34499 0.67752 -0.39294 0.16358 -0.49008 0.28333 0.11334 0.025012 0.19719 0.24081 0.28687 -0.16212 -0.14631 0.059077 -1.0204 0.1693 -0.3522 -0.061396 0.32891 0.89924 0.42846 -0.059807 -0.37297 0.4329 0.35922 -1.8269 -0.42954 0.94145 -0.30023 0.28432 1.0934 0.29719 -0.66702 0.37195 1.3223 -0.1351 0.45743 0.85868 0.79297 0.45994 0.16244 -0.85051 -0.48492 0.17117 0.26897 0.39759 0.72053 -0.90713 0.27388 0.20514 -0.002243 -0.13619 -0.37674 -0.52834 -0.58256 0.22823 -0.29786 -0.25706 -0.2076 -0.4404 0.563 -0.10467 0.68584 0.6947 0.10906 -0.23994 0.0041504 -0.096644 0.26211 -0.80438
Fast	-0.29428 0.25787 0.011717 -0.17985 -0.36054 -0.24693 -0.46744 -0.074908 -0.59788 0.023629 0.24543 -0.24263 -0.15302 -0.32632 0.27063 -0.41692 -0.53232 0.067077 -0.11251 0.25403 0.87933 0.60451 0.26375 -0.66206 0.36511 1.1593 -0.80014 -0.54176 -0.46005 0.60518 -0.60287 0.57486 -0.14712 -0.69648 0.65833 -0.018851 -0.083176 -0.23039 -0.093874 0.057157 -0.21744 0.13993 0.13621 -0.27003 0.21129 0.014057 0.33412 -0.051747 0.95018 -0.95344 0.16066 0.28266 0.0040011 0.63946 0.40329 -2.0304 -0.71399 0.99484 1.8929 0.055106 -0.43624 0.21601 0.16858 0.11695 0.54723 0.52183 -0.016353 -0.001128 0.62834 -0.2157 0.032744 -0.13322 0.12737 -0.33746 0.59192 -0.10416 -0.48434 -0.25466 0.46166 -0.5278 0.70844 -0.17581 -0.76447 0.42097 -1.1805 -0.16835 0.32361 -0.58442 -0.69939 -0.21042 0.21826 0.71773 -0.26079 -0.26494 -0.45767 -0.51785 0.21204 -0.14329 0.44774 0.38847
Math	0.15734 1.257 0.60331 0.50044 -0.82824 0.11006 0.12216 -0.18235 -0.25037 1.6259 0.21748 -1.0867 -0.47452 -0.098961 -0.37746 0.073246 -0.023446 0.99699 -0.25388 0.75971 -0.65526 -0.28404 0.60163 -0.021639 -0.56963 -0.90914 -0.51 -0.54366 -0.42035 -0.4662 -0.78386 0.46748 -0.30662 -0.30034 -0.14636 0.19633 -1.3988 -0.04512 0.5195 0.38131 -0.57313 0.60068 -0.95901 -0.71151 -0.63201 0.24312 0.016162 -0.015358 -0.39189 -0.067402 -0.42879 -0.5833 -0.43894 0.44133 -0.33234 -1.1747 0.66391 -0.089269 0.48889 0.093464 0.15706 0.26854 -0.51152 -0.25011 -0.49045 0.58264 0.78832 0.096092 0.46904 0.77098 -0.095119 0.95805 0.53733 0.20741 -0.9359 1.3078 -0.58077 0.21764 -0.17439 -0.66605 -0.13381 0.29631 -0.49327 -1.4127 -1.687 0.67278 -0.39849 -1.1623 0.084772 0.1559 -0.81095 0.47562 -0.35047 0.99207 -0.12087 -0.019675 0.26124 -0.75364 0.044015 0.21041

FastMath	
max	0.33565 0.12465 0.20992 -0.086777 0.21934 -0.68033 0.061912 0.24192 -0.54262 -0.57274 0.26555 -0.14648 -1.0335 -0.16845 -0.074589 0.1714 0.68265 -0.11963 -0.49841 0.019034 0.24599 0.14635 0.89767 0.18017 0.28998 0.15991 0.18196 -0.33097 0.67532 0.595 -0.34499 0.67752 -0.39294 0.16358 -0.49008 0.28333 0.11334 0.025012 0.19719 0.24081 0.28687 -0.16212 -0.14631 0.059077 -1.0204 0.1693 -0.3522 -0.061396 0.32891 0.89924 0.42846 -0.059807 -0.37297 0.4329 0.35922 -1.8269 -0.42954 0.94145 -0.30023 0.28432 1.0934 0.29719 -0.66702 0.37195 1.3223 -0.1351 0.45743 0.85868 0.79297 0.45994 0.16244 -0.85051 -0.48492 0.17117 0.26897 0.39759 0.72053 -0.90713 0.27388 0.20514 -0.002243 -0.13619 -0.37674 -0.52834 -0.58256 0.22823 -0.29786 -0.25706 -0.2076 -0.4404 0.563 -0.10467 0.68584 0.6947 0.10906 -0.23994 0.0041504 -0.096644 0.26211 -0.80438
Fast	-0.29428 0.25787 0.011717 -0.17985 -0.36054 -0.24693 -0.46744 -0.074908 -0.59788 0.023629 0.24543 -0.24263 -0.15302 -0.32632 0.27063 -0.41692 -0.53232 0.067077 -0.11251 0.25403 0.87933 0.60451 0.26375 -0.66206 0.36511 1.1593 -0.80014 -0.54176 -0.46005 0.60518 -0.60287 0.57486 -0.14712 -0.69648 0.65833 -0.018851 -0.083176 -0.23039 -0.093874 0.057157 -0.21744 0.13993 0.13621 -0.27003 0.21129 0.014057 0.33412 -0.051747 0.95018 -0.95344 0.16066 0.28266 0.0040011 0.63946 0.40329 -2.0304 -0.71399 0.99484 1.8929 0.055106 -0.43624 0.21601 0.16858 0.11695 0.54723 0.52183 -0.016353 -0.001128 0.62834 -0.2157 0.032744 -0.13322 0.12737 -0.33746 0.59192 -0.10416 -0.48434 -0.25466 0.46166 -0.5278 0.70844 -0.17581 -0.76447 0.42097 -1.1805 -0.16835 0.32361 -0.58442 -0.69939 -0.21042 0.21826 0.71773 -0.26079 -0.26494 -0.45767 -0.51785 0.21204 -0.14329 0.44774 0.38847
Math	0.15734 1.257 0.60331 0.50044 -0.82824 0.11006 0.12216 -0.18235 -0.25037 1.6259 0.21748 -1.0867 -0.47452 -0.098961 -0.37746 0.073246 -0.023446 0.99699 -0.25388 0.75971 -0.65526 -0.28404 0.60163 -0.021639 -0.56963 -0.90914 -0.51 -0.54366 -0.42035 -0.4662 -0.78386 0.46748 -0.30662 -0.30034 -0.14636 0.19633 -1.3988 -0.04512 0.5195 0.38131 -0.57313 0.60068 -0.95901 -0.71151 -0.63201 0.24312 0.016162 -0.015358 -0.39189 -0.067402 -0.42879 -0.5833 -0.43894 0.44133 -0.33234 -1.1747 0.66391 -0.089269 0.48889 0.093464 0.15706 0.26854 -0.51152 -0.25011 -0.49045 0.58264 0.78832 0.096092 0.46904 0.77098 -0.095119 0.95805 0.53733 0.20741 -0.9359 1.3078 -0.58077 0.21764 -0.17439 -0.66605 -0.13381 0.29631 -0.49327 -1.4127 -1.687 0.67278 -0.39849 -1.1623 0.084772 0.1559 -0.81095 0.47562 -0.35047 0.99207 -0.12087 -0.019675 0.26124 -0.75364 0.044015 0.21041

wrong	0.29976 0.096764 0.78986 -0.29726 -0.83994 0.12198 -0.22968 0.11562 0.54558 0.08816 0.29916 0.61139 0.065818 0.016323 0.076039 0.11764 -0.4941 0.30019 -0.50541 0.48323 0.75858 0.3074 0.17119 -0.79183 -0.39111 0.36388 -0.28968 -0.3329 0.13149 0.018273 0.54316 0.74766 0.34077 -0.19567 -0.28023 0.25138 -0.97814 0.032817 0.2556 -0.49649 -0.71281 0.42679 0.032038 -0.521 -1.0339 -0.40718 0.13885 0.30654 -1.0586 -0.89805 0.96808 0.1891 0.045624 0.70073 -0.52195 -1.9921 0.35914 0.62048 1.4776 -0.18456 -0.057311 0.68488 -0.15894 -0.0077764 0.56207 -0.40786 0.25042 0.24086 -0.82292 -0.068123 -0.33161 -0.092879 0.21996 -0.30731 0.58824 -0.09236 0.10411 0.27774 -0.43211 0.041362 0.13665 0.25971 -0.97938 -0.4664 -1.5725 -0.59968 0.018044 0.023086 -0.61087 -0.66244 -0.75826 0.04741 0.37288 -0.010702 0.031318 -0.044713 -0.36382 -0.14839 -0.19055 0.14488
variable	-1.3258 0.39068 0.23049 1.1109 -0.12389 0.35159 0.3779 0.6075 -1.122 -0.24327 -0.44216 0.20106 0.38253 -0.18834 0.78133 -0.14808 -0.36326 0.13361 1.5816 0.17497 -0.51457 -0.33115 -0.4905 0.58811 0.7866 -0.10983 0.071208 0.22163 -0.50065 0.27267 0.98769 0.44204 -0.59691 -0.197 -0.010864 -0.2615 0.50665 0.28944 0.52517 -0.64376 0.82821 -0.39556 -0.04843 0.12664 -0.17416 0.049368 0.18623 0.07373 -0.34326 -0.27919 -0.035425 0.45897 0.38921 0.80499 0.74626 -0.58957 0.52205 0.051535 1.0095 0.29094 0.0044308 -0.28365 -0.62727 0.25407 1.5695 -0.083718 -0.31323 -0.59434 0.79409 -0.047106 -0.86066 -0.87397 0.58795 0.23966 0.95793 -0.77157 0.16417 -1.0163 -0.48132 -0.88442 0.28428 -0.3948 -0.94215 -1.2824 -0.026794 0.50323 0.88475 -0.5438 -0.2092 -0.45496 -1.2686 0.80289 0.20327 -0.64048 0.094585 0.58367 -0.38113 -0.74286 0.72191 -0.16359
returned	0.091824 -0.66875 -0.33201 -0.30765 0.17925 0.24183 0.38521 0.35221 -0.11683 0.18667 0.29597 0.13102 0.51048 0.35433 0.011397 -0.68917 0.72446 0.050447 -0.28962 -0.074493 0.48935 0.15051 0.43236 0.34681 0.16785 -0.279 -0.32974 -0.25639 1.1619 0.16182 -0.17146 0.23799 -0.30154 0.19893 -0.07509 0.34037 -0.23292 0.41266 -0.52076 -0.39695 -1.1748 -0.6088 0.45955 -0.40141 0.61409 0.18387 -0.052992 -0.2398 0.9734 -0.66996 -0.085477 -0.091624 0.48528 0.66907 -0.019396 -1.9973 -0.5882 -0.98432 1.0437 0.9879 -0.012833 0.75424 -0.55102 -0.052503 0.14832 -0.07889 -0.14944 -0.080665 -0.40842 0.76443 -0.21419 -0.10433 -0.21634 -0.22035 -0.046585 0.2278 -0.52279 0.32485 -0.71307 -0.091221 0.18426 0.59819 -0.15232 0.049253 -0.6532 -0.20548 0.44327 -0.24964 -0.52837 -0.38004 -0.47405 -0.67011 0.52118 0.53402 -1.0343 0.12732 -0.054351 0.9674 0.054391 -0.26828

bug	-0.42404 -0.11038 0.94873 -0.71327 -0.19712 0.077077 0.96163 -0.35674 0.8292 -0.3676 0.15004 0.62746 0.091752 0.11142 -0.015791 0.84124 0.24467 0.023366 0.54286 -0.068057 -0.87995 -0.59202 0.18641 0.50787 0.55458 0.48448 -0.42383 0.22249 -0.8823 -0.041186 -0.049256 0.31483 0.25182 0.10876 0.45824 -0.12085 -0.96037 -0.69492 0.93473 -0.31937 -0.31673 0.24099 -0.3822 -0.72243 0.18017 0.62991 0.0030923 -0.36699 -0.21576 -0.1654 -0.55928 0.11278 -0.62944 0.56955 -0.59166 -0.92922 0.044769 0.32981 0.697 -0.13983 0.40377 1.7035 -0.68531 0.49846 0.29719 0.27865 -0.18668 -0.93605 0.66117 0.01478 -0.30582 -0.4491 -0.44983 -0.39544 -0.37577 -0.18869 0.06883 -0.04811 -0.33131 1.0204 0.32457 -0.88047 0.018825 -0.303 -0.88685 0.35682 -0.3993 -0.10512 -0.86557 0.37554 0.48771 -0.28133 0.12722 -0.56959 0.33936 0.40162 0.1109 -0.20506 0.18093 -0.23185
detected	-0.0016841 -0.1243 0.48335 0.20875 -0.5446 -0.40638 0.85665 0.18212 0.65264 0.2833 -0.21582 0.38496 0.80138 0.27115 0.8174 -0.0096139 0.022275 0.12296 0.25965 -0.55418 0.2518 0.36219 -0.19307 -0.10511 -0.52439 0.21739 0.74431 0.66754 0.16466 0.29089 0.41188 -0.015903 -0.0017779 0.72788 0.62411 -0.45096 0.10922 -0.28734 -0.0036553 -0.074386 -0.71788 -0.10065 -0.53667 0.021004 0.43637 0.51396 0.52185 -0.0059087 0.031574 -0.7836 1.181 0.22192 -0.11842 0.48915 -0.58892 -0.65226 -0.61369 0.16698 0.84572 0.51551 -0.14081 1.3852 0.44849 0.8123 0.26461 1.0353 -0.26459 -0.66022 0.74183 0.36263 -0.066932 -0.31228 0.42365 0.45609 0.37593 -0.21491 0.22709 -0.60879 -0.91122 0.36427 0.63897 -0.28005 -0.62924 0.065086 -0.9423 -0.30482 1.5884 0.59973 -0.82726 0.1911 -0.2759 0.080374 -0.43531 0.099983 -0.087046 0.61362 -0.8233 -0.72032 -0.56121 -1.0351
test	-0.58342 0.48631 0.7423 0.17875 -1.5873 -0.37499 0.37902 0.70767 -1.5402 0.74851 -0.0069018 -0.44981 -0.11125 0.17395 0.26005 0.27065 0.78731 0.84877 -0.099277 0.017688 0.44389 -0.873 0.4964 -0.1843 0.24894 0.24073 0.08446 0.070786 -0.23216 0.26685 -0.23519 0.45211 -0.39982 0.24936 0.73548 -0.072352 -0.81008 -0.15256 -1.0313 0.23067 -1.1634 0.20387 0.42369 -1.0589 0.29905 0.20036 0.63371 -0.57507 -0.4373 -0.55908 0.50811 0.32673 -0.4371 1.0702 -0.10418 -2.4432 -1.0739 0.10881 1.5446 -0.15633 -0.37779 0.15111 0.58397 0.5498 0.23775 0.8869 -0.1022 -0.041313 -0.19496 -0.1376 -0.00013191 0.6949 0.06623 -0.25647 -0.10539 0.5695 0.17414 -0.59899 -0.86757 -0.31254 0.5456 -0.092359 -0.12294 -0.19419 -1.9168 -0.044395 0.68561 0.2003 -0.37791 0.67436 -0.77218 0.49596 0.005819 0.53833 0.33367 0.97822 0.31984 -0.12619 -0.017724 0.18389
case	0.41052 0.058649 0.28515 -0.099504 0.076813 0.15387 0.36206 -0.10112 0.093865 -0.23309 -0.13663 0.54577 0.0138 0.38415 -0.39695 0.16228 0.099602 0.24988 -0.33659 0.039019 0.33905 -0.66241 0.37472 0.21631 0.16886 0.18165 0.55425 -0.6101 -0.85227 0.36984 0.6891 0.45316 0.082091 0.10839 -0.24239 0.15888 0.11656 -0.060652 0.57618 -0.3042 -0.65261 -0.38063 0.58332 -1.0504 -0.095388 0.014547 0.59942 -0.55361 0.17132 -0.69451 0.99215 -0.39131 0.31876 1.1508 -0.57279 -1.8148 -0.39404 -0.5783 1.9226 0.59717 -0.76435 0.59466 0.28298 -0.25469 1.4569 -0.41196 0.43957 0.74745 -0.67474 0.43792 -0.0045149 -0.03932 -0.03232 0.18805 0.73553 0.14875 -0.066224 -0.56274 -0.92785 0.22184 0.81973 0.0065571 -0.046961 -0.31358 -1.5983 -0.52369 -0.016562 0.094486 -0.15641 -0.66476 -0.14292 -0.47557 -0.44785 0.10048 1.1182 0.54136 -0.030505 -0.37898 0.33021 -0.27462
testMinMaxFloat	
bug	-0.42404 -0.11038 0.94873 -0.71327 -0.19712 0.077077 0.96163 -0.35674 0.8292 -0.3676 0.15004 0.62746 0.091752 0.11142 -0.015791 0.84124 0.24467 0.023366 0.54286 -0.068057 -0.87995 -0.59202 0.18641 0.50787 0.55458 0.48448 -0.42383 0.22249 -0.8823 -0.041186 -0.049256 0.31483 0.25182 0.10876 0.45824 -0.12085 -0.96037 -0.69492 0.93473 -0.31937 -0.31673 0.24099 -0.3822 -0.72243 0.18017 0.62991 0.0030923 -0.36699 -0.21576 -0.1654 -0.55928 0.11278 -0.62944 0.56955 -0.59166 -0.92922 0.044769 0.32981 0.697 -0.13983 0.40377 1.7035 -0.68531 0.49846 0.29719 0.27865 -0.18668 -0.93605 0.66117 0.01478 -0.30582 -0.4491 -0.44983 -0.39544 -0.37577 -0.18869 0.06883 -0.04811 -0.33131 1.0204 0.32457 -0.88047 0.018825 -0.303 -0.88685 0.35682 -0.3993 -0.10512 -0.86557 0.37554 0.48771 -0.28133 0.12722 -0.56959 0.33936 0.40162 0.1109 -0.20506 0.18093 -0.23185
tests	-0.37906 0.32433 0.21559 0.10914 -1.4685 -0.38792 0.35252 0.93983 -1.3256 0.75604 -0.049175 -0.13989 0.18782 0.69897 0.32758 0.402 0.24233 0.91387 -0.29767 0.14447 0.15447 -0.28095 0.11191 -0.092958 -0.32542 0.081207 0.01346 -0.3358 -0.37062 0.32077 -0.17917 0.06165 -0.78 0.23922 0.82362 0.16467 -0.27358 -0.41899 -1.4241 0.35495 -1.0919 0.10067 -0.091429 -0.78299 -0.094842 0.31715 0.55517 -0.78317 -0.55538 -0.5091 0.72589 0.042896 -0.35815 0.86922 -0.087776 -1.5139 -1.0458 -0.19528 1.2784 0.18363 -0.31651 0.62153 0.79919 0.42065 0.22551 1.1927 -0.22155 -0.18781 0.16301 0.033726 -0.12723 0.61968 0.24009 0.25306 -0.031486 0.60423 0.11976 -0.2717 -1.1865 -0.45172 0.9437 -0.13707 -0.22812 -0.055562 -2.1165 0.034045 0.85824 0.39473 -0.84621 0.67665 -0.77233 0.2391 0.064901 0.60682 0.11541 1.2251 -0.14338 -0.28247 -0.13127 -0.19051
doubles	-0.27815 0.80678 0.78058 0.54119 0.36621 0.3771 0.31487 0.36898 -0.6555 0.38659 0.90934 -0.035575 0.12467 0.44562 -0.43507 0.20204 -0.6622 0.40094 -0.73029 0.21136 0.85074 0.051918 0.75502 1.8312 0.030256 0.25256 0.83101 -0.93023 0.72469 -0.29912 -1.027 0.53659 -0.24188 -0.49231 0.68037 -0.2005 -1.0634 0.668 -1.0545 -0.09889 1.314 -0.64171 -0.023223 -0.63942 0.62216 -0.28305 -0.14029 -0.97896 0.075693 -0.71703 -1.1287 -0.24735 -0.15082 0.57046 0.79095 -1.3894 0.27936 0.56805 0.11334 1.3536 -0.77532 -0.43949 0.48254 0.72449 -0.55783 -0.58257 0.12855 0.64196 -0.03052 -0.35945 -0.58281 -0.02268 -0.16696 -0.14511 0.32923 0.5112 -0.15324 -0.72478 0.52616 -0.2201 0.51549 0.096419 0.64292 -0.38582 -0.43359 -0.52803 -0.34598 0.019407 -0.14925 0.40549 0.2923 0.1483 0.41879 0.44393 0.071539 0.037796 -0.29214 -0.24365 0.50623 -0.0015942
floats	-0.29605 0.89097 -0.33944 -0.73383 0.62648 0.58355 -0.31506 0.50214 -0.34901 0.093863 0.10763 0.393 -0.088881 -0.32284 0.58951 -0.22585 -0.032845 0.61341 0.63373 -0.50205 0.11685 -0.066443 0.48717 -0.38581 0.28604 0.083955 -1.1641 0.46822 0.062191 -0.52913 -0.38986 -0.024906 -0.23288 0.33793 0.16877 0.12429 0.95057 -0.37665 -0.15456 -0.63972 0.47595 -0.13639 -0.11057 0.27487 0.0099815 0.12484 -0.99865 0.11998 -0.16749 -0.21576 -0.15095 0.074213 0.75081 0.69049 -0.47483 -0.35275 0.24359 0.53453 0.49875 0.58008 -0.3428 0.93619 0.53217 1.1069 -0.80933 0.4681 -0.055854 -0.55477 0.23763 -0.62219 0.80365 -1.0834 -0.17512 0.38402 0.25317 -0.40534 0.56705 -0.17018 0.26612 -0.26333 -0.50014 -0.16697 0.41499 -0.026644 -0.04071 -0.58255 -0.21125 -0.42957 0.39813 -0.063862 -0.63481 -0.23888 -0.73485 -0.59767 -0.21481 -0.67102 -0.81176 -0.046612 0.24531 0.44616
test	-0.58342 0.48631 0.7423 0.17875 -1.5873 -0.37499 0.37902 0.70767 -1.5402 0.74851 -0.0069018 -0.44981 -0.11125 0.17395 0.26005 0.27065 0.78731 0.84877 -0.099277 0.017688 0.44389 -0.873 0.4964 -0.1843 0.24894 0.24073 0.08446 0.070786 -0.23216 0.26685 -0.23519 0.45211 -0.39982 0.24936 0.73548 -0.072352 -0.81008 -0.15256 -1.0313 0.23067 -1.1634 0.20387 0.42369 -1.0589 0.29905 0.20036 0.63371 -0.57507 -0.4373 -0.55908 0.50811 0.32673 -0.4371 1.0702 -0.10418 -2.4432 -1.0739 0.10881 1.5446 -0.15633 -0.37779 0.15111 0.58397 0.5498 0.23775 0.8869 -0.1022 -0.041313 -0.19496 -0.1376 -0.00013191 0.6949 0.06623 -0.25647 -0.10539 0.5695 0.17414 -0.59899 -0.86757 -0.31254 0.5456 -0.092359 -0.12294 -0.19419 -1.9168 -0.044395 0.68561 0.2003 -0.37791 0.67436 -0.77218 0.49596 0.005819 0.53833 0.33367 0.97822 0.31984 -0.12619 -0.017724 0.18389
Min	-0.92565 -0.42908 0.39846 -0.0019327 0.12858 0.21589 -0.18895 -0.080343 -0.13173 -0.051659 0.71618 0.79743 0.090536 -0.18066 0.48203 -0.038357 0.098337 -0.76183 -0.77107 -0.55235 0.94741 1.0446 -0.034674 0.81783 -0.27713 1.0339 0.20285 0.10788 0.32536 0.15665 -0.90879 0.72331 0.2279 -0.12833 -0.44131 -0.32128 0.36429 1.0612 -0.8667 -0.10731 -0.24815 -0.31346 -0.68205 -0.23156 0.39259 -0.59835 -0.45348 -0.73787 0.43308 0.27343 -0.65453 -1.0814 0.42562 0.48339 0.13666 -0.10473 -0.39908 0.22518 -0.035084 -0.10761 -0.89762 -0.70856 -0.43644 0.1806 -0.31052 0.6221 0.94989 0.52722 0.24696 1.3636 -0.24184 0.56107 0.064834 -0.60848 0.51866 0.13425 -0.93879 -0.29136 -0.0556 -0.56513 0.15116 -0.59632 0.31998 -0.80508 -1.5363 0.50462 -0.54071 -0.25988 1.5935 0.57904 0.40017 0.75768 0.1762 0.11339 -0.062217 -0.13001 -0.26259 -1.1281 -0.39067 -1.0814
Max	0.33565 0.12465 0.20992 -0.086777 0.21934 -0.68033 0.061912 0.24192 -0.54262 -0.57274 0.26555 -0.14648 -1.0335 -0.16845 -0.074589 0.1714 0.68265 -0.11963 -0.49841 0.019034 0.24599 0.14635 0.89767 0.18017 0.28998 0.15991 0.18196 -0.33097 0.67532 0.595 -0.34499 0.67752 -0.39294 0.16358 -0.49008 0.28333 0.11334 0.025012 0.19719 0.24081 0.28687 -0.16212 -0.14631 0.059077 -1.0204 0.1693 -0.3522 -0.061396 0.32891 0.89924 0.42846 -0.059807 -0.37297 0.4329 0.35922 -1.8269 -0.42954 0.94145 -0.30023 0.28432 1.0934 0.29719 -0.66702 0.37195 1.3223 -0.1351 0.45743 0.85868 0.79297 0.45994 0.16244 -0.85051 -0.48492 0.17117 0.26897 0.39759 0.72053 -0.90713 0.27388 0.20514 -0.002243 -0.13619 -0.37674 -0.52834 -0.58256 0.22823 -0.29786 -0.25706 -0.2076 -0.4404 0.563 -0.10467 0.68584 0.6947 0.10906 -0.23994 0.0041504 -0.096644 0.26211 -0.80438
Float	-0.02838 0.47934 -0.47825 -0.53651 0.22325 0.5079 -0.21046 0.39178 -0.031177 -0.58186 0.10629 1.0001 0.064502 -0.46517 0.036155 -0.17844 0.077659 0.87349 0.63109 -0.75016 0.55276 0.061288 0.10967 -0.20559 0.28798 -0.01878 -0.85133 -0.023736 0.40401 -0.19165 -0.57457 0.45609 -0.1831 0.12468 0.12602 0.31125 0.85895 -0.29246 -0.23509 -0.99964 0.39142 -0.76256 -0.47536 -0.022098 0.35807 0.50326 -0.67771 0.15685 -0.3703 -0.75718 0.050472 0.38756 1.0408 0.80643 -0.37402 -0.66267 0.15737 0.46126 1.5564 0.077563 -0.25825 0.72709 0.25099 0.68432 -0.41126 0.71452 0.014628 -0.27155 0.0014869 -0.94685 0.072836 -0.64043 0.23879 0.10264 -0.27939 -0.2544 0.18687 0.071852 -0.037058 -0.04744 -0.19303 0.097598 -0.036147 -0.29257 0.22126 -0.59317 0.08263 0.18056 0.54197 0.05974 -0.33573 0.22983 -0.56861 -0.67622 0.30102 -0.41549 -0.053309 -0.45167 0.10207 0.099218

