Truncation	-0.81135 -0.68339 -0.0021454 0.061292 -0.12027 0.15636 0.049873 -0.002909 -0.12715 0.019334 -0.5247 0.46544 0.74916 -0.21468 0.41413 0.6164 -0.15525 0.0074284 0.5886 0.10674 -0.48838 -0.28115 0.11276 -0.68805 0.73655 0.055849 1.0142 0.24578 0.22278 -0.70329 -0.56619 0.27712 -0.29364 -0.64661 0.11436 -0.60685 -0.65952 -0.24991 -0.052818 -0.25187 0.22044 0.16581 -0.15844 -0.041364 0.15223 0.098791 0.012517 -0.22381 -0.41023 0.15126 0.50204 0.45611 0.017195 0.31413 -0.34458 0.2821 -0.0098465 -0.16771 -0.22969 -0.13258 -0.68138 -0.96008 0.14699 0.55403 0.20754 -0.35965 -0.51099 -0.76253 0.31879 -0.41679 -0.9309 0.17657 0.18967 0.60807 0.02963 -0.097075 0.18304 0.67876 0.27689 0.55842 -0.29797 -0.32875 -0.48058 0.33172 -0.15857 -0.21587 0.34682 -0.25893 0.45454 0.27468 -0.34269 0.56009 -0.50625 -0.095001 0.52262 -0.80391 1.1284 -0.21404 -0.3206 -0.031442
issue	-0.33126 0.035314 0.59881 0.14438 0.087857 -0.23078 -0.0078876 -0.57724 0.75547 -0.3051 -0.0064974 0.23473 0.20424 -0.007629 -0.34221 -0.11881 0.20439 0.071652 -0.24928 -0.89414 0.54334 -0.48583 0.082513 0.10531 0.31343 -0.047411 0.32675 -0.36492 -0.44649 0.45387 -0.14689 0.22646 0.45376 0.40626 -0.47647 0.6096 0.15961 -0.1148 -0.43358 -0.015999 -0.77636 -0.47432 0.50372 -0.79097 -0.78178 -0.67845 0.060212 -0.24419 -0.75732 -0.82025 0.83479 -0.11802 0.087791 1.3345 -0.32742 -2.1275 0.37674 -0.56629 1.8865 0.34309 -0.057656 0.49458 -0.38238 -0.56819 1.5391 -0.23591 0.13009 0.67913 0.31525 0.00068008 0.26937 -0.34586 -0.24994 0.23974 -0.39 0.59812 -0.5094 0.18152 -1.2037 -0.34839 0.1594 -0.37143 0.65004 -0.15699 -1.0986 -0.283 -0.20646 -0.16193 0.1714 -0.56629 -0.28774 0.15789 -0.66004 -0.33742 -0.21105 0.728 0.20027 0.058582 0.64395 0.22208
KMeansPlusPlusClusterer	
KMeans	
Clusterer	

loop	0.50782 -0.24814 0.32524 -0.38856 0.47123 0.16239 -0.16793 1.239 -0.054721 -0.22908 0.48227 0.57653 0.34323 0.044733 1.0837 0.40875 -0.3256 0.53468 0.06828 -1.3903 0.51561 0.27637 -0.49116 -0.23654 -0.42446 0.40604 0.29829 0.15154 0.25144 -0.27754 -0.47454 0.58117 0.38735 -0.19717 0.056883 0.061924 -0.47579 0.10405 0.52212 -0.17002 -0.10872 -0.22477 -0.11277 0.0018645 -0.077101 0.10204 0.46409 -0.20938 0.211 0.6489 -0.86249 0.8422 0.31322 0.29052 0.165 -2.0642 0.09736 -0.2905 1.0102 0.090444 -0.30961 -0.3114 0.54887 0.19388 -0.043525 0.013381 0.44648 -0.39331 0.19518 -0.20963 -1.2398 0.08015 0.71976 0.2146 0.56072 -0.83512 0.98451 0.33198 0.67401 -0.428 -0.26033 -0.17964 -0.88788 -0.049278 -0.62471 0.87514 0.19772 -0.82389 0.19333 0.19539 -0.66562 0.55695 -0.89161 -0.16635 0.5794 -0.32411 0.39901 -0.82797 0.59417 -0.023238
KMeansPlusPlusClusterer	
chooseInitialClusters	
defines	-0.34738 0.10584 0.79615 0.85917 0.32032 0.24133 -0.47123 -0.047556 0.23732 0.38801 -0.1358 -0.67426 -0.1879 -0.15986 0.28808 0.63833 0.69084 0.31424 -0.22012 0.15887 -0.14137 -0.39995 0.097782 -0.492 -0.048594 -0.21637 -0.35791 -0.68931 -0.80394 -0.14165 -0.0087815 1.0334 0.020866 -0.12751 0.15379 -0.2497 0.30218 -0.082519 -0.082594 -0.08756 -0.24165 0.11596 0.40018 0.26907 -0.60818 0.31968 0.082235 -0.083821 -0.74927 0.29469 0.37948 -0.025001 0.2737 0.45747 -0.59743 -0.76008 0.67995 -0.38272 0.75718 0.48647 0.24256 -0.51286 -0.1115 -0.60602 0.67236 0.29023 -0.015675 -0.28882 0.53504 0.1551 0.15021 -0.21827 0.4155 0.48726 0.93109 -0.68321 0.10798 -0.32139 -0.52865 -0.52905 -0.50299 -0.34371 -0.6667 0.23181 -0.49431 0.4142 -0.30882 -0.9343 0.43302 0.46449 -0.29543 0.40033 -0.24858 -0.18325 0.79319 -0.036897 -0.20882 -0.69887 -0.17729 0.36462
variable	-1.3258 0.39068 0.23049 1.1109 -0.12389 0.35159 0.3779 0.6075 -1.122 -0.24327 -0.44216 0.20106 0.38253 -0.18834 0.78133 -0.14808 -0.36326 0.13361 1.5816 0.17497 -0.51457 -0.33115 -0.4905 0.58811 0.7866 -0.10983 0.071208 0.22163 -0.50065 0.27267 0.98769 0.44204 -0.59691 -0.197 -0.010864 -0.2615 0.50665 0.28944 0.52517 -0.64376 0.82821 -0.39556 -0.04843 0.12664 -0.17416 0.049368 0.18623 0.07373 -0.34326 -0.27919 -0.035425 0.45897 0.38921 0.80499 0.74626 -0.58957 0.52205 0.051535 1.0095 0.29094 0.0044308 -0.28365 -0.62727 0.25407 1.5695 -0.083718 -0.31323 -0.59434 0.79409 -0.047106 -0.86066 -0.87397 0.58795 0.23966 0.95793 -0.77157 0.16417 -1.0163 -0.48132 -0.88442 0.28428 -0.3948 -0.94215 -1.2824 -0.026794 0.50323 0.88475 -0.5438 -0.2092 -0.45496 -1.2686 0.80289 0.20327 -0.64048 0.094585 0.58367 -0.38113 -0.74286 0.72191 -0.16359
int	-1.2815 0.29622 -0.53259 0.32107 -0.39625 -0.11924 0.42091 0.19327 -0.13448 -0.85049 -0.45988 -0.59597 -0.79427 0.31379 -0.43536 0.70608 0.44329 -0.11279 0.036991 -0.12338 -0.45912 -0.73173 -0.21593 0.23246 0.98264 0.90022 0.6924 0.49234 0.74033 0.20114 -0.10716 0.84224 0.46705 0.4129 -0.060172 0.21711 0.4259 1.0596 -0.32892 0.70179 0.37757 -0.91555 -0.57109 -0.18899 -0.0089607 -0.67049 -0.95645 0.85213 0.44196 0.2516 -0.39928 -0.1086 0.14475 0.048046 -1.8383 0.20715 0.66836 -0.15683 0.83449 -0.89062 -1.731 -0.28511 -1.6281 -0.4891 -0.017375 0.20429 -0.39652 -0.12376 0.083896 1.019 0.29363 -0.22713 -0.57131 0.20946 0.36736 0.070658 -0.60987 0.36272 -0.11703 -0.3601 0.91502 0.34288 0.42903 0.1424 -0.14246 0.33683 -0.097052 -0.032925 0.65012 0.62676 0.26149 0.73428 -0.77328 -0.24923 0.86026 -0.36051 0.5583 -0.30908 0.34023 0.0885
sum	0.093295 0.79297 -0.13392 0.85132 -0.042583 0.3432 -0.089098 0.41909 0.045122 0.45323 0.035015 0.62033 -0.0092766 -0.39093 -0.027325 -0.44983 -0.50804 0.55426 0.45525 0.25735 0.84488 0.26623 -1.1662 -0.15961 -0.24227 -0.35618 0.62464 0.11498 -0.34118 -1.0053 0.51105 0.37736 0.015699 -0.6542 -0.078256 0.17596 0.45855 0.85399 -0.91444 -0.716 0.51101 -0.32588 -0.018964 -0.22302 -0.028429 -0.017326 -0.61164 -0.42773 -0.082907 0.30867 0.30675 -0.39928 1.4556 0.39699 -0.52474 -1.0252 -0.017514 -0.50986 1.0536 0.56917 0.21646 -0.34097 -1.0806 0.02115 0.90608 -0.55899 -0.18109 0.77589 0.4258 -0.04402 -0.22072 -0.087275 -0.065722 0.42005 0.70104 0.20225 -0.35253 -1.0445 -0.2006 0.41696 0.40032 0.25888 -0.25705 -1.5195 -1.0021 0.42493 -0.056551 -0.81302 -0.010819 -0.28197 -0.87072 0.11143 0.22825 -0.37733 -0.073661 -0.56677 0.67206 -0.17301 0.35042 -0.60148
KMeans	
Clusterer	
choose	-0.40431 0.49067 0.18057 0.063873 0.017571 0.53844 -0.38467 0.36758 -0.052877 -0.033513 -0.40607 0.3076 0.52843 -0.39314 0.037723 -0.85621 0.53173 0.61881 -0.51257 0.49281 -0.63854 -0.75854 0.20559 -0.43018 -0.73309 -0.38175 0.21253 -0.5672 0.86461 -0.3262 0.065641 1.0886 -0.37705 -0.48398 0.79606 0.73528 0.017546 -0.28654 -0.12468 -0.59483 -0.23725 -0.18608 0.10566 -0.9005 -0.73115 0.0022262 -0.41074 -0.11523 -0.47202 -0.49265 -0.17623 -0.022513 -0.32051 0.71905 -0.0027337 -1.2924 0.4713 -0.039493 1.2553 -0.15624 -0.45617 0.5181 0.22711 -0.22607 1.1492 0.35934 0.25148 0.32476 -0.52318 -0.53072 -0.31693 -0.4787 -0.42939 -0.37487 -0.15156 0.13052 -0.7832 -0.29056 0.23559 -0.88291 0.18604 -0.30719 -0.53824 -0.33721 -0.93379 -0.32557 0.21002 0.22778 0.31328 -0.26406 -0.1333 0.45775 0.43366 -0.65736 -1.0557 -0.014887 0.076692 -0.17766 0.80656 0.081782
Initial	0.23076 0.067123 -0.45651 0.43672 -0.42325 -0.54544 0.21002 0.42847 -0.22801 0.42498 0.26596 0.15482 0.076068 -0.56669 0.31991 -0.013473 -0.68762 0.071373 0.69052 0.06449 0.17901 -0.60774 -0.46602 0.53278 -0.46061 -0.20873 0.35642 0.29824 -0.0099487 -0.52965 -0.022453 0.095897 -0.29673 0.21742 -0.19103 0.016355 0.18014 -0.1997 0.047893 0.20733 -0.19708 -0.056121 0.45505 0.30941 0.63579 -0.10956 0.071841 -0.58915 0.1272 -0.74452 0.64783 -0.11673 0.64942 0.46516 0.21412 -2.2059 0.074047 -0.78915 1.6833 0.32227 0.15354 0.5006 0.039577 0.32062 0.89305 -0.31501 -0.56072 0.19356 0.049759 0.080949 -0.37548 0.62712 -0.27003 -0.46479 -0.26992 0.5108 -0.46768 -0.34671 -1.3791 -0.31012 0.55235 0.38587 -0.19803 -0.12785 -1.2815 -0.40071 0.44744 -0.30579 -0.22274 0.32649 0.037437 0.30464 -0.41614 0.16977 -0.11015 0.23392 -0.020744 -0.12356 0.55093 -0.027284
Clusters	-0.42559 1.4422 -0.80025 0.44905 0.054989 0.32762 0.019253 0.27059 0.099943 -0.080762 -0.35984 -0.14148 0.68785 0.52159 0.79368 0.036076 0.58691 0.33902 0.73308 -0.050955 -0.63341 -0.08054 -0.37496 0.42158 0.28117 -0.058424 0.84616 0.75025 -0.51146 -0.44394 0.10566 -0.44028 0.543 -0.72075 0.67879 -0.37513 1.3023 -0.052774 -0.21997 0.40814 0.24766 -0.38391 -0.65382 -0.12211 0.12075 -0.18582 0.52552 1.1722 -0.60847 -0.12186 -0.073928 -0.71786 -0.29467 0.24103 0.61306 -0.16429 -0.037249 0.32235 0.80669 0.78385 -0.4476 1.5563 0.4189 0.37102 0.31403 -0.015798 0.62182 -0.13889 0.85327 -0.14702 -0.020577 -0.26018 -0.03872 -1.1598 0.32284 -0.020968 0.0823 -0.48168 0.31845 -0.093578 0.17354 -0.12158 -1.3365 0.48009 -0.35535 0.018294 0.62383 -0.59056 0.3029 0.85654 0.053644 0.36548 -0.39505 0.33439 -0.27628 -0.025831 -0.82314 0.044837 0.28244 -0.30681

variable	-1.3258 0.39068 0.23049 1.1109 -0.12389 0.35159 0.3779 0.6075 -1.122 -0.24327 -0.44216 0.20106 0.38253 -0.18834 0.78133 -0.14808 -0.36326 0.13361 1.5816 0.17497 -0.51457 -0.33115 -0.4905 0.58811 0.7866 -0.10983 0.071208 0.22163 -0.50065 0.27267 0.98769 0.44204 -0.59691 -0.197 -0.010864 -0.2615 0.50665 0.28944 0.52517 -0.64376 0.82821 -0.39556 -0.04843 0.12664 -0.17416 0.049368 0.18623 0.07373 -0.34326 -0.27919 -0.035425 0.45897 0.38921 0.80499 0.74626 -0.58957 0.52205 0.051535 1.0095 0.29094 0.0044308 -0.28365 -0.62727 0.25407 1.5695 -0.083718 -0.31323 -0.59434 0.79409 -0.047106 -0.86066 -0.87397 0.58795 0.23966 0.95793 -0.77157 0.16417 -1.0163 -0.48132 -0.88442 0.28428 -0.3948 -0.94215 -1.2824 -0.026794 0.50323 0.88475 -0.5438 -0.2092 -0.45496 -1.2686 0.80289 0.20327 -0.64048 0.094585 0.58367 -0.38113 -0.74286 0.72191 -0.16359
type	-0.46941 1.0232 0.0052417 0.18489 -1.0635 0.13689 0.69977 -0.30627 -0.16586 0.45704 0.01229 -0.48474 0.37836 0.17034 0.85067 0.33692 0.2262 0.38728 0.59878 0.14127 -0.051814 -0.37338 -0.54281 -0.24778 0.090452 0.002322 0.18356 -0.17295 -0.23597 0.16531 0.035819 1.0133 0.15591 -0.17079 0.90975 0.39448 0.28375 -0.39955 0.70452 0.25146 0.016597 -0.48176 -0.012688 -0.71924 0.29969 0.23876 0.28271 0.040394 -0.44936 -0.73793 0.15482 0.68139 0.2535 0.47317 -0.14515 -1.5533 -0.12665 0.27583 1.7785 0.62287 -0.0026868 0.85672 -0.092051 0.86043 1.4102 0.2342 0.043018 0.02134 -0.0056198 -0.069628 -0.50595 -0.42616 0.43125 0.58374 0.59453 0.029196 -0.064607 0.068701 -0.87315 -0.30559 0.49768 -0.49717 -0.43532 -0.10364 -0.91355 0.51619 0.0066056 -1.0996 -0.023195 0.17907 -0.64761 0.1704 0.53353 0.22221 0.6111 0.20063 -0.49639 -1.478 0.91582 -0.36058
double	0.22832 0.34314 0.34916 -0.062292 0.58088 0.076693 -0.033078 0.18288 -0.43578 0.46312 0.22758 0.0066902 -0.090716 1.0973 0.29967 0.14418 -0.60248 0.47535 -0.037224 -0.36675 1.1219 -0.1294 -0.50331 0.58335 0.79264 -0.26178 -0.23382 -0.48055 0.087966 -0.75332 -0.1899 0.44444 0.0093678 0.044959 0.68601 -0.091632 -0.67163 0.54273 0.26784 0.64011 0.60244 -0.19369 0.082975 0.10601 0.49757 0.13826 0.43512 -1.303 -0.30877 -0.63144 -0.31466 -0.025677 -0.47305 0.57616 -0.17668 -2.8022 0.39615 0.33021 1.5153 1.039 -0.31545 -0.17695 -0.12297 -0.13058 0.30818 -0.34138 0.33992 0.14005 -0.21849 -0.5885 -0.74803 0.4034 -0.38642 -0.001092 0.20563 0.47726 -0.038138 -0.52337 0.082651 0.049846 0.62978 0.33405 -0.41248 -0.048782 -0.92659 -0.27725 0.24716 -0.44634 -0.093081 -0.039981 -0.42962 0.00028856 -0.36535 -0.63623 -0.027466 -0.53548 0.13744 -0.41304 0.43853 -0.97321
int	-1.2815 0.29622 -0.53259 0.32107 -0.39625 -0.11924 0.42091 0.19327 -0.13448 -0.85049 -0.45988 -0.59597 -0.79427 0.31379 -0.43536 0.70608 0.44329 -0.11279 0.036991 -0.12338 -0.45912 -0.73173 -0.21593 0.23246 0.98264 0.90022 0.6924 0.49234 0.74033 0.20114 -0.10716 0.84224 0.46705 0.4129 -0.060172 0.21711 0.4259 1.0596 -0.32892 0.70179 0.37757 -0.91555 -0.57109 -0.18899 -0.0089607 -0.67049 -0.95645 0.85213 0.44196 0.2516 -0.39928 -0.1086 0.14475 0.048046 -1.8383 0.20715 0.66836 -0.15683 0.83449 -0.89062 -1.731 -0.28511 -1.6281 -0.4891 -0.017375 0.20429 -0.39652 -0.12376 0.083896 1.019 0.29363 -0.22713 -0.57131 0.20946 0.36736 0.070658 -0.60987 0.36272 -0.11703 -0.3601 0.91502 0.34288 0.42903 0.1424 -0.14246 0.33683 -0.097052 -0.032925 0.65012 0.62676 0.26149 0.73428 -0.77328 -0.24923 0.86026 -0.36051 0.5583 -0.30908 0.34023 0.0885

int	-1.2815 0.29622 -0.53259 0.32107 -0.39625 -0.11924 0.42091 0.19327 -0.13448 -0.85049 -0.45988 -0.59597 -0.79427 0.31379 -0.43536 0.70608 0.44329 -0.11279 0.036991 -0.12338 -0.45912 -0.73173 -0.21593 0.23246 0.98264 0.90022 0.6924 0.49234 0.74033 0.20114 -0.10716 0.84224 0.46705 0.4129 -0.060172 0.21711 0.4259 1.0596 -0.32892 0.70179 0.37757 -0.91555 -0.57109 -0.18899 -0.0089607 -0.67049 -0.95645 0.85213 0.44196 0.2516 -0.39928 -0.1086 0.14475 0.048046 -1.8383 0.20715 0.66836 -0.15683 0.83449 -0.89062 -1.731 -0.28511 -1.6281 -0.4891 -0.017375 0.20429 -0.39652 -0.12376 0.083896 1.019 0.29363 -0.22713 -0.57131 0.20946 0.36736 0.070658 -0.60987 0.36272 -0.11703 -0.3601 0.91502 0.34288 0.42903 0.1424 -0.14246 0.33683 -0.097052 -0.032925 0.65012 0.62676 0.26149 0.73428 -0.77328 -0.24923 0.86026 -0.36051 0.5583 -0.30908 0.34023 0.0885
method	-0.41796 0.53241 -0.33693 0.69262 0.068686 -0.087566 0.27663 -0.071203 -0.3353 0.33365 -0.52407 -0.53341 0.04046 -0.16659 0.45481 -0.34785 0.24926 0.022734 0.4212 0.0062452 -0.13359 -0.51309 0.21382 -0.24943 -0.36553 -0.01069 0.25961 -0.2909 -0.7678 0.037387 -0.46895 0.89278 -0.53101 -0.38841 0.35913 -0.4793 -0.33601 -0.20371 0.39182 -0.95175 -0.62779 0.17753 -0.035282 -0.12463 -0.84179 -0.34632 -0.19631 -0.84428 -0.54253 -0.19322 0.25287 -0.01299 -0.0014 1.4574 -0.76291 -1.5731 -0.23982 0.22269 0.87785 -0.034078 -0.036702 -0.31008 0.80324 0.61032 1.3546 -0.14522 -0.19501 -0.68654 -0.096186 -0.50487 -1.0144 0.37278 0.63403 0.66473 0.33144 -0.62283 -0.11496 -0.60323 -0.46632 -0.17908 0.23923 0.25257 -1.1826 -0.60126 -1.8759 0.92491 0.87735 -0.62709 -0.26522 -0.10025 -0.58459 0.12821 0.3471 0.52632 0.74769 -0.33396 -0.36954 -0.75431 0.34056 0.28563
truncate	-0.58509 0.6233 -0.38233 0.0089089 -0.1266 0.072171 -0.85472 0.3442 0.42303 0.015974 -0.27646 0.48898 0.81552 -0.25082 0.34539 0.11205 0.18469 0.064568 0.30421 0.11045 -0.25963 0.046022 0.095499 0.26006 0.032096 0.59285 0.29632 -0.16088 0.25031 -0.059938 -0.1449 0.023307 0.39545 -0.19876 -0.21495 0.37886 0.16169 -0.61938 0.19801 -0.13061 0.4124 -0.29466 -0.00036991 0.063026 -0.13713 -0.075116 0.95354 0.40648 -0.27346 -0.041208 0.10874 0.41737 -0.41313 0.17674 -0.062963 0.87367 0.40865 -0.23637 -0.078833 -0.035135 -0.8739 -0.0042302 0.16579 -0.47118 -0.16124 -0.68075 -0.35176 0.43032 -0.11241 -0.073997 0.043461 0.048099 0.16688 -0.29096 -0.45757 -0.26044 -0.81493 0.22049 0.68426 -0.075285 -1.1522 0.30619 -0.31616 0.065129 0.30142 -0.32629 0.8094 0.55198 0.18896 0.11835 -0.34225 0.81336 -0.0074905 -0.64401 0.25803 -0.58698 0.16238 -0.11779 0.20301 0.072395
distances	-0.58815 0.54193 -0.0090237 1.1445 -0.14905 -0.32981 -0.62147 0.32153 -0.26809 0.21953 0.11044 0.31878 0.012861 -0.39277 0.83421 -0.70673 -0.28499 0.73133 -0.45144 -0.44606 0.21789 0.61783 -0.20892 -0.12684 0.21702 -0.062328 -0.58149 0.20166 0.63019 0.089346 -0.16682 -0.43824 -0.16917 -0.22477 0.70768 0.19914 0.18055 0.72473 -0.77467 0.65985 -0.094622 -0.30964 -0.74512 -0.23336 -0.79727 -0.22632 0.87995 -0.20782 0.1359 0.58035 0.64004 0.15881 0.6886 1.1855 0.90667 -0.46876 -0.073208 0.63525 0.95148 0.3418 -0.154 0.7567 0.23807 0.13265 0.71049 0.34787 -0.24748 -0.68958 0.57525 0.24622 -0.48139 -0.53907 0.54789 0.18605 1.0157 -0.70629 0.58402 -0.97384 0.46902 0.074937 0.2695 0.1501 -0.47979 -0.23687 -0.73818 0.24982 0.20487 -0.27603 0.25462 0.39878 -1.119 0.35218 0.30624 -0.71726 -0.23002 -0.30425 -0.65328 0.49472 0.49393 0.18333
points	0.95124 0.23641 0.808 -0.40828 0.33804 -0.3891 0.44769 -0.26525 -0.54314 -0.45663 0.83652 -0.070744 -1.4973 -0.61903 0.41305 0.12124 -0.91421 -0.15869 -0.99206 0.043303 1.0261 0.12888 -0.25148 0.61629 1.2375 -1.3455 0.52016 -0.28126 -0.25054 -0.91783 -0.53656 0.10122 -0.29881 0.13874 0.21824 -0.034698 -0.0042807 0.39024 -1.0076 0.79237 -0.10794 -1.2467 0.58128 -0.15231 -0.63518 0.63949 -0.4825 -0.25494 -0.10647 -1.33 0.46637 -0.52246 0.0018465 1.1431 -0.019705 -2.0817 -0.058272 -0.45113 1.2322 1.1562 -0.95224 -0.19423 -1.0355 0.75773 -0.13572 0.65053 0.12283 0.34712 0.18235 0.87066 -1.4678 0.50212 0.27851 -0.020084 0.094939 0.078918 -0.60352 -0.062561 -0.1713 -0.11462 -0.0025031 0.67053 -1.552 -0.30565 -0.80528 -0.083545 -0.11429 0.36172 0.91576 0.17219 -1.5462 0.80247 -0.25216 0.20404 -1.4656 0.15872 -0.71831 -0.37539 0.029386 0.28314
square	0.54111 0.76669 -0.52123 0.66877 0.09779 1.2387 0.033812 1.2411 -0.11618 0.90626 0.64677 0.024154 -0.094223 -0.64236 0.41751 0.26115 0.19477 0.38762 -0.67186 -1.0582 1.2047 0.23704 0.11346 -0.76256 0.85511 -0.7138 0.42327 0.36576 0.13673 -0.35267 0.075188 0.20848 1.1995 0.41304 0.099742 -0.082467 0.91628 1.0299 0.017895 -0.044544 0.13774 -0.61799 0.36764 -0.17829 0.089053 -0.19433 -0.41118 0.11298 0.051302 0.22029 0.73755 -1.4175 0.58009 0.99632 -0.72588 -2.5601 -0.31098 -0.1614 1.1602 -0.38735 -0.17478 0.83974 -0.42391 0.62587 0.08744 0.10485 0.44845 -0.41387 0.52155 -0.23523 -0.28467 0.1513 -0.37044 -0.35896 0.47958 -1.0423 0.65697 0.85447 -0.089099 0.62672 0.020164 -0.23918 -0.43985 0.55555 -0.27169 0.038353 -0.16128 -0.46482 1.329 0.36734 0.49705 0.013698 -0.22164 -0.61894 -1.0064 -0.4746 -0.14422 0.18944 0.76297 -0.07892
roots	-0.16722 1.2523 -0.28492 -0.49171 0.37635 0.17974 -0.36563 -0.9547 -0.14111 0.498 -0.61405 -0.14297 0.45901 0.4606 -0.29701 -0.087099 0.24012 -0.17132 0.23861 0.29074 -0.28962 0.5537 0.40655 -0.37141 -0.37113 0.49289 0.20366 -0.47652 0.63931 -0.20016 -0.30269 0.37861 0.44952 0.21064 -0.11178 -0.26877 -0.072623 -0.029286 -0.086199 -0.011103 -0.31584 -0.75093 -0.013129 -0.075695 -0.20885 -0.62932 0.23836 0.31025 0.40864 -0.10255 -0.30679 0.035843 0.39634 0.56397 0.14998 -1.3245 -0.22713 -0.19046 1.3823 0.8402 0.55763 0.96222 0.051262 -0.49289 1.3601 0.28608 -0.055832 -0.38469 0.63542 -0.96957 -0.17316 0.6166 -0.82747 -0.74718 -0.059506 -0.40294 0.086686 -0.34011 -0.55563 0.47519 -0.80387 0.054077 -0.37053 0.49482 -0.41025 0.21286 -0.4777 0.45465 -0.64029 0.46843 -0.50531 -0.051321 -0.30458 0.55935 -0.26596 -1.0147 -0.6857 -0.87688 0.64157 0.7184
integers	-0.59615 0.75667 -0.45117 0.41976 0.61543 0.73654 -0.58698 -0.021404 -0.13682 0.52599 0.21204 -0.44541 -0.45067 0.62851 0.94091 0.30858 -0.90504 1.8681 0.85175 0.13598 0.80896 -0.67698 -0.1009 -0.078996 -0.41716 0.32211 1.2839 0.7197 -0.040691 0.19942 0.10707 0.035539 0.61975 -0.15098 0.79443 -0.04219 0.097637 0.46244 -0.48631 -1.0754 0.85046 -0.88878 0.25708 0.12895 -0.47465 -0.040334 0.13095 0.52237 -0.1678 0.47508 0.62752 -0.61067 0.98769 0.36835 0.080785 0.077135 -0.27223 0.49906 0.39407 1.1401 -0.67656 -1.1049 -0.79481 0.15226 1.6012 0.5403 0.43339 0.35787 0.60021 0.12078 -0.50918 -0.4206 -1.1324 -0.16309 0.068755 0.28712 -0.33738 -0.64547 0.066206 -0.28763 0.38141 -0.87343 -1.5917 -0.48276 0.54786 0.88641 0.18287 -0.5953 0.0010229 -0.96445 -1.9426 1.0849 -0.52452 -0.48773 -0.0070658 -1.39 -1.0176 0.13041 -1.4028 0.24158

bad	0.39456 -0.24717 1.0319 -0.61444 -1.2376 0.051794 -0.55112 -0.31014 -0.025735 -0.24709 0.25836 0.34899 0.46176 0.44237 0.354 0.21262 -0.26312 -0.17128 0.44013 1.1284 0.37259 0.41969 -0.2534 -0.051885 -0.34917 0.15298 -0.68444 -0.19514 -0.018647 0.084191 0.14569 0.3869 0.023524 -0.37861 -0.65081 0.010398 -0.50087 -0.087368 0.098617 -0.21907 -0.072412 -0.10247 -0.3148 -0.307 -0.30457 -0.14329 0.10313 -0.040487 -0.095922 -1.192 -0.063356 0.034127 -0.057674 0.56582 0.082541 -2.4617 0.48029 0.72806 1.2841 0.10672 -0.045119 1.0117 -0.97928 0.022828 0.46876 -0.026875 0.80018 -0.23101 0.086699 -0.74338 -0.38738 -0.1924 -0.13292 0.52347 0.35659 0.21065 -0.18669 0.41563 -0.50874 0.47643 0.78591 0.28015 -0.74565 -0.015569 -1.8451 -0.28427 -0.81722 -0.43254 -0.60031 -0.40052 -0.26612 -0.05855 -0.2051 0.16208 -0.25305 0.48163 -0.15905 0.0064973 0.13793 -0.06832
distances	-0.58815 0.54193 -0.0090237 1.1445 -0.14905 -0.32981 -0.62147 0.32153 -0.26809 0.21953 0.11044 0.31878 0.012861 -0.39277 0.83421 -0.70673 -0.28499 0.73133 -0.45144 -0.44606 0.21789 0.61783 -0.20892 -0.12684 0.21702 -0.062328 -0.58149 0.20166 0.63019 0.089346 -0.16682 -0.43824 -0.16917 -0.22477 0.70768 0.19914 0.18055 0.72473 -0.77467 0.65985 -0.094622 -0.30964 -0.74512 -0.23336 -0.79727 -0.22632 0.87995 -0.20782 0.1359 0.58035 0.64004 0.15881 0.6886 1.1855 0.90667 -0.46876 -0.073208 0.63525 0.95148 0.3418 -0.154 0.7567 0.23807 0.13265 0.71049 0.34787 -0.24748 -0.68958 0.57525 0.24622 -0.48139 -0.53907 0.54789 0.18605 1.0157 -0.70629 0.58402 -0.97384 0.46902 0.074937 0.2695 0.1501 -0.47979 -0.23687 -0.73818 0.24982 0.20487 -0.27603 0.25462 0.39878 -1.119 0.35218 0.30624 -0.71726 -0.23002 -0.30425 -0.65328 0.49472 0.49393 0.18333
points	0.95124 0.23641 0.808 -0.40828 0.33804 -0.3891 0.44769 -0.26525 -0.54314 -0.45663 0.83652 -0.070744 -1.4973 -0.61903 0.41305 0.12124 -0.91421 -0.15869 -0.99206 0.043303 1.0261 0.12888 -0.25148 0.61629 1.2375 -1.3455 0.52016 -0.28126 -0.25054 -0.91783 -0.53656 0.10122 -0.29881 0.13874 0.21824 -0.034698 -0.0042807 0.39024 -1.0076 0.79237 -0.10794 -1.2467 0.58128 -0.15231 -0.63518 0.63949 -0.4825 -0.25494 -0.10647 -1.33 0.46637 -0.52246 0.0018465 1.1431 -0.019705 -2.0817 -0.058272 -0.45113 1.2322 1.1562 -0.95224 -0.19423 -1.0355 0.75773 -0.13572 0.65053 0.12283 0.34712 0.18235 0.87066 -1.4678 0.50212 0.27851 -0.020084 0.094939 0.078918 -0.60352 -0.062561 -0.1713 -0.11462 -0.0025031 0.67053 -1.552 -0.30565 -0.80528 -0.083545 -0.11429 0.36172 0.91576 0.17219 -1.5462 0.80247 -0.25216 0.20404 -1.4656 0.15872 -0.71831 -0.37539 0.029386 0.28314
typically	-0.75867 0.74506 -0.29035 0.13421 0.060143 0.41675 -0.39131 0.6989 -0.376 -0.21088 0.031031 -0.28639 0.7607 0.34222 0.49017 -0.60238 0.012087 0.16521 0.2407 0.060284 0.026626 -0.57275 -0.087591 -0.066178 -0.079266 -0.35646 -0.33926 -0.11251 -0.25553 -0.36723 0.33887 0.84479 -0.56492 -0.33283 0.81038 0.63828 0.30996 -0.15341 0.29479 -0.018448 0.46805 -0.48531 -0.67017 -0.086791 -0.09458 -0.61729 0.34819 0.023728 0.37946 -0.69919 0.36222 -0.50933 0.026897 0.78086 0.32408 -1.2357 -0.43822 -0.58793 1.3855 0.65336 -0.12137 0.71461 0.2858 -0.044375 0.83854 -0.042282 0.077594 -0.51497 0.66036 -0.66959 -0.41679 -0.40733 -0.0071886 0.75182 -0.066274 -0.2098 -0.26228 -0.13516 -0.26684 -0.18636 0.44382 -0.067055 -1.2953 -0.55159 -1.6948 -0.39795 0.37686 -0.38836 0.50778 0.17477 -0.50555 0.0052541 0.056647 -0.57157 -0.10175 0.43286 -0.42595 -0.57626 0.83798 0.018905

version	-0.26893 0.45957 0.98034 -0.38289 0.1612 0.29572 0.67292 -0.27002 0.27683 0.31362 0.0026754 -0.11511 -0.23038 -0.15819 0.4704 0.49705 0.73124 0.33349 0.3512 0.38399 0.68819 -1.2286 0.36171 0.34153 0.31963 -0.0069755 -0.42406 -0.55992 -0.14652 0.6828 0.34945 0.9266 -0.65089 0.05227 0.81733 1.0624 0.43589 -0.17045 0.1754 -0.23495 0.27085 -0.050669 -0.055124 0.93658 0.24999 -0.17017 -0.36251 -1.1145 0.37525 -0.27806 0.0014431 0.90093 0.58162 0.4389 -0.2237 -2.8027 -0.48045 0.59164 1.0354 0.38438 0.68652 0.75794 -0.56563 -0.17837 0.87014 -0.70983 -0.37048 0.35857 -0.11225 -0.10583 0.43695 0.39068 0.092745 0.38153 -0.28557 0.62512 -0.012356 0.57932 -0.28624 -0.83431 -0.56422 -0.8906 0.077083 0.51656 -1.4044 0.70942 0.42027 -0.85706 0.067168 0.39351 0.36988 0.19135 -0.4103 0.14804 0.2433 -0.55222 -0.71592 -0.29739 0.96237 -0.37383
bug	-0.42404 -0.11038 0.94873 -0.71327 -0.19712 0.077077 0.96163 -0.35674 0.8292 -0.3676 0.15004 0.62746 0.091752 0.11142 -0.015791 0.84124 0.24467 0.023366 0.54286 -0.068057 -0.87995 -0.59202 0.18641 0.50787 0.55458 0.48448 -0.42383 0.22249 -0.8823 -0.041186 -0.049256 0.31483 0.25182 0.10876 0.45824 -0.12085 -0.96037 -0.69492 0.93473 -0.31937 -0.31673 0.24099 -0.3822 -0.72243 0.18017 0.62991 0.0030923 -0.36699 -0.21576 -0.1654 -0.55928 0.11278 -0.62944 0.56955 -0.59166 -0.92922 0.044769 0.32981 0.697 -0.13983 0.40377 1.7035 -0.68531 0.49846 0.29719 0.27865 -0.18668 -0.93605 0.66117 0.01478 -0.30582 -0.4491 -0.44983 -0.39544 -0.37577 -0.18869 0.06883 -0.04811 -0.33131 1.0204 0.32457 -0.88047 0.018825 -0.303 -0.88685 0.35682 -0.3993 -0.10512 -0.86557 0.37554 0.48771 -0.28133 0.12722 -0.56959 0.33936 0.40162 0.1109 -0.20506 0.18093 -0.23185
manifested	-0.12091 -0.0016896 0.16198 0.45514 -0.091376 0.74075 -0.18579 -0.37501 0.2795 -0.40799 -0.67663 -0.17135 0.55696 -0.20352 0.16649 -0.18459 -0.1377 0.56153 -0.14985 -0.31501 -0.12805 -0.81849 -0.51655 0.12489 -0.1282 -0.091865 -0.0053507 0.3779 -0.031385 0.091368 0.13753 0.3092 -0.74978 -0.12512 -0.090919 -0.11721 -0.013453 -0.24956 -0.65562 -0.062944 -0.37722 0.67846 0.095152 0.061909 0.32799 -0.15653 0.93871 0.52567 0.18023 -0.30597 -0.084961 0.18319 0.54652 0.68758 0.057749 -0.31818 0.41903 -0.12103 -0.61764 -0.3411 0.17761 0.61297 -0.019803 -0.078461 -0.1155 0.41641 0.26287 -0.85571 0.53078 -0.2551 0.43149 -0.13814 -0.13522 -0.078601 0.42071 -0.38826 -0.18685 -0.30361 -0.43109 -0.15451 -0.70179 0.33384 -0.17465 0.55285 -0.46289 -0.0070729 0.025668 -0.11181 -0.44735 -0.40286 -0.75089 -0.32393 -0.25482 0.29823 0.26386 -0.075 -0.28514 -0.78523 0.010044 0.062146
making	-0.017835 -0.27734 0.27326 -0.0051172 0.26982 -0.1104 0.0035402 0.035562 -0.038101 -0.056357 0.39078 -0.49567 -0.17418 0.38869 0.19052 -0.25226 0.11809 0.45497 0.58533 0.49235 0.17108 0.41039 0.25161 -0.064377 -0.11532 0.07555 -0.30199 -0.37857 0.063632 -0.07145 -0.42467 0.47865 0.0032839 -0.5451 0.40199 -0.11565 -0.23382 -0.22005 -0.41896 -0.030054 -0.63874 0.078979 0.45638 -0.21052 -0.24391 -0.23721 0.29612 -0.52145 -0.27394 -1.1014 0.071196 -0.016856 -0.0052687 1.1838 -0.54652 -2.3882 0.18149 -0.1222 1.7168 0.27273 -0.22025 0.71566 -0.064111 0.44652 0.27261 -0.38458 0.79816 0.42041 0.049938 -0.61076 -0.19762 -0.21894 -0.16088 -0.26543 0.32715 0.30175 -0.23574 0.021338 -0.64269 0.15165 0.87269 0.43173 -0.43328 0.19618 -1.5779 -0.12039 -0.085569 -0.19186 -0.24126 -0.28906 0.050477 -0.046114 -0.17094 -0.36984 -0.53869 -0.41899 -0.30044 -0.38699 0.9715 0.11606
clusterer	
return	0.10483 -0.20148 0.20761 -0.24741 -0.13387 0.1678 -0.17015 0.31613 -0.085635 0.22753 -0.12968 0.66281 0.34332 0.11174 -0.062333 -0.47705 0.38937 0.17352 -0.1497 0.57772 0.20197 -0.19238 -0.21633 0.33175 0.2554 0.12737 -0.29661 -0.38718 0.93222 -0.23178 -0.41018 0.25106 -0.44001 0.048755 0.078251 0.2067 0.32111 0.39704 -0.78405 -0.65491 -0.82952 -0.45039 0.5385 -0.37227 0.31965 -2.9134e-05 -0.37973 -0.54251 0.68472 -0.81818 0.35916 -0.017955 0.28055 0.70254 0.22264 -2.3298 -0.29809 -0.81741 1.8447 0.39505 -0.36728 0.2835 -0.70904 -0.37948 0.76066 -0.1291 -0.02278 0.29353 -0.63138 -0.25353 -0.082943 -0.4101 -0.5194 -0.7351 0.17988 0.14519 -0.45157 0.077171 -0.49515 0.064367 0.7602 0.5762 -0.22859 0.0007965 -0.79401 0.16778 0.6392 0.087073 -0.078949 -0.63338 -0.34562 -0.053887 0.24041 0.0053984 -0.98415 -0.47787 0.46757 0.56396 0.070056 -0.21982
empty	-0.29204 0.64575 0.24976 -0.33605 0.077665 1.0841 -0.27241 0.66749 0.48728 0.15991 0.18769 0.21757 0.0077355 0.24046 0.17862 -0.38966 -0.30731 0.81439 0.049521 -0.87165 0.71485 1.0322 -0.092907 -0.7421 0.41597 -0.57233 -0.35456 -0.080297 -0.05921 0.15824 0.57835 -0.52434 -0.15678 -0.16694 -0.033042 0.15589 0.10569 0.21303 0.073171 -0.49352 0.55671 -0.82302 0.22235 -0.063038 0.74383 0.20141 -0.4908 0.63604 -0.69346 -0.052511 0.5209 -0.55951 0.24557 0.58954 -0.11281 -2.0787 -0.11635 0.043638 1.3001 0.22195 -0.28784 0.35742 0.10761 0.3214 0.20978 -0.11597 1.1219 -0.61732 -0.98757 -0.55427 0.1392 -0.31913 0.8476 -0.47502 0.16578 0.54902 0.025257 0.30665 -0.34682 0.35183 0.12504 0.14964 -0.60664 0.21595 -0.47435 -0.28296 0.29273 -0.23071 -0.47591 0.21447 0.17103 0.39693 0.50991 0.2286 -0.70912 -0.16425 -0.32432 0.73325 0.19312 0.33509
clusters	-0.42559 1.4422 -0.80025 0.44905 0.054989 0.32762 0.019253 0.27059 0.099943 -0.080762 -0.35984 -0.14148 0.68785 0.52159 0.79368 0.036076 0.58691 0.33902 0.73308 -0.050955 -0.63341 -0.08054 -0.37496 0.42158 0.28117 -0.058424 0.84616 0.75025 -0.51146 -0.44394 0.10566 -0.44028 0.543 -0.72075 0.67879 -0.37513 1.3023 -0.052774 -0.21997 0.40814 0.24766 -0.38391 -0.65382 -0.12211 0.12075 -0.18582 0.52552 1.1722 -0.60847 -0.12186 -0.073928 -0.71786 -0.29467 0.24103 0.61306 -0.16429 -0.037249 0.32235 0.80669 0.78385 -0.4476 1.5563 0.4189 0.37102 0.31403 -0.015798 0.62182 -0.13889 0.85327 -0.14702 -0.020577 -0.26018 -0.03872 -1.1598 0.32284 -0.020968 0.0823 -0.48168 0.31845 -0.093578 0.17354 -0.12158 -1.3365 0.48009 -0.35535 0.018294 0.62383 -0.59056 0.3029 0.85654 0.053644 0.36548 -0.39505 0.33439 -0.27628 -0.025831 -0.82314 0.044837 0.28244 -0.30681

EmptyClusterStrategy	
bug	-0.42404 -0.11038 0.94873 -0.71327 -0.19712 0.077077 0.96163 -0.35674 0.8292 -0.3676 0.15004 0.62746 0.091752 0.11142 -0.015791 0.84124 0.24467 0.023366 0.54286 -0.068057 -0.87995 -0.59202 0.18641 0.50787 0.55458 0.48448 -0.42383 0.22249 -0.8823 -0.041186 -0.049256 0.31483 0.25182 0.10876 0.45824 -0.12085 -0.96037 -0.69492 0.93473 -0.31937 -0.31673 0.24099 -0.3822 -0.72243 0.18017 0.62991 0.0030923 -0.36699 -0.21576 -0.1654 -0.55928 0.11278 -0.62944 0.56955 -0.59166 -0.92922 0.044769 0.32981 0.697 -0.13983 0.40377 1.7035 -0.68531 0.49846 0.29719 0.27865 -0.18668 -0.93605 0.66117 0.01478 -0.30582 -0.4491 -0.44983 -0.39544 -0.37577 -0.18869 0.06883 -0.04811 -0.33131 1.0204 0.32457 -0.88047 0.018825 -0.303 -0.88685 0.35682 -0.3993 -0.10512 -0.86557 0.37554 0.48771 -0.28133 0.12722 -0.56959 0.33936 0.40162 0.1109 -0.20506 0.18093 -0.23185
fixed	-0.22854 0.29302 -0.018262 0.68466 0.058217 -0.6316 -0.80372 0.12537 0.084838 0.21244 -0.026269 0.70218 0.44812 0.41498 0.95576 -0.95814 -0.47356 0.55094 0.88055 -0.84682 0.30529 -0.29999 0.094018 0.26647 0.68246 -1.011 -0.028228 -0.14043 -0.40209 0.16928 0.44969 0.37961 -0.055716 -0.18279 0.78879 0.14137 -0.014485 0.042868 0.39777 -0.72547 0.99108 -0.53029 0.38054 0.22057 -0.52366 0.040634 -0.27015 -0.40913 -0.18147 -0.86651 0.13798 -0.40806 0.19116 0.70889 0.28485 -1.4105 0.50255 0.10527 1.9485 0.78337 0.32547 -0.010607 -0.60055 0.62572 0.38096 0.012558 -0.34573 -0.073152 0.38062 0.094483 -0.42103 -0.32339 0.632 -0.13039 0.38748 -0.98862 -0.14716 -0.14362 -0.59563 -0.52154 0.92095 -0.20401 -0.38381 -0.74214 -0.56772 0.05406 0.027712 -0.13511 0.18785 -0.045253 -0.90564 0.18279 0.41653 -0.47595 -0.30505 -0.050141 0.3641 -0.15219 0.35202 -0.0081126
Empty	-0.29204 0.64575 0.24976 -0.33605 0.077665 1.0841 -0.27241 0.66749 0.48728 0.15991 0.18769 0.21757 0.0077355 0.24046 0.17862 -0.38966 -0.30731 0.81439 0.049521 -0.87165 0.71485 1.0322 -0.092907 -0.7421 0.41597 -0.57233 -0.35456 -0.080297 -0.05921 0.15824 0.57835 -0.52434 -0.15678 -0.16694 -0.033042 0.15589 0.10569 0.21303 0.073171 -0.49352 0.55671 -0.82302 0.22235 -0.063038 0.74383 0.20141 -0.4908 0.63604 -0.69346 -0.052511 0.5209 -0.55951 0.24557 0.58954 -0.11281 -2.0787 -0.11635 0.043638 1.3001 0.22195 -0.28784 0.35742 0.10761 0.3214 0.20978 -0.11597 1.1219 -0.61732 -0.98757 -0.55427 0.1392 -0.31913 0.8476 -0.47502 0.16578 0.54902 0.025257 0.30665 -0.34682 0.35183 0.12504 0.14964 -0.60664 0.21595 -0.47435 -0.28296 0.29273 -0.23071 -0.47591 0.21447 0.17103 0.39693 0.50991 0.2286 -0.70912 -0.16425 -0.32432 0.73325 0.19312 0.33509
Cluster	-0.32094 1.4075 -0.4697 0.24826 -0.16158 0.32743 0.39109 0.02661 0.30233 0.74167 -0.44981 -0.83977 0.64729 0.55459 0.4285 0.27191 0.58663 0.34003 0.42093 0.19353 -0.42722 -0.25804 -0.11943 0.359 0.18876 -0.05035 0.72492 0.78595 -0.56295 -0.28064 -0.047327 -0.27261 0.61088 0.02554 0.58118 -0.58792 0.86907 -0.1275 0.1048 0.24708 -0.36508 0.11628 0.069163 -0.18271 0.43863 -0.068912 0.58527 1.1657 -0.89751 -0.03675 0.28127 -0.21027 -0.41072 0.23497 -0.0016063 -1.1286 -0.23762 -0.021883 0.99651 0.48249 0.079871 0.94022 0.61334 0.36653 -0.1639 0.086211 0.14724 0.053991 0.24652 -0.032645 -0.048715 -0.13462 0.17256 -0.56772 -0.062521 -0.31755 0.20851 -0.00296 -0.43314 0.40322 0.58099 -0.2541 -0.72962 0.19962 -0.67192 -0.14438 1.0937 -0.91307 0.32195 0.88273 0.019135 0.68312 -0.015257 0.3807 0.056687 0.44454 -0.2437 0.17369 0.60408 -0.1431
Strategy	-0.43721 -0.070403 0.18645 -0.04766 0.26252 -0.8922 0.23757 -0.7182 -0.22019 0.4363 -0.035085 -0.052578 -0.20482 -0.71298 -0.26235 -0.064051 -0.17886 -0.20631 -0.2438 -0.77107 0.2593 -0.45386 -0.26309 -0.19964 -0.87959 0.46822 0.242 0.11395 -1.0095 -0.35168 -0.39942 1.1016 -0.2207 -0.57909 0.29779 0.14752 -0.31924 -0.51529 0.10836 -0.43722 -0.20274 -0.21337 0.17018 0.22045 -0.82907 -0.23546 -0.02413 -0.16071 -0.79303 -0.79503 0.076702 0.035949 -0.3065 1.4636 0.40312 -2.3701 0.35909 -0.27566 1.0493 0.057243 -0.051906 -0.083564 0.36898 -0.55877 0.68853 -0.076813 -0.60632 0.25004 0.22686 0.072986 0.42464 -0.30172 -0.89087 -0.74794 -0.33994 -0.69566 -0.37942 0.66067 -0.78069 0.17178 0.59459 0.2803 -0.62495 0.011566 -1.3601 0.070701 -0.10143 -0.40277 -0.2703 -0.55599 -0.16314 0.21453 -0.051406 0.11889 0.39118 0.019314 -0.11366 -0.14813 0.6048 1.1364

