Integer	-0.70304 1.1551 -0.82597 0.80244 -0.1544 0.57949 -0.59958 -0.13816 0.20076 0.7598 0.11517 -0.51886 -0.0048979 0.26955 0.36924 0.8576 -0.94379 1.4129 0.86419 0.31124 0.18086 -0.77403 0.20806 -0.25154 0.034796 0.17688 1.4762 1.1659 -0.21113 0.30036 0.22823 0.80581 0.47468 -0.076756 0.69561 -0.51302 0.37499 0.37388 -0.068775 -1.0938 0.93828 -0.1988 0.15837 -0.41197 -0.1835 0.32009 0.49577 -0.46046 -0.20326 0.97771 0.4894 -0.65754 0.65469 0.12753 0.19114 -0.28326 -0.0755 0.18287 0.81389 0.70295 -0.54558 -0.7949 -1.01 0.35813 0.91667 0.044389 0.35713 0.22794 0.25637 0.38169 -1.8087 -0.27927 -0.10885 -0.34289 0.55816 0.36369 -0.92598 -0.51939 -0.71715 -0.6642 0.15924 -0.73644 -1.0238 -0.90902 0.66494 0.75204 0.49799 -0.90445 0.11537 -1.0012 -2.0251 1.1827 -1.0992 -0.38243 -0.212 -0.90378 0.015037 -0.27281 -0.54588 0.89177
overflow	-0.22045 0.17031 -0.018221 -0.05559 -0.8323 1.146 -0.21732 0.56198 1.1177 -0.30852 -0.44742 -0.034428 -0.62315 -0.34291 0.41075 -0.24005 -0.50872 0.47833 0.19722 -0.79662 -0.56892 -0.52646 0.21212 -0.25031 0.14604 -0.57467 -0.60056 0.78436 0.67608 0.095962 0.064283 -0.57991 0.42295 0.57674 -0.33674 -0.29096 0.34159 0.078076 -0.28787 0.2373 0.48921 -0.21266 -1.1246 -0.20486 1.0539 0.80536 -0.18113 -0.37975 0.031141 0.71286 -0.11242 -0.44395 0.84116 -0.10627 -0.051756 -0.65303 0.66474 -0.78445 0.75602 0.80269 -0.26787 0.41552 0.54279 0.55783 0.17324 0.10245 0.85851 -0.73793 0.76535 -0.57824 -0.33453 -0.58201 0.63745 -0.35566 0.29758 0.42823 0.16637 0.47571 0.53975 0.74688 0.77859 -0.61858 -0.62049 -0.15379 -0.30326 -0.28021 -0.094566 -0.12674 -0.15205 0.14843 0.30402 0.23691 -0.47616 -0.23644 0.46663 -0.50404 0.59347 0.42981 0.62447 0.9614
OpenMapRealMatrix	
Open	-0.61034 0.60236 0.61765 0.59614 0.55641 0.2301 -0.20742 0.8231 0.090912 -0.53776 0.17528 0.62751 0.15772 0.20984 -0.39661 0.47713 -0.27221 0.72068 -0.94254 -0.0011616 0.049811 0.44193 0.44902 0.47736 0.91806 -0.074704 0.43354 -1.389 0.40696 -0.15823 -0.51772 0.36528 0.12091 -0.20566 0.78396 -0.096688 -0.36237 0.02203 -0.44326 0.21395 0.046645 -1.1911 0.27869 0.042393 0.163 -0.2473 -0.18931 0.31419 0.37372 -0.83508 -0.54857 -0.38864 -0.031954 0.22341 -0.38107 -2.7609 0.28743 0.14508 2.3684 0.4966 -0.60259 0.42523 -0.16205 0.19028 0.38663 -0.39419 0.12353 0.37308 0.01648 -0.45128 -0.19476 -0.062371 0.31139 -0.83917 -0.62146 -0.17515 0.64186 0.19808 -0.44694 -0.24301 1.0159 -0.49681 -0.29576 0.94691 -0.80177 -0.0070947 0.041663 0.72282 0.026254 0.62928 0.073193 0.25655 0.16951 0.66374 -0.18381 0.66264 0.15201 -0.13958 0.72138 0.52252
Map	-1.1901 -0.0021529 0.40549 0.68942 0.66607 -0.4504 0.15405 0.14237 0.28827 0.18848 0.11546 -0.45715 0.47218 -0.74683 0.53511 1.4779 0.63923 0.073358 -0.3128 -0.36098 -0.36125 0.22723 0.40182 -0.10071 -0.23276 -0.25542 -0.18468 0.20922 -0.53883 -1.2156 0.36216 -0.044206 -0.052804 0.42888 0.15632 -0.48663 -0.063466 -0.6468 0.17658 -0.31864 -0.30747 -0.31038 0.24385 -0.20996 -0.79465 -0.10986 -0.5287 0.3553 -0.38423 0.36732 0.28419 0.51863 0.38478 1.1469 -0.25501 -2.0559 -0.22187 -0.30559 1.0603 0.43159 -0.56748 0.91966 -0.26692 -0.55159 1.2229 0.99048 -0.78262 0.55937 0.056696 -0.14318 -0.041988 0.28624 0.39882 -0.62893 0.70887 -0.46459 1.0158 0.59964 -0.78927 -0.50455 -0.0011997 -0.12257 -0.72215 0.23839 -0.039859 0.49306 0.3755 -1.1257 -0.14628 0.11075 -0.45438 0.62459 0.011659 -0.15928 -0.3664 -0.3185 0.14606 -0.22496 0.056719 0.12277
Real	0.45006 0.15098 0.31014 -0.20369 -0.22106 0.026847 -0.47168 -0.35329 0.30574 -0.18775 0.58343 -0.32065 -0.30944 -0.088593 0.1322 0.30485 0.26046 0.70907 0.48573 1.0704 0.44214 0.06786 -0.48416 -0.24182 -0.32512 -0.095676 0.13895 -0.51328 -0.74034 -0.42652 -0.4399 0.21417 -0.31975 0.09943 0.29569 -0.13221 -0.036458 0.34684 0.17692 -0.28864 0.64341 -0.59949 0.38077 -0.36846 0.070136 -0.00020772 0.044784 0.44886 -0.33167 -0.55238 -0.10746 -0.071916 0.1292 0.85166 0.5303 -2.7433 -0.15436 0.0070157 1.083 0.22456 -0.01432 0.85114 -1.3592 -0.80181 0.91592 0.18628 0.3964 0.068408 0.024484 0.049238 -0.17104 0.091187 -0.11639 -0.64507 0.41747 -0.34394 0.19825 -0.48231 -1.0754 0.23921 0.90534 0.12622 -0.42316 0.094697 -1.1758 -0.44065 -0.72483 0.51275 -0.0057466 -1.627 -0.67722 0.11307 -0.04569 0.20915 -0.6479 -0.35823 -0.059874 -0.5568 0.50717 -0.17496
Matrix	-0.26638 0.44491 0.32743 0.43459 0.10528 0.31703 -0.34503 0.18147 -0.14878 0.84897 0.4721 -1.1558 0.099759 0.062035 0.47041 1.0013 0.018791 1.311 1.3388 -0.50075 0.32534 -0.84829 -0.40882 -0.18405 0.71325 0.03127 1.9998 0.59029 -0.21204 -0.44343 0.68245 0.94438 -0.119 -0.32573 1.083 0.20224 0.9864 0.44538 0.23942 -0.91462 0.32708 0.036551 -0.091388 -0.4554 -0.41849 0.5451 -0.5648 0.12676 -0.29724 0.39565 0.43511 -0.83701 0.10056 0.81198 0.07657 -0.50079 -0.63924 0.25515 0.56498 0.26425 -0.29232 0.2291 -0.23567 0.52685 1.6412 0.22546 0.99099 -0.083019 0.8046 0.14957 -0.18681 0.29335 -0.15312 -0.43332 0.36968 -1.0212 0.046447 -0.061121 -0.30038 -0.32563 -0.34144 0.47618 -0.8345 -0.047333 -0.35806 0.67309 0.66781 -0.92899 -0.13483 -0.27056 -1.1066 0.35388 -0.26355 0.59609 1.1334 -1.1025 0.77682 -0.17267 -0.53726 0.158

computeKey	
integer	-0.70304 1.1551 -0.82597 0.80244 -0.1544 0.57949 -0.59958 -0.13816 0.20076 0.7598 0.11517 -0.51886 -0.0048979 0.26955 0.36924 0.8576 -0.94379 1.4129 0.86419 0.31124 0.18086 -0.77403 0.20806 -0.25154 0.034796 0.17688 1.4762 1.1659 -0.21113 0.30036 0.22823 0.80581 0.47468 -0.076756 0.69561 -0.51302 0.37499 0.37388 -0.068775 -1.0938 0.93828 -0.1988 0.15837 -0.41197 -0.1835 0.32009 0.49577 -0.46046 -0.20326 0.97771 0.4894 -0.65754 0.65469 0.12753 0.19114 -0.28326 -0.0755 0.18287 0.81389 0.70295 -0.54558 -0.7949 -1.01 0.35813 0.91667 0.044389 0.35713 0.22794 0.25637 0.38169 -1.8087 -0.27927 -0.10885 -0.34289 0.55816 0.36369 -0.92598 -0.51939 -0.71715 -0.6642 0.15924 -0.73644 -1.0238 -0.90902 0.66494 0.75204 0.49799 -0.90445 0.11537 -1.0012 -2.0251 1.1827 -1.0992 -0.38243 -0.212 -0.90378 0.015037 -0.27281 -0.54588 0.89177
overflow	-0.22045 0.17031 -0.018221 -0.05559 -0.8323 1.146 -0.21732 0.56198 1.1177 -0.30852 -0.44742 -0.034428 -0.62315 -0.34291 0.41075 -0.24005 -0.50872 0.47833 0.19722 -0.79662 -0.56892 -0.52646 0.21212 -0.25031 0.14604 -0.57467 -0.60056 0.78436 0.67608 0.095962 0.064283 -0.57991 0.42295 0.57674 -0.33674 -0.29096 0.34159 0.078076 -0.28787 0.2373 0.48921 -0.21266 -1.1246 -0.20486 1.0539 0.80536 -0.18113 -0.37975 0.031141 0.71286 -0.11242 -0.44395 0.84116 -0.10627 -0.051756 -0.65303 0.66474 -0.78445 0.75602 0.80269 -0.26787 0.41552 0.54279 0.55783 0.17324 0.10245 0.85851 -0.73793 0.76535 -0.57824 -0.33453 -0.58201 0.63745 -0.35566 0.29758 0.42823 0.16637 0.47571 0.53975 0.74688 0.77859 -0.61858 -0.62049 -0.15379 -0.30326 -0.28021 -0.094566 -0.12674 -0.15205 0.14843 0.30402 0.23691 -0.47616 -0.23644 0.46663 -0.50404 0.59347 0.42981 0.62447 0.9614
compute	-1.3069 0.34337 -0.6561 0.50535 -0.31266 -0.016182 -0.86545 0.018588 0.65697 0.48712 0.60409 -0.14442 -0.13581 -0.37783 0.13353 -0.29716 0.45541 1.3479 0.02077 0.047824 -0.059017 -0.52721 -0.12911 0.36634 -0.3437 0.44807 0.26396 -0.03747 0.091416 -0.52161 0.36524 0.27812 -0.23949 -0.14362 0.2543 0.13902 -0.26839 0.27864 0.23045 -0.61099 0.66523 0.59624 -0.63049 -0.059215 -0.93496 0.41595 0.27816 -0.28668 -0.4027 0.43794 0.0081997 -0.13542 0.69342 0.55247 -0.031567 -0.060406 0.53747 0.64762 0.47787 0.0064127 -0.49562 -0.38452 -0.6629 0.35706 0.71461 0.43798 0.26165 -0.26898 0.5635 -0.25969 -0.61574 0.2409 0.29615 -0.56231 0.29118 -0.16626 -0.1762 -0.8583 -0.29637 0.17477 -0.27668 0.052056 -1.3648 -0.4695 -0.23453 0.38541 0.91612 -0.45371 -0.070356 0.45356 -0.56951 1.0177 -0.27158 -0.081268 0.19165 -0.78914 0.40251 -0.14526 -0.30298 0.078954
Key	-0.22009 0.1228 0.49666 0.014973 0.58537 -1.0869 -0.4435 -0.67389 -0.11957 -0.2751 0.14446 -0.30252 -0.32128 0.14588 -0.1927 0.29439 0.093863 -0.43039 0.20753 0.084383 0.39514 -0.59375 0.32108 -0.065593 -0.11269 -0.6302 -0.23751 -0.094258 -0.36321 0.3258 0.082417 -0.093256 0.15658 -0.059934 0.022428 -0.11107 0.093985 -0.04207 -0.32812 0.031688 -0.50681 -0.61542 1.6011 0.030004 0.00056317 0.2723 -0.10129 -0.0017352 -0.46781 -0.58449 0.10235 0.15112 -0.22557 0.9944 -0.13042 -2.0398 -0.29454 -0.3525 1.7486 0.59134 -0.65688 0.3913 -0.068291 -0.00327 0.63607 -0.041222 0.22515 0.40704 0.60109 0.029032 -0.17948 0.24172 -0.21984 -0.55467 0.09011 -0.45749 -0.25776 0.02886 -0.17182 -0.00081766 0.70004 0.12981 -0.49957 -0.59933 -1.7221 0.32901 0.49726 0.61915 0.093617 -0.23046 -0.49754 0.5477 -0.28813 0.26786 -0.99516 0.3707 0.24787 -0.46564 0.97654 0.92977

sparse	-0.90527 0.75956 0.43935 0.39954 -0.20403 0.91443 -0.41132 0.81457 0.157 0.029883 -0.16421 -0.38098 0.22103 -0.76402 0.64144 0.11591 -0.31957 -0.23472 1.3975 -0.30001 -0.36262 0.013094 0.8628 -0.24945 0.22144 -0.35787 0.18559 0.13404 -0.3327 0.027331 -0.22131 -0.8523 0.18434 -0.0066565 0.17178 0.23737 0.28128 0.26522 -0.035673 -0.22735 0.48541 -0.41884 -0.16221 0.70793 0.18037 -0.78151 0.66796 0.31962 0.73084 -0.27783 0.58958 -0.63033 0.46216 0.044857 0.36067 -0.45425 0.038291 -0.097992 0.49445 0.15291 -0.2563 0.25525 -0.11006 -0.18666 1.03 -0.59593 0.63774 -0.66705 0.98068 -0.35577 -0.22056 0.064896 0.43584 -0.65109 0.61955 -0.19052 -0.43473 -0.085881 0.13087 0.26023 0.20755 0.094361 -0.26727 -0.52626 -0.61919 0.10971 0.44107 -0.025252 -0.60956 0.70072 0.17355 -0.18802 -0.25023 0.1855 0.21467 -0.6147 -0.52821 0.31389 -0.086492 0.39735
matrix	-0.26638 0.44491 0.32743 0.43459 0.10528 0.31703 -0.34503 0.18147 -0.14878 0.84897 0.4721 -1.1558 0.099759 0.062035 0.47041 1.0013 0.018791 1.311 1.3388 -0.50075 0.32534 -0.84829 -0.40882 -0.18405 0.71325 0.03127 1.9998 0.59029 -0.21204 -0.44343 0.68245 0.94438 -0.119 -0.32573 1.083 0.20224 0.9864 0.44538 0.23942 -0.91462 0.32708 0.036551 -0.091388 -0.4554 -0.41849 0.5451 -0.5648 0.12676 -0.29724 0.39565 0.43511 -0.83701 0.10056 0.81198 0.07657 -0.50079 -0.63924 0.25515 0.56498 0.26425 -0.29232 0.2291 -0.23567 0.52685 1.6412 0.22546 0.99099 -0.083019 0.8046 0.14957 -0.18681 0.29335 -0.15312 -0.43332 0.36968 -1.0212 0.046447 -0.061121 -0.30038 -0.32563 -0.34144 0.47618 -0.8345 -0.047333 -0.35806 0.67309 0.66781 -0.92899 -0.13483 -0.27056 -1.1066 0.35388 -0.26355 0.59609 1.1334 -1.1025 0.77682 -0.17267 -0.53726 0.158
easily	-0.71474 0.5863 0.8408 0.037293 0.51331 0.53994 0.18258 -0.24365 0.77048 0.11359 0.28693 0.53335 0.11134 -0.24869 0.42044 -0.22713 0.0022905 0.97645 -0.49755 -0.5782 0.47192 -0.084915 0.78325 0.12568 -0.040081 -0.31436 -0.20282 -0.47919 0.66699 -0.33304 0.043867 0.94381 -0.46293 -0.075929 1.2062 -0.14474 -0.62775 -0.323 -0.34382 0.24495 0.045454 -0.84458 -0.59233 -0.64447 0.096828 0.063698 0.62966 0.15613 0.35965 -0.78803 0.19949 -0.011983 0.40819 0.74465 0.66277 -1.655 -0.11825 0.62861 1.0116 -0.098193 0.019701 0.64874 -0.019133 0.3188 0.83256 -0.17642 0.51711 0.39135 0.34712 -0.53995 -0.22612 -0.12645 0.28583 0.028715 0.50373 -0.27826 -0.65817 -0.27784 -0.14549 0.20094 0.29242 0.03108 -1.1449 -0.45466 -1.3763 -0.55624 0.40929 0.40271 -0.4516 -0.054929 -0.14249 -0.25954 -0.12277 -0.26491 -0.55768 0.27329 -0.064459 -0.22827 -0.098011 -0.11183
encountered	-0.36977 -0.073159 0.12327 0.6279 -0.26255 -0.093384 0.12338 -0.34172 0.19833 -0.53238 0.15541 -0.066319 0.54526 -0.20886 0.34799 -0.80221 -0.38296 -0.0044979 -0.49655 -0.24165 0.29541 -0.17176 0.060568 -0.21834 -0.1631 -0.11547 -0.41212 -0.39335 0.22893 -0.28822 -0.60906 -0.04593 -0.015175 -0.1644 0.47476 -0.21738 0.034361 -0.16498 0.94899 0.57526 -1.2798 0.17519 -0.0093812 0.32332 0.35503 0.26561 0.4453 0.45383 0.40964 0.21859 0.39135 0.14137 0.031425 0.72525 0.63043 -0.65059 0.23537 -0.21433 0.22905 0.59018 -0.13614 0.9891 -0.36873 0.25863 0.55392 -0.29819 0.17906 -0.70081 0.32571 0.38462 -0.3795 -0.18925 -0.34857 0.090674 0.24385 0.40636 -0.040687 -0.057258 -0.72547 0.56193 0.19369 -0.31948 -0.47116 0.35206 -1.1029 -0.65104 -0.17729 -0.55773 -0.68757 -0.28962 -0.31141 -0.31601 -0.025772 0.11024 0.12034 0.30227 -0.6732 0.031904 0.20653 0.11746
long	-0.24149 0.43733 -0.32623 -0.18897 -0.29305 -0.28223 -0.37429 0.47172 -0.61045 -0.17059 -0.05528 0.74618 0.61522 0.29321 0.23069 -0.40869 0.24888 -0.48797 0.00048047 -0.54519 0.52164 0.73132 -0.0010567 0.10601 0.84546 0.49301 -0.92694 -0.56454 -0.073725 0.087184 -0.17091 0.29569 0.41866 -0.35302 0.33314 0.23985 0.51223 0.31759 0.36975 0.52439 -0.15201 -0.5523 0.41703 -0.13236 0.095632 -0.4792 0.82726 -0.41113 0.24488 -0.11884 0.25559 -0.55004 0.48753 1.2109 0.41641 -2.8652 0.26831 -0.094585 1.8959 0.43377 -0.17049 0.82421 0.10373 -0.18124 0.63302 -0.02878 0.66535 0.12374 -0.08893 -0.18875 0.26731 0.13841 -0.1126 -0.3464 -0.044674 -0.45838 -0.66339 -0.018257 -0.89461 -0.27158 0.70234 -0.077111 -0.35251 0.1509 -1.7293 0.20593 -0.23115 0.079508 -0.092586 -0.11143 -0.18736 0.32542 -0.38972 -0.37078 -0.65679 -0.082912 -0.51918 -0.34876 0.23791 0.21206
heap	-0.96407 0.96501 0.13546 -1.2706 -0.60117 0.2978 -1.1946 -0.27061 0.72323 0.6053 0.3007 0.57229 0.052326 0.094871 0.09971 -0.14206 0.86322 0.34467 -0.0097683 0.10272 -0.31826 0.67942 -0.12788 -0.10524 0.68889 -0.018812 -0.0548 0.66752 0.38384 0.0013366 0.24598 -0.70298 0.14296 0.16861 -0.51741 0.34048 -0.17043 -0.53002 -0.41073 0.1495 -0.14437 -0.56023 -0.51478 0.1744 -0.27382 0.68277 -0.34343 0.7758 -0.15273 -0.12908 0.33191 -0.51002 -0.52114 0.54942 -0.17675 -0.57504 -0.54961 -0.1338 0.22639 0.39885 0.11873 0.079581 -0.85884 0.52372 0.58688 -0.29078 0.74559 -0.053128 -0.49339 -0.86115 -0.5203 0.16705 0.26429 0.50736 -0.55962 0.34313 -0.38985 -0.33699 -0.0056391 0.19149 0.6056 0.76799 -0.20595 -0.4774 0.46425 -0.14131 -0.23523 -0.93721 -0.35038 -0.075306 0.15007 0.39804 -0.36732 0.86975 0.70699 -0.43918 0.2911 -0.20637 0.15909 0.37057
space	-0.61215 0.52527 0.55462 0.64196 0.23032 -0.61887 -0.14833 0.46161 -0.20763 0.80166 0.56618 -0.78276 0.26426 -0.22914 0.043014 -0.78507 0.34399 1.7378 -0.1698 -0.522 0.057588 0.0051612 -0.20976 -0.51761 0.7091 -0.043425 0.047175 0.33851 0.03789 -0.069778 -0.79842 0.33495 -0.73327 0.55113 0.49646 0.51566 -0.015249 0.89606 0.44509 -0.4309 0.038605 -0.88876 -0.31965 0.48985 0.45449 -0.011774 -0.40223 0.82363 0.30614 0.91713 0.77495 -0.43347 0.082859 1.2164 0.35486 -2.7043 0.46457 0.099372 2.3759 0.62874 0.090341 0.83998 0.41942 0.2052 0.7758 0.51317 0.60416 0.20702 0.20588 -0.030531 0.094505 -0.061225 0.23529 0.12531 -0.063531 -0.41719 0.23566 0.25989 -1.0676 0.4867 -0.30798 0.090697 -0.048635 0.43991 -0.96693 0.49947 0.79603 0.026394 -0.024631 -0.57532 0.332 0.3526 0.83645 -0.37103 0.040161 -0.085178 -0.024307 0.0056288 0.0094042 -0.40878
exhausted	-0.0022729 0.53018 0.51866 0.048016 -0.61258 0.165 0.23128 0.83187 0.49266 -0.8154 0.53476 0.67159 0.10321 -0.96415 -0.23865 -1.1739 -0.7345 -0.032386 -0.15497 -0.75809 -0.073881 0.23751 0.46408 -0.068811 0.19517 0.53799 -0.16217 -0.30636 0.16439 0.37728 0.23283 -0.491 -0.76525 -0.5823 0.12773 -0.10975 -0.53051 -0.15988 0.47851 -0.19123 -0.28425 -0.33934 0.35573 -0.2133 0.47972 -0.094435 -0.15149 0.4881 0.34274 -0.066761 -0.36239 -0.44029 0.24315 0.703 0.17434 -0.42535 0.24887 -0.75304 0.69703 0.31475 0.33634 0.3359 -0.64254 0.1699 0.49711 -0.33358 0.5749 -0.11035 -0.14586 -0.48814 0.63125 -0.49133 0.06054 -0.042285 0.82989 0.72132 -0.23989 0.41669 -0.2456 -0.65692 0.43532 0.5029 -0.39283 0.51232 -1.1886 -0.16262 -0.15112 0.63504 -1.3839 -0.41816 -0.078277 -0.13904 0.10685 0.37585 -0.53295 -0.020581 0.20561 0.51037 -0.54158 0.63392

attached	-0.83058 0.07766 -0.044144 -0.075507 0.45494 0.054938 -0.70513 -0.086861 0.057909 0.28725 0.37745 -0.069551 0.70366 0.95438 0.21557 -0.24644 0.11632 -0.18982 -0.040057 -1.1177 -0.11689 -0.15545 -0.003882 -0.36072 0.39241 -0.18999 -0.46885 0.17311 0.2393 0.29423 0.14033 0.26678 0.13689 -0.050454 0.72985 0.17487 0.048574 0.098177 0.4926 0.10861 0.53031 -0.23757 0.57635 -0.42911 -0.20108 0.099016 -0.136 1.118 -0.27992 -0.35538 0.19351 0.24918 -0.029696 0.80425 -0.21167 -1.394 0.16742 -0.70505 1.426 0.58923 0.18092 0.8928 0.39398 1.1052 0.31445 -0.21055 -0.060798 0.54298 0.30067 -0.10536 0.45543 -0.12849 0.67514 0.029719 0.42786 0.43728 0.55238 0.35919 -0.4141 -0.11503 -0.55767 -0.17923 -0.54135 0.043243 -0.99176 -0.087259 0.36558 -0.40048 0.086533 -0.17767 -0.72027 -0.16417 0.29932 -0.021349 0.14078 -0.41101 0.08255 -0.65315 0.7827 -0.42624
code	0.040031 -0.24448 0.73053 -0.78522 0.10176 1.1329 -0.54574 -0.16502 -0.22271 0.26857 -0.0028017 -0.53323 0.23771 -0.013369 -0.31623 0.31315 1.4045 0.3017 -0.3337 0.026709 -0.23063 -0.35121 0.3957 -0.048798 0.20233 -0.42681 0.086992 -0.32299 -0.51931 -0.39928 0.40101 1.0389 0.11716 -0.29213 0.40621 0.34681 -0.21982 -0.99274 0.27808 0.30669 -0.15944 -0.43364 0.10627 0.13963 -0.47956 -0.080051 -0.062879 -0.10151 -0.20968 -0.19341 0.45186 0.61042 -0.064944 0.96259 -0.85312 -1.127 0.15543 -0.13428 2.2155 0.61877 -0.20611 -0.513 -0.68671 -0.048113 0.87501 -0.11171 -0.40812 -0.042767 0.6316 0.14233 -0.23214 0.036219 0.32677 0.13164 0.37036 0.17449 0.12896 0.12132 -0.88154 0.11403 -0.24804 -1.2929 -0.34626 -0.30557 -1.4405 1.2882 0.31974 -1.2983 -0.18529 0.85937 -0.19239 0.83516 -0.56495 0.0085904 0.70475 -0.095823 -0.26036 -0.95226 -0.059152 -0.19183
demonstrates	-0.025274 0.23557 0.48393 0.55618 0.12426 -0.3618 -0.19992 0.025585 0.11541 0.013554 -0.24755 -0.073489 0.27182 -0.53755 -0.38253 0.34693 -0.21777 0.3994 -0.17551 0.14298 -0.12543 -0.47858 -0.33456 -0.55417 0.04273 0.15716 0.068046 -0.2566 -0.42579 -0.43489 -0.31237 0.8232 0.0070494 0.1218 0.066312 -0.076337 0.25002 -0.19123 -0.2886 -0.49747 -0.21049 0.38181 0.057295 0.23173 -0.51447 -0.36272 0.72204 -0.1636 -0.073633 -0.31579 0.077773 -0.05379 0.18393 0.56105 0.090676 -0.86117 0.28903 -0.70044 0.18523 -0.2169 -0.33767 0.25202 0.049587 -0.25273 0.026641 0.42605 0.046719 -0.17634 -0.0216 0.13603 0.84564 0.026233 -0.23492 0.068125 0.94809 0.090856 0.11267 -0.3596 -0.75644 0.1438 0.1349 0.19929 -0.29414 -0.095476 -0.70961 -0.40444 -0.047026 -0.19245 -0.37583 -0.15283 -0.32559 -0.11473 -0.24968 0.38482 0.56811 0.054123 -0.34516 -1.0724 -0.30705 0.98504
problem	-0.29581 0.30855 0.82131 0.0085845 -0.66401 -0.069684 0.085665 -0.46486 1.179 0.03124 -0.16966 0.19938 0.24664 0.16489 -0.35447 -0.33572 -0.44905 0.21919 -0.036618 -0.65902 -0.43739 -0.09481 -0.031618 -0.15844 0.014121 0.038115 0.18901 -0.61176 -0.59838 0.071352 -0.36706 0.14968 0.39045 0.049271 0.10153 0.13062 -0.038567 0.2845 0.51043 -0.22678 -0.74117 0.32308 0.26895 -0.77992 -0.28285 0.09795 0.527 -0.016245 -0.71906 -0.32505 0.63978 -0.21855 -0.66017 1.2624 0.32059 -2.2355 -0.091599 -0.10159 1.6238 0.73467 0.020861 0.24514 -0.327 -0.16384 1.3841 0.46869 0.58052 -0.35346 0.41557 -0.058828 -0.28866 -0.020676 -0.29129 0.063786 0.70216 -0.2204 -0.089771 0.29046 -0.86696 0.74243 0.57275 -0.14929 -0.73445 -0.21592 -1.772 0.17907 -0.36801 -0.17197 -1.1736 -0.55531 -0.59886 0.2586 -0.55728 -0.088817 0.21041 0.46815 0.079753 -0.35043 0.69074 -0.058652
security	-0.54812 -0.59526 0.51106 -0.28236 0.042281 0.0098602 -0.81804 0.31707 0.72298 0.65932 -0.011503 -0.15633 0.40415 0.33654 -0.19118 0.22318 0.47275 -0.37604 -1.4368 -0.70577 0.0018936 -0.78053 0.35409 -0.39263 -0.31086 -0.4895 -0.042803 -0.36605 -0.43291 0.11099 0.13172 -0.14052 -0.5033 0.30447 0.2781 -0.035067 -0.16576 0.51028 0.39634 0.43908 -0.21582 -0.58404 1.1359 0.4934 0.35553 -0.21484 -0.27747 0.31142 -0.72995 -0.72453 0.67625 -0.20535 -0.35954 1.7725 -0.017912 -2.3846 0.88889 -0.51865 1.8868 0.43222 -0.26865 -0.080824 -0.27343 -0.31773 0.47822 0.17027 -0.20541 0.38748 0.88872 0.61151 0.48762 -0.86307 -0.21343 -0.93353 0.20169 0.11287 0.22997 0.35405 -1.0584 0.28047 1.7728 -0.18948 0.41384 -0.0099218 -1.483 0.67675 0.63901 0.16577 -0.2538 -0.46696 0.49387 0.068447 -0.28346 -0.12219 -0.57999 0.99332 0.52901 0.044368 0.35067 0.53382
vulnerability	-0.29877 0.42906 1.1952 -0.070607 -0.40563 -0.39642 -0.62274 -0.77969 0.079682 0.51178 -0.39492 0.069071 -0.33524 -0.41722 0.2814 0.38096 -0.22357 0.26392 -0.27048 -0.4014 -0.51834 -0.92092 -0.036647 0.23394 -0.019556 0.32395 0.37602 0.16528 -0.24365 -0.63555 0.48391 0.071436 -0.32536 0.53558 0.20707 -0.53155 0.28434 0.029856 0.35246 0.21818 -0.34735 0.06299 -0.043826 0.66059 0.19832 0.4233 0.59753 0.34773 -0.26981 -0.25254 -0.14551 0.05818 -0.14452 0.96752 0.31242 -1.0169 0.71655 -1.1312 0.018967 -0.31257 -0.098387 0.5083 0.048777 -0.0064614 0.56207 0.43065 0.39389 -1.0997 1.0524 0.043848 0.13851 -0.064961 0.09101 -0.087346 0.37543 0.13465 0.1711 0.097504 -0.23103 0.48905 0.39489 -0.081714 -0.060361 0.47483 -0.93112 -0.5339 0.024043 0.30643 -0.87314 -0.28706 -0.067581 0.64727 0.34365 0.00076512 0.30501 0.59961 0.27094 -0.88191 -0.017816 0.53347
matrix	-0.26638 0.44491 0.32743 0.43459 0.10528 0.31703 -0.34503 0.18147 -0.14878 0.84897 0.4721 -1.1558 0.099759 0.062035 0.47041 1.0013 0.018791 1.311 1.3388 -0.50075 0.32534 -0.84829 -0.40882 -0.18405 0.71325 0.03127 1.9998 0.59029 -0.21204 -0.44343 0.68245 0.94438 -0.119 -0.32573 1.083 0.20224 0.9864 0.44538 0.23942 -0.91462 0.32708 0.036551 -0.091388 -0.4554 -0.41849 0.5451 -0.5648 0.12676 -0.29724 0.39565 0.43511 -0.83701 0.10056 0.81198 0.07657 -0.50079 -0.63924 0.25515 0.56498 0.26425 -0.29232 0.2291 -0.23567 0.52685 1.6412 0.22546 0.99099 -0.083019 0.8046 0.14957 -0.18681 0.29335 -0.15312 -0.43332 0.36968 -1.0212 0.046447 -0.061121 -0.30038 -0.32563 -0.34144 0.47618 -0.8345 -0.047333 -0.35806 0.67309 0.66781 -0.92899 -0.13483 -0.27056 -1.1066 0.35388 -0.26355 0.59609 1.1334 -1.1025 0.77682 -0.17267 -0.53726 0.158
store	0.52294 -0.40177 -0.24409 -0.3159 0.55896 -0.10096 0.14053 0.47603 0.67951 0.44764 0.39565 -0.5254 0.58189 0.058988 0.41342 0.63251 0.41075 0.56616 -0.7342 -0.13923 0.52434 0.12765 0.14069 -0.46349 -0.22853 -0.04946 -0.13433 -0.80657 -0.25577 -0.028448 0.24645 0.66296 -0.095033 0.24336 0.20112 0.52708 -0.085777 -0.46579 0.62355 -1.3898 1.6153 -0.63936 -0.27306 -0.3158 0.13856 0.76081 -0.35622 -0.010666 0.73285 -0.27176 0.52378 -0.3445 0.19642 0.084521 -0.16773 -2.025 -1.1461 -0.46626 1.7867 -0.041003 0.12514 0.30766 0.24421 0.39681 0.37643 -0.040673 1.0868 0.021002 0.65338 -0.013208 -0.31862 0.36921 0.018255 -0.2449 0.3322 0.47222 0.5365 -0.38163 -0.65287 0.33452 0.10521 -0.088202 -0.64046 0.54657 -0.79602 -0.7064 0.11571 -0.66399 -0.23751 0.32279 0.75971 0.66051 0.93978 -0.47123 -1.0326 -0.41882 0.4293 0.14674 1.2848 0.41213
access	0.040558 0.20727 0.39193 0.64868 0.68834 -0.46082 -0.93591 0.36037 0.90155 -0.46507 0.26234 0.37939 0.065963 -0.42501 0.36173 -0.26664 0.76573 -0.11931 -0.64871 0.078622 -0.36688 0.093008 0.84226 -0.25151 -0.085288 -0.4019 0.26144 -0.5182 -0.33263 0.12171 0.53961 0.84918 -0.2037 0.3472 1.0323 0.3383 -0.053121 0.58291 -0.20546 0.55712 -0.15925 -0.26881 -0.090092 -0.077264 0.15521 -0.0011457 -0.14018 -0.27282 0.74351 0.007522 0.35167 0.73687 -0.50736 0.57352 0.37988 -1.6134 0.20355 -0.82388 2.6172 -0.3991 -0.66176 -0.36297 0.25222 -0.32696 0.94012 -0.18918 0.61247 -0.31251 0.71717 -0.20975 -0.33847 -0.29855 0.77105 -0.50749 0.3123 -0.01257 0.089906 0.12052 -0.49706 -0.72468 1.329 -0.10175 -0.19787 0.19686 -1.8189 0.80779 0.60472 0.042983 0.053371 0.52098 0.16774 -0.04036 0.43119 -0.50233 -0.18109 -0.049244 0.56632 -0.088068 0.99972 0.66769
control	-0.16488 -1.027 0.58678 -0.084775 -0.14952 0.20733 -0.5558 -0.23405 0.28853 0.22328 0.01886 0.076547 0.21697 -0.15205 -0.091678 -0.16133 0.014861 -0.15468 -0.16224 -0.59454 0.45081 -0.35927 0.56715 -0.52683 -0.2661 -0.42756 -0.030021 -0.25014 -0.022355 -0.13324 0.28761 0.42139 -0.054242 0.060897 0.035595 -0.28559 0.11626 0.35641 -0.097582 0.027215 -0.29012 -0.40101 0.14145 -0.76829 0.22792 0.072385 -0.21202 -0.068352 -0.030707 -0.65373 -0.12439 0.57447 -0.56502 1.5445 0.95812 -2.3604 0.34269 -0.11281 1.9797 0.31825 0.65544 0.085859 0.20073 0.43008 0.79615 0.66409 -0.07841 -0.093079 0.25357 0.46342 0.063688 -0.60433 0.33363 -0.045715 -0.086716 -0.93347 -0.8118 0.12537 -1.1177 0.43213 0.83994 -0.35018 -0.85687 0.54444 -1.4956 0.93219 0.99946 -0.1268 -0.24329 -0.23052 0.33069 -0.33041 0.015818 0.47067 -0.3768 0.42395 0.05533 -0.34021 0.78655 0.076509

Workaround	-0.19618 0.48139 -0.14719 0.40986 -0.021891 -0.41573 0.42355 -0.35731 0.6842 -0.30248 -0.14666 0.4284 0.076784 -0.83378 0.22756 0.39217 -0.085666 0.26001 0.034305 -0.25386 -0.35511 -0.26154 -0.21224 0.15677 -0.22747 -0.18008 0.18584 0.0076346 -0.86203 -0.16536 -0.53046 0.22647 -0.3356 -0.2153 0.52194 0.91643 -0.29397 -0.89852 0.80455 -0.37748 0.018543 1.233 0.66829 -0.41391 0.12582 0.13621 0.099412 -0.36686 -0.29668 0.35122 0.056861 0.16353 -0.24488 0.29762 0.038902 0.046334 0.11879 -0.057017 0.051602 -0.35503 -0.44135 -0.65281 0.024125 0.48631 -0.1102 -0.084013 0.18507 -0.27718 -0.41164 -0.8039 -0.28124 0.34419 0.057944 0.20072 -0.0019732 -0.087045 0.39392 0.066741 0.15137 0.27179 -0.30283 -0.68978 0.029575 -0.19601 -0.067271 0.73769 0.63428 -0.21842 -0.517 0.22941 -0.12135 0.12808 -0.32429 -0.66243 1.0578 0.10287 0.006121 0.019229 -0.18267 0.27196

create	-0.26383 0.26373 -0.34955 0.083314 0.90819 -0.048935 -0.45747 -0.22535 0.30465 0.33276 -0.4685 -0.21108 -0.18969 -0.61031 -0.048294 -0.11973 0.42292 0.5067 -0.32303 0.1661 -0.015954 -0.48184 0.46411 -0.56109 -0.27748 -0.65359 -0.17535 -0.28018 -0.15452 -0.43765 -0.18374 0.76467 -0.52114 -0.58212 0.2433 -0.29428 0.49694 -0.34083 -0.26909 -0.090634 -0.10362 -0.016322 -0.79197 -0.6805 -0.25711 0.22994 0.074819 0.18185 -0.39566 -0.64057 -0.55135 -0.10861 -0.25924 0.77428 0.4059 -2.8124 0.54481 -0.11613 1.5227 0.19011 0.03108 0.89708 -0.22949 -0.073137 0.96343 0.00042938 0.33437 0.20522 0.35985 -0.93257 0.73966 -0.17801 -0.38467 -0.43444 0.43006 0.048868 -0.078963 -0.073633 -0.65398 0.40146 0.62592 -0.029576 -0.33386 0.34614 -1.1142 0.68437 0.56213 0.17745 -0.0098425 0.11455 0.35228 0.080023 -0.2583 -0.99062 0.16343 -0.47097 -0.062209 -0.66947 0.59345 0.15684
OpenMapRealMatrix	
cells	-0.2154 0.40057 -0.57096 -0.15169 0.22193 0.32605 0.60967 0.25641 0.14511 0.32392 -0.3301 0.35345 0.53578 0.81093 0.88965 0.10355 -1.0058 0.53776 1.2822 -0.40219 -0.35231 -0.91667 0.18185 -0.13686 -0.13195 0.56051 0.87546 -0.88314 0.73335 0.86091 1.2119 0.67684 -0.36575 -0.21894 0.82263 -0.13613 -0.27637 0.056237 -0.08788 0.5628 0.089306 -0.70786 -0.8486 -0.49495 0.61619 -0.37968 0.2937 0.92258 -0.96918 0.030273 0.1792 -0.03033 0.8769 0.7376 -0.25909 -0.77592 -0.74663 -0.71248 0.67571 0.65532 -0.6348 1.1056 0.92972 -0.068238 1.3122 1.3512 0.079885 -0.15551 0.38296 -0.84801 1.1655 -0.2038 -0.1838 -1.0024 0.21769 0.21419 0.24705 -0.66602 0.3183 0.58101 0.69247 0.59229 -1.8652 1.2006 -1.8056 1.3216 1.211 0.039808 -0.31679 0.49095 -0.32876 -0.44318 0.7268 -0.22244 0.076363 -0.11159 0.19587 -1.4361 0.84446 -0.48134
addressable	-0.42971 0.40422 -0.2619 0.096209 0.082961 0.58412 -0.47976 -0.33701 0.52283 -0.10103 -0.34186 -0.32059 0.0027016 -0.98208 0.44947 0.93616 -0.46813 0.74605 0.033392 -0.49461 -0.39745 -0.21926 -0.42774 0.16373 -0.073101 0.066486 0.86222 1.1193 -0.0081399 0.2191 0.54298 0.095474 0.1338 0.14234 0.097955 -0.44956 0.006625 -0.046531 0.36102 0.37479 1.5206 0.018352 -0.3165 0.56749 0.057586 -0.33777 0.11612 0.15328 -0.72414 -0.11159 -0.19743 0.26989 -0.045509 -0.27825 0.20794 0.20776 0.27712 -0.10396 0.42004 -0.60969 0.56295 -0.29189 0.1943 0.82797 0.0040955 -0.061649 0.30571 -0.28567 -0.12828 -0.52676 -0.048977 -0.34565 1.3071 0.36352 -0.71755 0.19124 -0.024189 0.13748 -0.59383 0.15027 -0.57726 0.13336 -0.5131 0.32251 -0.09146 -0.20132 -0.28796 0.3986 -0.013688 0.14194 -0.2153 0.91815 -0.0077181 -0.18921 0.21803 -0.16004 1.0738 0.12829 0.045089 0.074793
int	-1.2815 0.29622 -0.53259 0.32107 -0.39625 -0.11924 0.42091 0.19327 -0.13448 -0.85049 -0.45988 -0.59597 -0.79427 0.31379 -0.43536 0.70608 0.44329 -0.11279 0.036991 -0.12338 -0.45912 -0.73173 -0.21593 0.23246 0.98264 0.90022 0.6924 0.49234 0.74033 0.20114 -0.10716 0.84224 0.46705 0.4129 -0.060172 0.21711 0.4259 1.0596 -0.32892 0.70179 0.37757 -0.91555 -0.57109 -0.18899 -0.0089607 -0.67049 -0.95645 0.85213 0.44196 0.2516 -0.39928 -0.1086 0.14475 0.048046 -1.8383 0.20715 0.66836 -0.15683 0.83449 -0.89062 -1.731 -0.28511 -1.6281 -0.4891 -0.017375 0.20429 -0.39652 -0.12376 0.083896 1.019 0.29363 -0.22713 -0.57131 0.20946 0.36736 0.070658 -0.60987 0.36272 -0.11703 -0.3601 0.91502 0.34288 0.42903 0.1424 -0.14246 0.33683 -0.097052 -0.032925 0.65012 0.62676 0.26149 0.73428 -0.77328 -0.24923 0.86026 -0.36051 0.5583 -0.30908 0.34023 0.0885
Open	-0.61034 0.60236 0.61765 0.59614 0.55641 0.2301 -0.20742 0.8231 0.090912 -0.53776 0.17528 0.62751 0.15772 0.20984 -0.39661 0.47713 -0.27221 0.72068 -0.94254 -0.0011616 0.049811 0.44193 0.44902 0.47736 0.91806 -0.074704 0.43354 -1.389 0.40696 -0.15823 -0.51772 0.36528 0.12091 -0.20566 0.78396 -0.096688 -0.36237 0.02203 -0.44326 0.21395 0.046645 -1.1911 0.27869 0.042393 0.163 -0.2473 -0.18931 0.31419 0.37372 -0.83508 -0.54857 -0.38864 -0.031954 0.22341 -0.38107 -2.7609 0.28743 0.14508 2.3684 0.4966 -0.60259 0.42523 -0.16205 0.19028 0.38663 -0.39419 0.12353 0.37308 0.01648 -0.45128 -0.19476 -0.062371 0.31139 -0.83917 -0.62146 -0.17515 0.64186 0.19808 -0.44694 -0.24301 1.0159 -0.49681 -0.29576 0.94691 -0.80177 -0.0070947 0.041663 0.72282 0.026254 0.62928 0.073193 0.25655 0.16951 0.66374 -0.18381 0.66264 0.15201 -0.13958 0.72138 0.52252
Map	-1.1901 -0.0021529 0.40549 0.68942 0.66607 -0.4504 0.15405 0.14237 0.28827 0.18848 0.11546 -0.45715 0.47218 -0.74683 0.53511 1.4779 0.63923 0.073358 -0.3128 -0.36098 -0.36125 0.22723 0.40182 -0.10071 -0.23276 -0.25542 -0.18468 0.20922 -0.53883 -1.2156 0.36216 -0.044206 -0.052804 0.42888 0.15632 -0.48663 -0.063466 -0.6468 0.17658 -0.31864 -0.30747 -0.31038 0.24385 -0.20996 -0.79465 -0.10986 -0.5287 0.3553 -0.38423 0.36732 0.28419 0.51863 0.38478 1.1469 -0.25501 -2.0559 -0.22187 -0.30559 1.0603 0.43159 -0.56748 0.91966 -0.26692 -0.55159 1.2229 0.99048 -0.78262 0.55937 0.056696 -0.14318 -0.041988 0.28624 0.39882 -0.62893 0.70887 -0.46459 1.0158 0.59964 -0.78927 -0.50455 -0.0011997 -0.12257 -0.72215 0.23839 -0.039859 0.49306 0.3755 -1.1257 -0.14628 0.11075 -0.45438 0.62459 0.011659 -0.15928 -0.3664 -0.3185 0.14606 -0.22496 0.056719 0.12277
Real	0.45006 0.15098 0.31014 -0.20369 -0.22106 0.026847 -0.47168 -0.35329 0.30574 -0.18775 0.58343 -0.32065 -0.30944 -0.088593 0.1322 0.30485 0.26046 0.70907 0.48573 1.0704 0.44214 0.06786 -0.48416 -0.24182 -0.32512 -0.095676 0.13895 -0.51328 -0.74034 -0.42652 -0.4399 0.21417 -0.31975 0.09943 0.29569 -0.13221 -0.036458 0.34684 0.17692 -0.28864 0.64341 -0.59949 0.38077 -0.36846 0.070136 -0.00020772 0.044784 0.44886 -0.33167 -0.55238 -0.10746 -0.071916 0.1292 0.85166 0.5303 -2.7433 -0.15436 0.0070157 1.083 0.22456 -0.01432 0.85114 -1.3592 -0.80181 0.91592 0.18628 0.3964 0.068408 0.024484 0.049238 -0.17104 0.091187 -0.11639 -0.64507 0.41747 -0.34394 0.19825 -0.48231 -1.0754 0.23921 0.90534 0.12622 -0.42316 0.094697 -1.1758 -0.44065 -0.72483 0.51275 -0.0057466 -1.627 -0.67722 0.11307 -0.04569 0.20915 -0.6479 -0.35823 -0.059874 -0.5568 0.50717 -0.17496
Matrix	-0.26638 0.44491 0.32743 0.43459 0.10528 0.31703 -0.34503 0.18147 -0.14878 0.84897 0.4721 -1.1558 0.099759 0.062035 0.47041 1.0013 0.018791 1.311 1.3388 -0.50075 0.32534 -0.84829 -0.40882 -0.18405 0.71325 0.03127 1.9998 0.59029 -0.21204 -0.44343 0.68245 0.94438 -0.119 -0.32573 1.083 0.20224 0.9864 0.44538 0.23942 -0.91462 0.32708 0.036551 -0.091388 -0.4554 -0.41849 0.5451 -0.5648 0.12676 -0.29724 0.39565 0.43511 -0.83701 0.10056 0.81198 0.07657 -0.50079 -0.63924 0.25515 0.56498 0.26425 -0.29232 0.2291 -0.23567 0.52685 1.6412 0.22546 0.99099 -0.083019 0.8046 0.14957 -0.18681 0.29335 -0.15312 -0.43332 0.36968 -1.0212 0.046447 -0.061121 -0.30038 -0.32563 -0.34144 0.47618 -0.8345 -0.047333 -0.35806 0.67309 0.66781 -0.92899 -0.13483 -0.27056 -1.1066 0.35388 -0.26355 0.59609 1.1334 -1.1025 0.77682 -0.17267 -0.53726 0.158

