Negative	-0.28484 0.42821 -0.15287 -0.09491 -0.70758 -0.10347 -0.65195 -0.52379 0.13753 -0.13096 -0.53777 -0.26481 -0.029579 -0.46898 1.2032 0.42135 -0.84915 -0.33449 1.0089 0.27825 1.0078 -0.11393 -0.6364 0.6631 -0.74198 -0.25037 0.71916 0.57801 -0.042992 0.13454 0.84789 0.44961 -0.25713 0.42525 -0.19336 -0.35178 0.15292 -0.062974 -1.0006 0.22262 -0.85286 -0.53685 -0.56001 -0.0941 0.060962 -0.2244 0.21632 0.032587 -0.77124 -1.3584 0.82965 0.36364 0.12652 0.48091 0.21336 -2.2645 0.46248 0.073632 1.3162 -0.53613 -0.077535 0.53568 -1.1114 0.15854 0.92027 0.32941 0.44073 -0.37835 0.22808 0.050345 0.010991 0.35105 0.26291 0.34484 0.23879 0.18989 -0.25515 -0.42076 -0.75198 -0.193 -0.088158 -0.032936 -0.8876 0.13675 -1.2536 -0.54164 -0.38148 -0.4151 -0.25185 -1.0611 -1.0487 0.46548 0.041498 -0.16957 0.44626 0.89204 -0.20015 -0.25581 0.11264 0.44666
restrictNonNegative	
restrict	-0.36644 -0.77637 -0.22391 0.73246 -0.36689 0.36665 -1.4035 0.14295 0.028471 -0.16857 -0.55088 -0.27292 0.093465 -0.43654 -0.22475 0.53488 0.16865 0.25857 -0.39521 0.10629 0.3808 -0.026428 0.75716 -0.10843 -0.22324 0.43015 -0.71318 -0.79667 -0.3013 0.34204 0.17694 0.61737 -0.40996 0.0097934 -0.47979 -0.15483 0.17183 -0.25058 -1.1716 0.57946 -0.36073 -0.32651 -0.12768 0.2309 -0.32347 -0.32459 0.28112 -0.25126 -0.029694 -0.5278 0.24499 1.0464 -0.29363 0.35695 -0.12502 -0.28771 0.065365 -0.76016 1.5439 -0.46281 -0.65298 -0.65148 0.54022 0.60387 0.75689 0.56975 0.53455 0.089427 0.29234 -0.63759 0.54711 -0.98765 0.39121 -0.17275 -0.11774 -0.3846 -0.39879 -0.15504 -0.4941 -0.30533 0.37996 -1.1161 0.23017 0.079614 -1.0418 -0.095062 0.40308 0.3425 -0.030837 0.35471 -0.35004 -0.080244 0.11259 -1.3763 -0.32103 -0.18248 0.20525 0.017895 0.57717 -0.21174
Negative	-0.28484 0.42821 -0.15287 -0.09491 -0.70758 -0.10347 -0.65195 -0.52379 0.13753 -0.13096 -0.53777 -0.26481 -0.029579 -0.46898 1.2032 0.42135 -0.84915 -0.33449 1.0089 0.27825 1.0078 -0.11393 -0.6364 0.6631 -0.74198 -0.25037 0.71916 0.57801 -0.042992 0.13454 0.84789 0.44961 -0.25713 0.42525 -0.19336 -0.35178 0.15292 -0.062974 -1.0006 0.22262 -0.85286 -0.53685 -0.56001 -0.0941 0.060962 -0.2244 0.21632 0.032587 -0.77124 -1.3584 0.82965 0.36364 0.12652 0.48091 0.21336 -2.2645 0.46248 0.073632 1.3162 -0.53613 -0.077535 0.53568 -1.1114 0.15854 0.92027 0.32941 0.44073 -0.37835 0.22808 0.050345 0.010991 0.35105 0.26291 0.34484 0.23879 0.18989 -0.25515 -0.42076 -0.75198 -0.193 -0.088158 -0.032936 -0.8876 0.13675 -1.2536 -0.54164 -0.38148 -0.4151 -0.25185 -1.0611 -1.0487 0.46548 0.041498 -0.16957 0.44626 0.89204 -0.20015 -0.25581 0.11264 0.44666

Problem	-0.29581 0.30855 0.82131 0.0085845 -0.66401 -0.069684 0.085665 -0.46486 1.179 0.03124 -0.16966 0.19938 0.24664 0.16489 -0.35447 -0.33572 -0.44905 0.21919 -0.036618 -0.65902 -0.43739 -0.09481 -0.031618 -0.15844 0.014121 0.038115 0.18901 -0.61176 -0.59838 0.071352 -0.36706 0.14968 0.39045 0.049271 0.10153 0.13062 -0.038567 0.2845 0.51043 -0.22678 -0.74117 0.32308 0.26895 -0.77992 -0.28285 0.09795 0.527 -0.016245 -0.71906 -0.32505 0.63978 -0.21855 -0.66017 1.2624 0.32059 -2.2355 -0.091599 -0.10159 1.6238 0.73467 0.020861 0.24514 -0.327 -0.16384 1.3841 0.46869 0.58052 -0.35346 0.41557 -0.058828 -0.28866 -0.020676 -0.29129 0.063786 0.70216 -0.2204 -0.089771 0.29046 -0.86696 0.74243 0.57275 -0.14929 -0.73445 -0.21592 -1.772 0.17907 -0.36801 -0.17197 -1.1736 -0.55531 -0.59886 0.2586 -0.55728 -0.088817 0.21041 0.46815 0.079753 -0.35043 0.69074 -0.058652

commons	-0.42024 -0.44034 0.81803 0.11362 0.51578 0.61196 -0.45747 0.16095 -0.10898 -0.84055 -0.73956 -0.4049 -0.54363 0.19526 0.0099955 -0.23736 -0.19713 0.48733 -1.0105 -0.46837 -0.27296 -0.12669 0.86147 -1.8241 -0.056538 -1.4028 0.46593 0.24329 0.07413 0.54623 0.040167 0.65977 -0.26472 -0.709 0.18514 0.69382 -0.86004 0.37651 -0.0016986 -0.14099 -0.62235 -0.45885 0.33342 -0.17311 -0.12626 -0.52439 0.33222 -0.42243 0.21931 0.25855 0.20686 -0.11386 0.75834 0.28875 -0.39179 -1.0038 0.21147 -0.38986 0.50673 0.34428 0.61369 -0.3361 -0.12786 0.48813 0.79141 0.24147 0.54069 -0.24632 0.44699 -0.54036 -0.31149 0.49579 -0.11915 -0.68568 -0.92711 0.20227 -0.63558 0.24202 -0.9498 -0.32241 -0.57312 -0.17372 1.0998 -0.1412 -0.020714 -0.65538 0.85148 -0.17484 0.45969 0.076778 0.49756 -0.33245 0.079547 1.4298 -0.112 0.78493 0.85329 0.40735 0.95417 -0.94974
math	0.15734 1.257 0.60331 0.50044 -0.82824 0.11006 0.12216 -0.18235 -0.25037 1.6259 0.21748 -1.0867 -0.47452 -0.098961 -0.37746 0.073246 -0.023446 0.99699 -0.25388 0.75971 -0.65526 -0.28404 0.60163 -0.021639 -0.56963 -0.90914 -0.51 -0.54366 -0.42035 -0.4662 -0.78386 0.46748 -0.30662 -0.30034 -0.14636 0.19633 -1.3988 -0.04512 0.5195 0.38131 -0.57313 0.60068 -0.95901 -0.71151 -0.63201 0.24312 0.016162 -0.015358 -0.39189 -0.067402 -0.42879 -0.5833 -0.43894 0.44133 -0.33234 -1.1747 0.66391 -0.089269 0.48889 0.093464 0.15706 0.26854 -0.51152 -0.25011 -0.49045 0.58264 0.78832 0.096092 0.46904 0.77098 -0.095119 0.95805 0.53733 0.20741 -0.9359 1.3078 -0.58077 0.21764 -0.17439 -0.66605 -0.13381 0.29631 -0.49327 -1.4127 -1.687 0.67278 -0.39849 -1.1623 0.084772 0.1559 -0.81095 0.47562 -0.35047 0.99207 -0.12087 -0.019675 0.26124 -0.75364 0.044015 0.21041
SimplexSolver	
Simplex	-0.1298 -0.072438 -0.30691 0.39542 -0.54686 0.25327 0.73822 -0.40344 0.60307 -0.13405 0.53929 0.14827 -0.26151 0.45977 0.46271 0.23036 -0.27876 -0.15376 1.163 -0.34095 0.15276 -0.20169 0.33138 0.84443 0.62646 -0.16777 1.4562 0.32543 -0.67108 -0.23581 -0.42274 0.50988 0.094585 0.17178 0.49317 0.47991 0.05225 -0.47297 1.2636 -0.28743 0.19845 0.35311 -0.65453 -0.14895 0.49897 1.4986 0.26173 0.015971 0.25107 0.95285 -0.17041 0.07453 -0.62853 0.38801 -0.36869 0.33076 0.049554 1.0494 0.14902 -0.15831 0.074426 -0.50105 -0.29995 0.27779 0.91909 0.51537 -0.10699 0.20754 0.038565 0.14277 -0.72529 -0.32588 0.37735 0.46295 1.0308 0.00031527 -0.34796 -0.13677 -0.51799 0.32209 -0.17209 -0.64398 -0.025179 -0.088284 0.016061 0.70667 -0.26087 0.17829 -0.17719 -0.15065 -0.88398 0.27025 0.59267 0.1801 0.98245 -0.33175 -0.38591 -0.86509 0.057415 -0.2147
Solver	0.04279 0.54054 0.77669 0.23217 -0.27873 0.6193 0.95583 -0.55194 0.54754 -0.0099187 -0.0088015 -0.00078842 -0.2149 -0.40913 0.033186 -0.067659 -0.025379 0.344 0.46035 -0.7877 -0.41656 0.015385 -0.32306 -0.27714 0.69282 0.15378 0.47842 0.070583 -1.0248 -0.40865 -0.26653 0.055366 -0.32108 0.21093 0.22116 0.78029 -0.13053 -0.075011 0.72384 -0.083156 -0.19633 0.80616 -0.068625 -0.71607 -0.20768 -0.26978 -0.039746 -0.63099 -0.37378 0.75402 -0.57026 -0.15072 -0.25181 1.1233 0.044865 0.48239 0.15374 0.46162 -0.64323 -0.44396 0.13938 -0.67554 0.1241 -0.35609 0.50159 0.50422 0.28672 -0.22769 0.11144 0.11457 0.015477 0.015315 0.52355 -0.022394 0.16751 -0.65289 -0.18298 -0.13968 0.37183 -0.21241 -0.030963 0.20918 -0.3867 -0.56932 -0.54257 0.69193 -0.3427 0.056138 -1.1098 -0.83577 -0.15163 0.52478 -0.43495 0.35155 1.1992 0.19939 0.65121 -0.1769 0.37926 -0.27176

variable	-1.3258 0.39068 0.23049 1.1109 -0.12389 0.35159 0.3779 0.6075 -1.122 -0.24327 -0.44216 0.20106 0.38253 -0.18834 0.78133 -0.14808 -0.36326 0.13361 1.5816 0.17497 -0.51457 -0.33115 -0.4905 0.58811 0.7866 -0.10983 0.071208 0.22163 -0.50065 0.27267 0.98769 0.44204 -0.59691 -0.197 -0.010864 -0.2615 0.50665 0.28944 0.52517 -0.64376 0.82821 -0.39556 -0.04843 0.12664 -0.17416 0.049368 0.18623 0.07373 -0.34326 -0.27919 -0.035425 0.45897 0.38921 0.80499 0.74626 -0.58957 0.52205 0.051535 1.0095 0.29094 0.0044308 -0.28365 -0.62727 0.25407 1.5695 -0.083718 -0.31323 -0.59434 0.79409 -0.047106 -0.86066 -0.87397 0.58795 0.23966 0.95793 -0.77157 0.16417 -1.0163 -0.48132 -0.88442 0.28428 -0.3948 -0.94215 -1.2824 -0.026794 0.50323 0.88475 -0.5438 -0.2092 -0.45496 -1.2686 0.80289 0.20327 -0.64048 0.094585 0.58367 -0.38113 -0.74286 0.72191 -0.16359
coefficient	-0.29986 -0.96134 -0.19599 -0.0057947 -1.1578 -0.15877 -0.38718 -0.021603 -0.51966 0.81435 -0.79642 -0.98099 -0.2414 -0.58674 0.42001 0.43377 -0.14059 0.3731 1.0928 -0.29259 0.16521 -0.54871 -0.91557 0.36614 1.4627 -0.62863 0.73722 0.025063 -0.55768 -0.70477 -0.36436 -0.078133 -0.61636 1.1119 0.62766 -0.05099 0.93872 0.33655 -0.053185 -0.27749 -0.29666 -0.67439 -0.36943 -0.7697 0.14136 -0.15064 0.59882 0.30336 0.12311 -0.1909 1.1098 -0.29805 -0.40835 1.3125 0.17851 0.097071 -0.21198 0.40832 0.18508 0.26886 0.083874 -0.73584 -0.0098648 0.019262 1.3563 0.48428 0.078315 -0.54369 1.379 -0.52099 -0.25773 -0.027113 0.22526 0.76118 1.2126 -0.85866 0.085879 -1.3758 -0.61643 -0.37529 -0.20986 0.019382 -0.44413 -0.44467 0.29373 0.49073 0.14847 -0.31698 1.0453 -0.29842 -1.9713 0.16354 -0.31572 0.25221 1.123 -0.94434 0.37668 0.42017 -0.22428 -0.096131
assigned	-0.78358 -0.4762 -0.093117 0.17835 -0.10502 0.099526 -0.084457 0.19442 -0.72055 0.64751 0.48413 -0.84636 0.58103 0.054341 0.06267 -0.98522 1.0696 -0.011448 -0.60741 -0.42461 -0.0066233 -0.34682 0.26512 -0.14839 -0.40286 -0.9139 0.15878 0.15325 0.94728 0.14503 0.07094 0.3664 -0.23353 0.23265 0.15564 0.42205 -0.3835 -0.23945 0.8424 0.30534 0.21909 -0.019441 0.20605 -0.072295 0.55993 0.70261 -0.53499 -0.073108 -0.25681 -0.2984 0.33293 0.18967 -0.39439 0.69797 -0.29982 -0.86885 0.37934 -1.1008 1.4924 0.8076 -0.21833 0.7149 0.38607 0.26667 0.88588 -0.54655 -0.58147 0.60134 0.086802 1.3896 -0.13938 -0.6848 -0.059455 -0.043918 0.21879 0.0013706 -0.65289 0.14889 -0.35852 -0.57053 -0.42967 -0.14804 -0.74233 -0.0029981 -1.0508 -0.19567 0.32306 -0.75945 0.28899 0.22534 -1.0822 -0.35109 0.46303 -0.28417 0.1169 0.1994 -0.035061 -0.1659 -0.34961 -0.39204
negative	-0.28484 0.42821 -0.15287 -0.09491 -0.70758 -0.10347 -0.65195 -0.52379 0.13753 -0.13096 -0.53777 -0.26481 -0.029579 -0.46898 1.2032 0.42135 -0.84915 -0.33449 1.0089 0.27825 1.0078 -0.11393 -0.6364 0.6631 -0.74198 -0.25037 0.71916 0.57801 -0.042992 0.13454 0.84789 0.44961 -0.25713 0.42525 -0.19336 -0.35178 0.15292 -0.062974 -1.0006 0.22262 -0.85286 -0.53685 -0.56001 -0.0941 0.060962 -0.2244 0.21632 0.032587 -0.77124 -1.3584 0.82965 0.36364 0.12652 0.48091 0.21336 -2.2645 0.46248 0.073632 1.3162 -0.53613 -0.077535 0.53568 -1.1114 0.15854 0.92027 0.32941 0.44073 -0.37835 0.22808 0.050345 0.010991 0.35105 0.26291 0.34484 0.23879 0.18989 -0.25515 -0.42076 -0.75198 -0.193 -0.088158 -0.032936 -0.8876 0.13675 -1.2536 -0.54164 -0.38148 -0.4151 -0.25185 -1.0611 -1.0487 0.46548 0.041498 -0.16957 0.44626 0.89204 -0.20015 -0.25581 0.11264 0.44666
restrictToNonnegative	
flag	-0.25484 0.058547 -0.27894 -0.7888 0.098633 0.98936 -0.75969 -0.63161 -0.73634 0.077993 -0.42469 0.34621 0.70907 0.1764 -0.37456 -0.20161 1.1362 0.15192 0.23779 -1.3828 0.26171 -0.067883 0.32744 -0.27391 0.38429 -0.063543 -1.1721 0.0070119 0.8154 -1.0233 0.021139 0.34065 0.64771 0.47077 0.47949 -0.37534 0.0041973 0.23496 -0.036016 -0.22608 -0.40263 -0.64789 0.66705 0.26979 0.1771 0.067972 0.18371 0.60798 -0.93349 -0.91619 0.32056 0.31337 -0.063787 1.2278 -0.21209 -1.3503 -0.30464 0.60963 2.0207 0.46235 0.23728 0.6691 0.17958 0.39163 -0.038294 0.16882 -0.474 0.24089 -0.44696 0.082864 -0.11404 -0.55404 -0.066394 -0.26813 0.68943 1.0375 0.67035 0.38543 -0.56892 0.029506 -0.32436 -1.526 0.56592 0.18594 0.0060406 -0.81906 0.119 -0.68959 1.2539 0.12101 -0.36212 -0.37467 -0.28098 0.47958 -0.55668 -0.34562 -0.84181 -0.032722 0.12912 -0.10875
call	-0.57833 -0.0036551 0.34658 -0.13135 -0.55454 0.51136 -0.33964 0.21444 -0.14875 -0.40632 -0.24877 -0.013711 -0.077743 -0.0031011 0.39742 -0.092896 0.051331 -0.057702 -1.0554 0.446 0.13033 -0.1007 -0.46623 -0.41154 0.23996 0.010277 -0.3181 0.012289 0.81148 0.0064896 0.19668 0.72425 0.1447 0.3289 0.10419 0.43356 -0.22548 -0.41436 0.67698 -0.31664 -0.56414 0.099459 0.0012022 -0.43698 -0.28734 -0.41786 -0.51603 -0.20215 0.045103 -1.0291 0.33465 0.40716 0.3526 0.51566 -0.40057 -2.1249 0.18735 0.070587 1.7854 0.25659 -0.35064 -0.15965 -0.097151 -0.84694 0.44468 -0.33631 -0.0075343 0.36411 0.25368 -0.30346 -0.54467 -0.018555 -0.59607 -1.1053 0.0059089 0.11293 0.12558 0.16152 -1.096 -0.4293 0.4309 -0.81201 -0.30434 -0.49247 -1.5306 -0.063408 0.56379 0.24842 0.18647 -0.32636 0.11546 0.29028 -0.23353 -0.16417 -0.59932 -0.303 -0.11732 0.070204 0.44509 0.24148
restrict	-0.36644 -0.77637 -0.22391 0.73246 -0.36689 0.36665 -1.4035 0.14295 0.028471 -0.16857 -0.55088 -0.27292 0.093465 -0.43654 -0.22475 0.53488 0.16865 0.25857 -0.39521 0.10629 0.3808 -0.026428 0.75716 -0.10843 -0.22324 0.43015 -0.71318 -0.79667 -0.3013 0.34204 0.17694 0.61737 -0.40996 0.0097934 -0.47979 -0.15483 0.17183 -0.25058 -1.1716 0.57946 -0.36073 -0.32651 -0.12768 0.2309 -0.32347 -0.32459 0.28112 -0.25126 -0.029694 -0.5278 0.24499 1.0464 -0.29363 0.35695 -0.12502 -0.28771 0.065365 -0.76016 1.5439 -0.46281 -0.65298 -0.65148 0.54022 0.60387 0.75689 0.56975 0.53455 0.089427 0.29234 -0.63759 0.54711 -0.98765 0.39121 -0.17275 -0.11774 -0.3846 -0.39879 -0.15504 -0.4941 -0.30533 0.37996 -1.1161 0.23017 0.079614 -1.0418 -0.095062 0.40308 0.3425 -0.030837 0.35471 -0.35004 -0.080244 0.11259 -1.3763 -0.32103 -0.18248 0.20525 0.017895 0.57717 -0.21174
Nonnegative	-0.50474 0.47137 -0.37251 0.34781 0.10994 1.1295 -0.78955 0.21499 0.084577 0.53092 0.44322 -0.59641 -0.10226 0.052344 0.28625 0.93113 -0.32192 1.1776 0.79802 0.72819 0.80405 -0.65704 -0.68349 -0.92473 -0.15412 -0.19472 1.0692 0.063898 -0.24433 -0.18855 -0.0021331 0.04855 0.8284 0.42336 0.86423 -0.40696 -0.26364 -0.04121 -0.12344 -0.40677 0.55963 -0.27087 0.13242 0.29268 0.26575 0.40709 0.029803 0.23171 -0.60708 0.72802 0.47329 -0.75564 -0.49717 -0.40235 0.748 0.30593 0.37654 0.58353 -0.25165 -0.14747 -0.24381 -0.6103 -1.2836 0.05681 0.43762 0.65095 -0.023452 0.13822 0.22725 0.25511 -0.28313 -0.083381 -0.40556 -0.0050418 0.54381 0.45148 -0.39206 -0.45317 -0.18683 -0.40853 0.48252 -0.49008 -0.72984 0.13809 0.84793 -0.23267 0.10279 -0.37528 -0.13109 -0.92352 -2.0627 0.49067 -0.23291 -0.17865 -0.082839 -0.28091 -0.15729 0.042749 0.10332 0.061515

SimplexSolver	
optimize	-0.30027 -0.055488 -0.54583 0.91671 -0.41565 -0.21959 -0.66766 0.32379 -0.13826 1.1972 0.0064776 0.042596 0.32375 -0.62964 -0.11496 -0.09708 0.19091 0.34632 -0.11713 0.27677 -0.74642 -0.72902 0.063838 0.28285 -0.77472 -0.42884 -0.54604 0.4532 -0.14614 -0.092544 -0.86152 0.83273 -0.35098 -0.017607 -0.17705 0.14155 -0.46777 0.23264 -0.2625 -0.89099 0.20715 -0.23975 -0.96489 0.20574 -0.51202 0.8044 -0.38944 -0.29428 -0.1549 -0.3694 -0.67726 0.82467 -0.79428 0.64338 0.17284 0.2685 0.51549 -0.4762 0.65058 -0.76453 -0.79522 -0.23264 -0.42775 0.54583 0.0049653 -0.48292 0.16547 -0.36537 0.66184 -0.26794 1.0281 -0.32799 0.68104 -0.24265 0.31294 -0.31532 -0.22766 -0.16579 0.35033 0.0437 0.15296 0.59438 -0.76217 -0.11994 -0.72125 0.73509 0.15642 -0.27636 -0.66641 0.26108 -0.37923 0.41845 0.25172 -0.7562 0.43665 -0.53718 0.61117 -1.0058 0.41045 -0.11139
function	-0.70849 -0.019107 -0.59205 0.8237 -0.10769 0.69166 -0.34555 0.41812 0.21395 0.12474 -0.35594 -0.57262 0.58207 0.23888 -0.14986 0.0086386 -0.36698 1.3188 0.80471 -0.21054 -0.36433 -1.1229 -0.2566 -0.36258 0.13778 -0.29942 0.34317 -0.063593 0.087204 -0.14876 0.54699 0.624 -0.19873 0.13391 0.34466 -0.043508 0.24333 0.58914 -0.14814 -0.57168 0.28315 -0.4802 0.1234 -0.39462 0.10543 0.48846 0.035328 0.17875 -0.96065 -0.35982 0.54616 -0.23069 0.72719 0.99592 0.17513 -1.4591 -0.23761 -0.41938 1.3701 0.7148 -0.36186 -0.11285 -0.038547 -0.39648 0.85066 0.63595 -0.08941 -0.34382 1.0404 0.03199 -0.35843 -0.27925 0.70568 -0.51411 1.0711 -0.97475 -0.26158 -0.41035 -0.077634 -0.4684 -0.18744 -0.46304 -1.2327 -0.17264 -1.5927 0.99711 0.57638 -0.59362 -0.26752 -0.42766 -0.79945 0.42937 0.38756 0.79567 0.69211 -0.21263 0.37171 -1.2005 0.36418 0.16705
constraints	-0.53545 -0.28161 0.29457 -0.084058 -0.21855 -0.48807 -1.4945 0.063585 -0.30215 0.24931 0.54063 -0.16659 0.39944 -0.44205 0.11731 -0.25752 -0.39105 1.0191 -0.038495 -0.92249 -0.89348 -0.56547 0.38661 0.25086 0.018086 -0.22112 0.030632 -0.85303 -0.48499 -0.11516 -0.19846 -0.23343 -0.16565 -0.63715 -0.30806 0.44343 0.61419 0.076159 -0.43109 -0.39085 -0.47008 -0.19972 0.075696 0.97912 -0.03792 -0.39677 0.70661 0.38057 -0.60828 0.54154 0.25712 0.16818 -0.09067 0.96521 0.86006 -0.56782 0.39058 -0.62728 0.6255 0.63588 0.0043026 -0.51599 -0.96903 0.32357 1.0838 -0.21864 -0.049182 -0.83097 0.25009 -0.29629 -0.3384 -0.069013 0.27227 0.21082 0.39429 0.034038 -0.098411 0.09123 -0.32325 0.43003 0.07809 -0.75876 -0.30316 0.051058 -1.3827 0.67718 -0.23772 -0.043146 -0.77257 -0.51018 -0.47347 0.066946 0.049662 -0.60981 0.10099 0.16754 0.38065 -0.36102 0.35452 0.41861
GoalType	
MINIMIZE	-1.0978 -0.5174 -0.35226 0.78887 -0.35873 -0.29598 -1.0172 -0.48914 0.31104 0.35277 -0.35097 0.13928 0.0097636 -0.58897 0.1852 -0.35879 -0.33547 0.2385 -0.21599 -0.16669 -0.1659 -0.14229 -0.20757 -0.23359 -0.55653 0.262 -0.49899 0.17142 0.022868 -0.41628 -0.094227 0.18611 -0.41315 0.52804 -0.50485 -0.27713 0.17124 0.038719 -0.021526 0.063327 0.011859 -0.25038 -0.74343 -0.11662 -0.5262 0.60383 0.2363 -0.412 -0.87645 -0.61996 0.25674 0.0072163 -0.46201 0.9779 0.32768 -0.65328 0.55686 -0.57965 0.74376 -0.44706 -0.76195 0.26113 -0.32328 0.86034 0.79531 -0.20865 0.26999 -0.59826 0.09578 -0.80504 0.063115 -0.90156 0.084781 -0.1531 0.84422 -0.097222 0.040536 -0.32079 -0.23441 0.83236 0.18759 -0.26313 -0.26095 0.27089 -1.2597 -0.030561 -0.068849 0.62749 -0.4837 0.1487 -0.60585 0.072515 0.25829 -0.82759 -0.067512 -0.24974 0.6703 -0.30644 0.23476 -0.40097
true	0.15464 0.34523 0.76516 -0.067509 -0.22752 0.17635 0.060849 -0.73683 -0.010929 -0.15506 -0.037127 0.44122 0.49196 0.161 0.059594 -0.34585 0.38906 0.58412 -0.18402 0.91904 0.16361 -0.42808 -0.41092 -0.48833 0.13149 0.48545 0.31245 -0.32755 -0.29294 0.036161 0.093949 0.22658 -0.17662 -0.42009 0.36593 -0.017106 0.12171 0.41396 0.16341 -0.3657 -0.2852 0.23694 0.45269 -0.1636 -0.30904 -0.51067 0.72956 0.052385 -0.44922 -0.49141 0.35438 -0.047273 0.80949 0.64988 0.22007 -2.1907 0.45671 0.33745 1.3088 -0.22552 0.0091219 0.74043 -0.70664 -0.50473 1.2026 0.068264 0.37138 0.081119 -0.11622 -0.19866 0.15098 0.077015 -0.1155 -0.092158 0.51428 -0.13918 0.19576 -0.64354 -0.62059 0.10805 -0.2634 0.33458 -0.36549 -0.083662 -1.0601 -0.48679 -0.10551 -0.19984 -0.16644 -0.32716 -0.23584 0.10837 0.1829 0.34429 -0.43508 -0.77543 -0.9318 -0.80066 0.070027 0.47041
Simplex	-0.1298 -0.072438 -0.30691 0.39542 -0.54686 0.25327 0.73822 -0.40344 0.60307 -0.13405 0.53929 0.14827 -0.26151 0.45977 0.46271 0.23036 -0.27876 -0.15376 1.163 -0.34095 0.15276 -0.20169 0.33138 0.84443 0.62646 -0.16777 1.4562 0.32543 -0.67108 -0.23581 -0.42274 0.50988 0.094585 0.17178 0.49317 0.47991 0.05225 -0.47297 1.2636 -0.28743 0.19845 0.35311 -0.65453 -0.14895 0.49897 1.4986 0.26173 0.015971 0.25107 0.95285 -0.17041 0.07453 -0.62853 0.38801 -0.36869 0.33076 0.049554 1.0494 0.14902 -0.15831 0.074426 -0.50105 -0.29995 0.27779 0.91909 0.51537 -0.10699 0.20754 0.038565 0.14277 -0.72529 -0.32588 0.37735 0.46295 1.0308 0.00031527 -0.34796 -0.13677 -0.51799 0.32209 -0.17209 -0.64398 -0.025179 -0.088284 0.016061 0.70667 -0.26087 0.17829 -0.17719 -0.15065 -0.88398 0.27025 0.59267 0.1801 0.98245 -0.33175 -0.38591 -0.86509 0.057415 -0.2147
Solver	0.04279 0.54054 0.77669 0.23217 -0.27873 0.6193 0.95583 -0.55194 0.54754 -0.0099187 -0.0088015 -0.00078842 -0.2149 -0.40913 0.033186 -0.067659 -0.025379 0.344 0.46035 -0.7877 -0.41656 0.015385 -0.32306 -0.27714 0.69282 0.15378 0.47842 0.070583 -1.0248 -0.40865 -0.26653 0.055366 -0.32108 0.21093 0.22116 0.78029 -0.13053 -0.075011 0.72384 -0.083156 -0.19633 0.80616 -0.068625 -0.71607 -0.20768 -0.26978 -0.039746 -0.63099 -0.37378 0.75402 -0.57026 -0.15072 -0.25181 1.1233 0.044865 0.48239 0.15374 0.46162 -0.64323 -0.44396 0.13938 -0.67554 0.1241 -0.35609 0.50159 0.50422 0.28672 -0.22769 0.11144 0.11457 0.015477 0.015315 0.52355 -0.022394 0.16751 -0.65289 -0.18298 -0.13968 0.37183 -0.21241 -0.030963 0.20918 -0.3867 -0.56932 -0.54257 0.69193 -0.3427 0.056138 -1.1098 -0.83577 -0.15163 0.52478 -0.43495 0.35155 1.1992 0.19939 0.65121 -0.1769 0.37926 -0.27176
Goal	0.37463 -0.45783 0.43607 -0.18592 0.39146 0.13201 0.40696 -0.56897 -0.58788 0.37471 0.77892 -0.66205 -0.75479 -0.72995 0.23845 0.05514 -0.17449 0.38055 -0.74825 -0.38681 0.26459 0.29907 -0.028803 0.37746 0.36637 0.16978 -0.71765 0.061584 -0.20211 -0.87138 -1.1571 0.97784 0.37688 0.19406 0.39408 -1.1753 -0.5912 1.0843 -1.0697 -0.16679 0.44295 0.17436 0.34497 0.45835 -0.10064 0.015938 0.41949 -0.59228 -0.67753 -0.22583 0.35801 -0.42245 -1.438 1.2647 -0.034918 -2.887 -0.45084 -0.13241 0.96614 0.31888 -0.38168 -0.18362 -0.64692 -0.0081879 0.27132 -0.20845 -0.65913 0.32603 -0.55295 -0.5873 0.22557 0.025906 0.79134 -0.99571 0.49219 -0.49334 -1.0246 -0.6555 -0.62772 0.47167 0.16071 0.96678 -0.67766 -0.52509 -1.3783 -0.22734 0.014678 0.73887 -0.069027 -0.081978 -0.97551 -0.075598 -0.48707 0.2414 -1.6559 -0.71971 0.20561 0.29355 -0.21229 -0.36397
Type	-0.46941 1.0232 0.0052417 0.18489 -1.0635 0.13689 0.69977 -0.30627 -0.16586 0.45704 0.01229 -0.48474 0.37836 0.17034 0.85067 0.33692 0.2262 0.38728 0.59878 0.14127 -0.051814 -0.37338 -0.54281 -0.24778 0.090452 0.002322 0.18356 -0.17295 -0.23597 0.16531 0.035819 1.0133 0.15591 -0.17079 0.90975 0.39448 0.28375 -0.39955 0.70452 0.25146 0.016597 -0.48176 -0.012688 -0.71924 0.29969 0.23876 0.28271 0.040394 -0.44936 -0.73793 0.15482 0.68139 0.2535 0.47317 -0.14515 -1.5533 -0.12665 0.27583 1.7785 0.62287 -0.0026868 0.85672 -0.092051 0.86043 1.4102 0.2342 0.043018 0.02134 -0.0056198 -0.069628 -0.50595 -0.42616 0.43125 0.58374 0.59453 0.029196 -0.064607 0.068701 -0.87315 -0.30559 0.49768 -0.49717 -0.43532 -0.10364 -0.91355 0.51619 0.0066056 -1.0996 -0.023195 0.17907 -0.64761 0.1704 0.53353 0.22221 0.6111 0.20063 -0.49639 -1.478 0.91582 -0.36058

Function	-0.70849 -0.019107 -0.59205 0.8237 -0.10769 0.69166 -0.34555 0.41812 0.21395 0.12474 -0.35594 -0.57262 0.58207 0.23888 -0.14986 0.0086386 -0.36698 1.3188 0.80471 -0.21054 -0.36433 -1.1229 -0.2566 -0.36258 0.13778 -0.29942 0.34317 -0.063593 0.087204 -0.14876 0.54699 0.624 -0.19873 0.13391 0.34466 -0.043508 0.24333 0.58914 -0.14814 -0.57168 0.28315 -0.4802 0.1234 -0.39462 0.10543 0.48846 0.035328 0.17875 -0.96065 -0.35982 0.54616 -0.23069 0.72719 0.99592 0.17513 -1.4591 -0.23761 -0.41938 1.3701 0.7148 -0.36186 -0.11285 -0.038547 -0.39648 0.85066 0.63595 -0.08941 -0.34382 1.0404 0.03199 -0.35843 -0.27925 0.70568 -0.51411 1.0711 -0.97475 -0.26158 -0.41035 -0.077634 -0.4684 -0.18744 -0.46304 -1.2327 -0.17264 -1.5927 0.99711 0.57638 -0.59362 -0.26752 -0.42766 -0.79945 0.42937 0.38756 0.79567 0.69211 -0.21263 0.37171 -1.2005 0.36418 0.16705
Constraints	-0.53545 -0.28161 0.29457 -0.084058 -0.21855 -0.48807 -1.4945 0.063585 -0.30215 0.24931 0.54063 -0.16659 0.39944 -0.44205 0.11731 -0.25752 -0.39105 1.0191 -0.038495 -0.92249 -0.89348 -0.56547 0.38661 0.25086 0.018086 -0.22112 0.030632 -0.85303 -0.48499 -0.11516 -0.19846 -0.23343 -0.16565 -0.63715 -0.30806 0.44343 0.61419 0.076159 -0.43109 -0.39085 -0.47008 -0.19972 0.075696 0.97912 -0.03792 -0.39677 0.70661 0.38057 -0.60828 0.54154 0.25712 0.16818 -0.09067 0.96521 0.86006 -0.56782 0.39058 -0.62728 0.6255 0.63588 0.0043026 -0.51599 -0.96903 0.32357 1.0838 -0.21864 -0.049182 -0.83097 0.25009 -0.29629 -0.3384 -0.069013 0.27227 0.21082 0.39429 0.034038 -0.098411 0.09123 -0.32325 0.43003 0.07809 -0.75876 -0.30316 0.051058 -1.3827 0.67718 -0.23772 -0.043146 -0.77257 -0.51018 -0.47347 0.066946 0.049662 -0.60981 0.10099 0.16754 0.38065 -0.36102 0.35452 0.41861

Result	-0.087511 0.14542 0.29127 0.12803 -0.43367 -0.12828 0.038473 0.1143 0.040391 0.045484 -0.049661 0.073852 0.45601 -0.15827 0.20801 -0.050976 -0.66622 -0.11175 0.10186 0.56809 0.23976 -0.4262 0.22319 0.47691 -0.10006 -0.18398 0.23252 -0.35923 0.1942 -0.47505 0.0053464 0.44186 -0.32664 -0.54685 0.01672 -0.30198 0.14654 0.14177 -0.80985 -0.03107 -0.28552 -0.38628 0.00070181 -0.30259 0.38502 -0.086604 0.82058 -0.11483 -0.42936 -1.0251 0.54522 -0.27689 0.058767 0.88655 0.20817 -2.3723 -0.021035 -0.30926 1.4584 0.51699 -0.50363 0.1824 -0.30236 0.18627 1.0587 -0.012508 -0.30342 -0.25672 0.33463 -0.57944 -0.26818 0.078564 0.20907 0.038156 0.42015 -0.075941 0.056092 -0.28864 -0.97657 0.36076 0.65371 0.038731 -0.49036 0.10242 -1.5925 -0.47145 -0.13226 -0.27821 -0.43612 -0.33068 -0.31652 -0.44216 -0.39044 0.73472 0.029425 0.039828 0.11171 -0.095098 0.36196 -0.53465

variables	-0.93248 0.18035 0.24462 0.62591 -0.39803 0.53355 -0.10532 0.36748 -0.61886 0.015774 0.12103 -0.21891 0.3562 -0.099528 0.31229 0.39346 -0.14777 1.559 0.4305 0.25214 -0.46829 -0.65097 0.29463 0.58497 -0.52993 -0.50938 0.61283 0.052552 -0.33333 -0.12466 0.60917 -0.19706 -1.014 -0.037361 -0.26442 -0.3744 0.92566 0.33759 0.27553 -0.88171 -0.1801 -0.22298 -0.11913 0.51482 -0.75891 -0.072047 -0.25398 0.64812 -1.2121 0.16841 0.13653 -0.047372 0.34576 0.68759 0.83453 -0.059467 0.21348 -0.012847 0.5377 0.78724 -0.5827 -0.072588 -0.42248 -0.010709 1.6405 0.47366 0.13535 -0.61408 1.0628 -0.038813 -0.58676 0.077842 0.86365 0.20991 0.65935 -0.61919 0.06971 -1.069 -0.52547 -0.71604 -0.049644 -0.92328 -1.406 -0.61045 -0.71153 0.86587 -0.0056869 -0.44193 -0.72855 -1.1915 -1.5159 1.1994 -0.29775 -0.44201 -0.0073029 0.46314 -0.026162 -0.66887 0.11776 0.26641
coefficients	-0.20199 -0.1579 -0.78486 0.43724 -0.67189 0.54575 -0.072301 0.25095 -0.63062 0.49916 -0.23397 -0.79031 -0.072275 0.33733 -0.068213 0.45617 -0.97327 1.5718 0.98726 -0.093454 -0.51174 -0.72668 -0.045412 0.015246 0.38094 -0.45688 0.90025 0.37157 -0.81656 -0.29316 0.013871 0.078018 -0.71812 0.46872 0.49118 0.053998 0.79542 0.40486 -0.41131 -0.59362 0.48985 -0.55058 -0.26869 -0.99476 0.41525 -0.12735 0.097783 0.29637 0.0070033 0.72687 0.67208 -0.43324 0.26068 1.0871 0.25087 0.23919 -0.69058 0.2844 -0.13784 0.22762 -0.4455 -0.6707 -0.55124 -0.25569 1.353 0.67946 -0.14382 -0.16045 0.73955 -0.45243 -0.7358 -0.093084 -0.16216 -0.46478 0.84577 -0.8999 0.074029 -1.0018 -1.029 -0.30069 -0.026338 0.035943 -1.131 -0.50207 0.1313 0.35406 -0.04899 -0.46101 0.11098 -0.7821 -2.1542 0.58984 -0.27763 -0.18329 0.090502 -1.0454 -0.029894 0.16596 -0.26099 0.56524
point	0.17269 -0.027609 0.49901 0.3359 -0.17481 -0.45102 0.28994 0.095743 0.077675 -0.2915 0.086901 0.33124 -0.96975 -0.23638 0.49925 -0.12579 -0.091084 -0.11228 -0.46179 0.059011 0.99952 0.20905 -0.36568 0.026814 0.91803 -0.20686 -0.3063 -0.52311 0.05531 -0.39373 -0.24968 0.19493 0.40001 0.29533 0.05328 -0.061191 -0.24176 0.50774 0.44168 -0.44659 -0.64886 -0.51773 0.16947 -0.095477 -0.15267 0.15894 0.40236 -0.081701 -0.20263 -0.3982 0.68833 -0.41834 0.021512 1.3422 -0.010876 -2.6738 0.010857 -0.84325 1.7849 0.81014 -0.45253 0.093734 -0.22753 0.45456 0.53085 -0.10996 0.2547 0.29388 0.28844 0.28078 -0.61907 0.2029 0.49334 -0.4813 -0.018985 -0.40039 -0.084888 -0.10308 -0.41933 -0.082902 -0.073936 0.32672 -1.2724 -0.35077 -1.2825 -0.16007 -0.09911 0.20165 0.62445 -0.21343 -1.2574 0.39347 -0.48857 0.25024 -0.85545 -0.32242 -0.39019 -0.36885 0.24223 0.6136
computation	-0.29883 0.57218 -0.20683 0.90154 0.26187 -0.17144 -0.13845 -0.059149 -0.30388 0.39167 0.082137 0.49955 0.32306 -0.15249 0.51679 0.5625 0.13123 1.4465 0.78912 0.12877 -0.23993 -0.53699 0.46554 0.2866 -0.031625 0.09218 0.2253 -0.14026 0.019741 -0.13557 -0.53268 0.25033 -0.68777 -0.20043 0.10773 -0.11708 -0.6432 0.32203 -0.06907 -0.33776 0.29791 0.10441 -0.75009 0.60386 -1.0915 -0.24887 0.66161 -0.1986 -0.56406 0.85434 0.35889 -0.34822 0.22553 0.40793 0.4123 0.10953 0.2364 0.04911 0.55 0.46889 -0.37323 -0.49953 -0.1835 0.28239 0.41741 -0.21095 -0.43489 -0.73585 0.61855 0.050771 -0.94219 0.12896 0.26563 0.02689 0.23191 -0.27465 0.068103 -0.57787 -0.4402 0.12098 -0.3235 0.32714 -0.71632 -0.31325 -1.3419 1.3966 0.90895 -0.75593 0.085395 -0.7863 -0.13595 0.242 0.020556 0.66075 0.63504 -0.93646 0.80488 -0.65293 0.30831 0.39967
restrictions	-0.043076 -0.93548 -0.22227 -0.14519 -0.11831 -0.3061 -1.5365 -0.0066269 0.18861 -0.28765 -0.47407 -0.07924 0.48637 -0.68973 0.24043 0.24288 -0.048742 0.0057882 -0.52488 -0.46221 0.10637 0.38072 0.47155 0.19404 0.010304 0.050539 -0.33912 -1.4312 -0.76026 -0.076477 0.10713 0.39014 -0.050426 0.016003 -0.50211 0.23674 0.82689 -0.42891 -1.1624 -0.0024283 -0.85821 -0.91108 0.32734 0.62504 0.080318 -1.0438 0.49155 0.17896 -0.11173 -0.56154 0.90356 0.47274 -0.29211 0.79336 0.12551 -0.77318 0.010606 -0.58413 1.9994 0.46796 -0.17347 -0.57901 0.20683 0.20399 0.90849 0.15558 -0.02166 -0.46363 0.082975 -0.51779 -0.2433 -0.88374 0.15403 0.49005 -0.2059 0.33056 -0.043618 0.23584 -0.58032 0.027047 1.2318 -1.7706 0.47531 0.055857 -1.4344 0.49557 0.17795 -0.26966 -0.33181 -0.12234 -0.49671 0.0026117 -0.16781 -0.83816 -0.48224 0.056881 -0.03033 0.057008 0.78759 0.20306
affect	-0.31221 -0.15301 0.45367 0.63633 -0.74959 -0.43977 -0.25966 -0.035252 0.17829 0.084064 -0.86063 0.30027 0.6225 -0.55672 -0.11572 -0.32078 -0.64497 0.19486 0.32205 0.68735 -0.12749 -0.79553 0.56544 0.29629 -0.48787 0.19865 -0.040063 -0.42926 0.043441 0.20675 0.12283 0.74461 0.13807 -0.40498 -0.89367 0.019929 0.41817 0.2887 -0.80207 0.064337 -0.28476 -0.86066 -0.1743 -0.067559 -0.16796 0.26809 0.48063 -0.22581 -0.63984 -1.4326 0.4127 0.34159 -0.37968 0.45096 0.24553 -1.0493 0.3079 -0.43808 1.5536 0.28055 -0.67806 0.95998 0.29108 -0.47783 0.79734 0.86275 -0.16372 0.12869 0.34325 -0.73245 0.58999 -0.50547 0.38275 -0.11271 0.83944 -0.30989 0.28289 -0.22918 -0.2962 0.34501 0.16586 -0.2146 -0.39185 -0.076668 -1.3966 -0.15995 0.05188 0.10252 -0.052619 -0.49705 -0.19278 -0.10683 -0.10555 -0.53547 0.02002 0.64758 0.19158 -0.15967 0.72654 0.2568
values	0.014585 0.91762 0.26273 0.34912 -0.26841 0.32944 -0.76461 -0.94639 -0.75081 0.87473 -0.52974 -0.33767 0.34254 -0.20611 -0.48535 -0.50174 -0.2223 0.62947 -0.69472 0.47309 0.41506 -0.6126 0.27865 0.046697 -0.16659 -0.23636 0.15343 -0.30687 -0.472 -0.28999 0.78575 1.0897 -0.27674 0.36699 0.51239 -0.061076 0.4428 0.33363 -0.55937 -0.75493 0.045666 -1.1303 -0.02107 0.10783 -0.77744 -0.16789 -0.13516 0.25446 -0.6657 -0.72037 0.56203 0.11706 -0.00088326 1.1447 0.27697 -1.2771 0.87334 -0.05776 1.6606 0.34255 0.34928 -0.093171 -0.55971 -0.62597 0.52358 0.51099 -0.17215 -0.37916 0.87282 -0.63932 -0.20323 0.34034 0.37061 0.017415 0.22043 -0.43039 0.041417 -0.42196 -1.0385 -0.16131 -0.72722 0.40828 -0.33838 -0.19874 -0.38775 -0.0012478 -0.75843 -0.46997 -0.10185 -0.70257 -1.0015 0.13873 -0.0622 0.16205 -0.75922 -0.43936 0.0035452 -1.1743 0.089949 1.0224

