Bugs	-0.92003 -0.092087 0.85335 -0.70318 -0.38088 -0.057362 -0.24954 -0.5805 0.47537 -0.86506 0.65567 0.35465 0.10045 0.6491 0.56555 1.1149 -0.41017 0.62004 0.48967 0.34709 -0.81853 -0.69914 0.72965 0.035191 0.71974 0.23399 -0.53051 0.22586 -0.48498 0.23299 0.02134 0.47797 0.15761 0.29676 0.5247 0.44478 -0.66071 -0.6911 0.52726 -0.30962 -0.022301 0.51214 -0.67839 -0.29836 -0.34966 0.65731 -0.18667 -0.32355 -0.003275 0.11234 -0.13908 -0.37252 0.1219 0.72611 -0.2263 -0.4412 -0.096197 0.48275 0.22234 0.15713 0.23077 1.6117 -0.26614 0.69972 0.80734 0.46935 0.43484 -0.48032 0.88608 -0.041981 -0.28679 -0.66355 -0.83446 -0.34805 -0.50311 0.51975 -0.2235 -0.057263 -0.11072 1.4033 0.10765 -0.78431 -0.29043 0.023633 -0.93545 0.30245 0.072273 0.080453 -0.55906 0.9183 -0.050983 -0.43352 0.54186 -0.46519 -0.10314 -0.36968 -0.15324 -0.17001 0.17701 -0.16227
RealVector	
ebeMultiply	
RealVector	
ebeDivide	
RealVector	
OpenMapRealVector	
ebeMultiply	
RealVector	
OpenMapRealVector	
ebeDivide	
RealVector	
return	0.10483 -0.20148 0.20761 -0.24741 -0.13387 0.1678 -0.17015 0.31613 -0.085635 0.22753 -0.12968 0.66281 0.34332 0.11174 -0.062333 -0.47705 0.38937 0.17352 -0.1497 0.57772 0.20197 -0.19238 -0.21633 0.33175 0.2554 0.12737 -0.29661 -0.38718 0.93222 -0.23178 -0.41018 0.25106 -0.44001 0.048755 0.078251 0.2067 0.32111 0.39704 -0.78405 -0.65491 -0.82952 -0.45039 0.5385 -0.37227 0.31965 -2.9134e-05 -0.37973 -0.54251 0.68472 -0.81818 0.35916 -0.017955 0.28055 0.70254 0.22264 -2.3298 -0.29809 -0.81741 1.8447 0.39505 -0.36728 0.2835 -0.70904 -0.37948 0.76066 -0.1291 -0.02278 0.29353 -0.63138 -0.25353 -0.082943 -0.4101 -0.5194 -0.7351 0.17988 0.14519 -0.45157 0.077171 -0.49515 0.064367 0.7602 0.5762 -0.22859 0.0007965 -0.79401 0.16778 0.6392 0.087073 -0.078949 -0.63338 -0.34562 -0.053887 0.24041 0.0053984 -0.98415 -0.47787 0.46757 0.56396 0.070056 -0.21982
wrong	0.29976 0.096764 0.78986 -0.29726 -0.83994 0.12198 -0.22968 0.11562 0.54558 0.08816 0.29916 0.61139 0.065818 0.016323 0.076039 0.11764 -0.4941 0.30019 -0.50541 0.48323 0.75858 0.3074 0.17119 -0.79183 -0.39111 0.36388 -0.28968 -0.3329 0.13149 0.018273 0.54316 0.74766 0.34077 -0.19567 -0.28023 0.25138 -0.97814 0.032817 0.2556 -0.49649 -0.71281 0.42679 0.032038 -0.521 -1.0339 -0.40718 0.13885 0.30654 -1.0586 -0.89805 0.96808 0.1891 0.045624 0.70073 -0.52195 -1.9921 0.35914 0.62048 1.4776 -0.18456 -0.057311 0.68488 -0.15894 -0.0077764 0.56207 -0.40786 0.25042 0.24086 -0.82292 -0.068123 -0.33161 -0.092879 0.21996 -0.30731 0.58824 -0.09236 0.10411 0.27774 -0.43211 0.041362 0.13665 0.25971 -0.97938 -0.4664 -1.5725 -0.59968 0.018044 0.023086 -0.61087 -0.66244 -0.75826 0.04741 0.37288 -0.010702 0.031318 -0.044713 -0.36382 -0.14839 -0.19055 0.14488
values	0.014585 0.91762 0.26273 0.34912 -0.26841 0.32944 -0.76461 -0.94639 -0.75081 0.87473 -0.52974 -0.33767 0.34254 -0.20611 -0.48535 -0.50174 -0.2223 0.62947 -0.69472 0.47309 0.41506 -0.6126 0.27865 0.046697 -0.16659 -0.23636 0.15343 -0.30687 -0.472 -0.28999 0.78575 1.0897 -0.27674 0.36699 0.51239 -0.061076 0.4428 0.33363 -0.55937 -0.75493 0.045666 -1.1303 -0.02107 0.10783 -0.77744 -0.16789 -0.13516 0.25446 -0.6657 -0.72037 0.56203 0.11706 -0.00088326 1.1447 0.27697 -1.2771 0.87334 -0.05776 1.6606 0.34255 0.34928 -0.093171 -0.55971 -0.62597 0.52358 0.51099 -0.17215 -0.37916 0.87282 -0.63932 -0.20323 0.34034 0.37061 0.017415 0.22043 -0.43039 0.041417 -0.42196 -1.0385 -0.16131 -0.72722 0.40828 -0.33838 -0.19874 -0.38775 -0.0012478 -0.75843 -0.46997 -0.10185 -0.70257 -1.0015 0.13873 -0.0622 0.16205 -0.75922 -0.43936 0.0035452 -1.1743 0.089949 1.0224
entry	0.080984 -0.4078 0.79013 0.2939 0.39911 -0.37849 -0.20229 0.31229 0.66054 0.046952 -0.13641 0.050918 0.044995 -0.0083643 -0.13665 0.41119 0.5295 -0.14733 0.16016 -0.13209 -0.18063 0.14285 0.051452 0.11356 0.7469 -0.64778 0.35657 -0.75742 0.65843 -0.43985 -0.74499 0.43337 0.088468 0.043881 0.88773 -0.032348 -0.12407 0.045864 -0.58771 -0.21644 -0.53699 -0.38203 0.60302 0.37937 0.65502 -0.13578 -0.17573 -0.28327 0.29092 -0.032701 0.75041 0.21033 -0.76801 0.60837 -0.32939 -1.4637 0.095297 -0.045804 2.2439 0.14158 -0.86539 0.027674 0.042394 0.39544 0.84694 -0.34606 -0.39589 0.19677 -0.064193 -0.73219 -0.23883 -0.31633 -0.060286 -0.015767 -0.44187 0.58587 0.0052621 -0.038653 -0.59638 -0.7553 0.67292 -0.092578 -0.18081 -0.14128 -0.73379 -0.12109 0.43414 -0.74208 0.33001 0.114 -0.47636 0.45043 0.18193 0.09775 0.055432 -0.071906 -0.1683 0.41603 0.48882 -0.25235
RealVector	
nan	-0.040383 -0.2132 0.055937 -0.070654 0.4657 0.14988 0.35069 0.38861 1.0382 0.31142 0.43467 1.0776 0.20412 0.11486 -0.15259 -1.2375 0.63977 -0.40243 -0.32668 -0.16361 0.4715 0.097336 -0.3228 0.82284 -0.05374 0.72566 0.077025 0.19049 -1.011 0.063992 -0.42976 0.492 0.3961 -0.22394 -0.32937 -0.68569 -0.038767 1.2796 -0.51853 -0.14503 -0.46248 -0.021891 -0.57194 0.066688 0.36953 0.7507 -0.94705 -0.29925 0.41504 -0.50964 -0.61258 0.20794 0.51331 0.20323 -0.25576 -0.016653 0.36026 0.29747 -0.25774 -0.0073715 -0.6191 -0.16447 -0.28221 0.16458 -0.13794 -0.36302 0.32537 1.4793 0.16161 0.018392 -0.29274 0.56243 0.3591 -0.26062 0.24564 -0.39409 -0.61024 -0.23352 -0.40417 -0.46959 0.45789 -0.074916 0.12149 -0.79923 0.27619 0.19909 -1.3364 0.47668 0.9909 -0.057745 0.91582 0.46617 0.10032 0.25265 -0.36012 -0.42818 -0.3804 -1.3927 -0.015867 0.11311
infinity	0.6483 -0.2227 0.059875 0.40507 -0.033686 0.10414 0.097513 0.40586 -0.099458 -0.027425 0.36192 0.27666 -0.553 -0.55562 0.23973 -0.97459 0.06962 0.8196 0.65026 -0.027475 0.35066 -0.14762 -0.70429 0.42062 0.66694 0.057012 0.67781 0.39936 -0.10631 -0.14273 0.56754 0.18993 -0.81169 0.74468 -0.21746 0.59947 -0.029666 0.13491 0.29186 -0.67336 0.34277 0.3798 -1.4046 0.38451 -1.072 0.67604 -0.27719 0.63608 -0.54236 0.18903 -0.11887 -0.12569 0.18013 0.35438 0.13191 -1.6111 0.40701 -0.10906 -0.045378 0.21121 0.29718 -0.77361 -0.18015 0.033786 0.91904 0.077251 0.42189 -0.10133 -0.39755 0.25185 -0.41818 -0.29261 0.23322 0.3283 -0.29893 -0.39379 0.44754 -0.097495 -0.19188 -0.15664 -0.17393 -0.22866 -0.2312 0.87143 0.30127 0.44036 -0.12513 -0.29606 1.293 -0.15421 -0.94618 0.43129 0.0015369 -0.22646 0.02758 -0.29224 0.039367 0.096358 0.38295 0.41646
Real	0.45006 0.15098 0.31014 -0.20369 -0.22106 0.026847 -0.47168 -0.35329 0.30574 -0.18775 0.58343 -0.32065 -0.30944 -0.088593 0.1322 0.30485 0.26046 0.70907 0.48573 1.0704 0.44214 0.06786 -0.48416 -0.24182 -0.32512 -0.095676 0.13895 -0.51328 -0.74034 -0.42652 -0.4399 0.21417 -0.31975 0.09943 0.29569 -0.13221 -0.036458 0.34684 0.17692 -0.28864 0.64341 -0.59949 0.38077 -0.36846 0.070136 -0.00020772 0.044784 0.44886 -0.33167 -0.55238 -0.10746 -0.071916 0.1292 0.85166 0.5303 -2.7433 -0.15436 0.0070157 1.083 0.22456 -0.01432 0.85114 -1.3592 -0.80181 0.91592 0.18628 0.3964 0.068408 0.024484 0.049238 -0.17104 0.091187 -0.11639 -0.64507 0.41747 -0.34394 0.19825 -0.48231 -1.0754 0.23921 0.90534 0.12622 -0.42316 0.094697 -1.1758 -0.44065 -0.72483 0.51275 -0.0057466 -1.627 -0.67722 0.11307 -0.04569 0.20915 -0.6479 -0.35823 -0.059874 -0.5568 0.50717 -0.17496
Vector	-0.56771 0.91216 -0.2829 0.5578 0.050398 0.40665 0.3673 -0.36428 -0.98524 0.26007 0.018096 -0.63123 -0.063122 -0.18705 0.57547 0.23842 -0.25555 1.069 1.0302 -0.83849 0.75157 -0.68062 0.12004 0.29099 0.78576 0.48795 1.2945 0.67044 -0.36405 -0.42256 0.21618 0.3502 -0.14259 0.53681 0.82246 0.15446 -0.07861 0.41013 0.086787 -0.84371 0.44019 -0.7558 -0.44159 -0.094715 0.032807 0.8449 -0.18331 0.27648 -0.72416 1.2323 0.785 -0.32615 0.76546 1.0035 0.6576 -0.017172 0.16064 0.33622 1.148 0.16761 0.072649 -0.46968 -0.13508 -0.066288 1.3862 1.0864 -0.040472 0.80728 0.37592 0.90444 -0.9964 0.13507 0.46792 -0.36232 1.5683 -0.74236 -0.03565 0.11809 -0.59792 0.37407 -0.2829 -0.58131 -1.7029 0.028298 -0.088614 0.57591 0.33803 -0.76718 0.45252 -1.5267 -1.1651 -0.049588 0.48192 -0.037205 0.91121 -0.41625 0.42605 -0.28347 0.25458 0.28664
ebe	0.048136 0.059843 0.099917 0.12171 -0.32887 -0.098817 0.28329 -0.095536 0.49876 0.14278 0.32152 0.31867 -0.19388 0.039435 0.1522 0.26005 -0.22408 -0.086786 -0.40841 -0.29949 -0.32006 -0.22826 -0.67017 -0.28243 -0.5717 0.20874 0.10075 0.39989 -0.28236 -0.44473 0.094421 -0.051332 -0.0082309 0.13266 -0.11606 -0.56176 0.24908 0.072434 0.1186 0.88424 0.30733 -0.2616 -0.62737 0.8348 -0.48228 -0.11125 -0.17468 0.081456 0.16479 -0.0047312 0.45842 0.45794 -0.25742 -0.6694 0.29559 0.19107 0.41007 0.45312 -0.71545 -0.44185 0.51602 -0.32612 -0.080858 -0.095269 -0.021554 -0.040301 0.1236 0.20197 -0.12042 -0.010188 -0.25655 -0.10715 -0.16346 -0.19169 0.077399 -0.061923 -0.0556 0.18123 0.79973 0.1712 -0.42843 -0.2808 0.51887 0.086619 0.73841 0.020194 0.13232 -0.6325 -0.099656 0.20506 0.080348 0.15659 0.49745 0.23991 0.63864 -0.32057 0.015587 -0.20525 -0.15551 -0.67173
Multiply	-0.85446 0.43825 -0.42382 0.26753 -0.2265 0.53069 0.16259 -0.31306 1.0305 0.079006 0.12476 0.70661 0.27237 -0.047523 0.28974 -0.40214 -0.65773 0.86294 -0.46918 0.016198 0.067447 -0.47812 0.10815 0.73668 -0.028629 0.19047 0.4178 0.002954 0.33884 -0.40682 0.16668 0.25194 0.045167 -0.5642 -0.29935 0.17964 -0.44247 -0.50304 -0.25582 -0.013444 0.63261 -0.1786 -1.2075 -0.27066 0.14138 0.37966 0.42791 -0.28393 -0.12052 -0.1574 0.12349 -0.074449 -0.15312 1.0527 -0.08318 0.24649 0.33581 -0.13799 -0.099719 0.27103 -0.41281 0.49469 -0.0964 -0.32073 0.50462 0.68022 0.10777 0.054553 0.93431 -0.45167 0.29649 -0.1042 0.29149 -0.58263 0.23339 -0.3963 -0.41643 -0.89602 0.3509 0.19147 0.24666 0.18765 -0.67635 0.4489 -0.40667 0.055834 0.62123 -0.43249 -0.44834 0.033028 -0.82378 0.44417 -0.4139 -0.81846 -0.14188 -0.88557 0.67266 -0.60571 -0.12652 0.56247
Real	0.45006 0.15098 0.31014 -0.20369 -0.22106 0.026847 -0.47168 -0.35329 0.30574 -0.18775 0.58343 -0.32065 -0.30944 -0.088593 0.1322 0.30485 0.26046 0.70907 0.48573 1.0704 0.44214 0.06786 -0.48416 -0.24182 -0.32512 -0.095676 0.13895 -0.51328 -0.74034 -0.42652 -0.4399 0.21417 -0.31975 0.09943 0.29569 -0.13221 -0.036458 0.34684 0.17692 -0.28864 0.64341 -0.59949 0.38077 -0.36846 0.070136 -0.00020772 0.044784 0.44886 -0.33167 -0.55238 -0.10746 -0.071916 0.1292 0.85166 0.5303 -2.7433 -0.15436 0.0070157 1.083 0.22456 -0.01432 0.85114 -1.3592 -0.80181 0.91592 0.18628 0.3964 0.068408 0.024484 0.049238 -0.17104 0.091187 -0.11639 -0.64507 0.41747 -0.34394 0.19825 -0.48231 -1.0754 0.23921 0.90534 0.12622 -0.42316 0.094697 -1.1758 -0.44065 -0.72483 0.51275 -0.0057466 -1.627 -0.67722 0.11307 -0.04569 0.20915 -0.6479 -0.35823 -0.059874 -0.5568 0.50717 -0.17496
Vector	-0.56771 0.91216 -0.2829 0.5578 0.050398 0.40665 0.3673 -0.36428 -0.98524 0.26007 0.018096 -0.63123 -0.063122 -0.18705 0.57547 0.23842 -0.25555 1.069 1.0302 -0.83849 0.75157 -0.68062 0.12004 0.29099 0.78576 0.48795 1.2945 0.67044 -0.36405 -0.42256 0.21618 0.3502 -0.14259 0.53681 0.82246 0.15446 -0.07861 0.41013 0.086787 -0.84371 0.44019 -0.7558 -0.44159 -0.094715 0.032807 0.8449 -0.18331 0.27648 -0.72416 1.2323 0.785 -0.32615 0.76546 1.0035 0.6576 -0.017172 0.16064 0.33622 1.148 0.16761 0.072649 -0.46968 -0.13508 -0.066288 1.3862 1.0864 -0.040472 0.80728 0.37592 0.90444 -0.9964 0.13507 0.46792 -0.36232 1.5683 -0.74236 -0.03565 0.11809 -0.59792 0.37407 -0.2829 -0.58131 -1.7029 0.028298 -0.088614 0.57591 0.33803 -0.76718 0.45252 -1.5267 -1.1651 -0.049588 0.48192 -0.037205 0.91121 -0.41625 0.42605 -0.28347 0.25458 0.28664
ebe	0.048136 0.059843 0.099917 0.12171 -0.32887 -0.098817 0.28329 -0.095536 0.49876 0.14278 0.32152 0.31867 -0.19388 0.039435 0.1522 0.26005 -0.22408 -0.086786 -0.40841 -0.29949 -0.32006 -0.22826 -0.67017 -0.28243 -0.5717 0.20874 0.10075 0.39989 -0.28236 -0.44473 0.094421 -0.051332 -0.0082309 0.13266 -0.11606 -0.56176 0.24908 0.072434 0.1186 0.88424 0.30733 -0.2616 -0.62737 0.8348 -0.48228 -0.11125 -0.17468 0.081456 0.16479 -0.0047312 0.45842 0.45794 -0.25742 -0.6694 0.29559 0.19107 0.41007 0.45312 -0.71545 -0.44185 0.51602 -0.32612 -0.080858 -0.095269 -0.021554 -0.040301 0.1236 0.20197 -0.12042 -0.010188 -0.25655 -0.10715 -0.16346 -0.19169 0.077399 -0.061923 -0.0556 0.18123 0.79973 0.1712 -0.42843 -0.2808 0.51887 0.086619 0.73841 0.020194 0.13232 -0.6325 -0.099656 0.20506 0.080348 0.15659 0.49745 0.23991 0.63864 -0.32057 0.015587 -0.20525 -0.15551 -0.67173
Divide	-0.77685 0.61626 0.21616 0.54461 0.1764 0.1103 0.14732 -0.28186 0.83654 0.17424 -0.49882 0.32039 0.26022 -0.10404 0.31228 -0.26897 0.36325 -0.2751 -0.73926 -0.56017 0.27283 -0.18529 0.33102 -0.49836 0.060673 -0.39232 0.13749 0.029176 0.36048 -0.79262 0.54569 0.50122 0.14177 -1.0524 -0.20608 -0.055044 0.40325 0.072972 -0.082591 0.35921 -0.59449 -0.78125 -0.91187 -0.74197 -0.6038 -0.1315 0.23255 0.35894 -0.31852 0.042166 -0.33121 0.099914 -0.27386 1.0075 0.070376 -1.655 0.80125 -0.47378 0.93282 0.4871 0.20796 0.041206 0.71956 -0.80469 0.88679 0.52329 0.3084 0.2656 0.1703 -0.56435 0.28769 0.23122 0.00069572 -0.19065 -0.14972 -0.40878 -0.21357 -0.18183 0.65956 0.67479 -0.08844 0.24706 -0.30151 0.41458 -0.39193 -0.17865 -0.72641 -0.022372 0.44949 0.31014 -0.6747 0.41932 -1.224 -0.5872 -0.45685 -0.59089 0.52459 -0.35896 0.34889 1.0742
Real	0.45006 0.15098 0.31014 -0.20369 -0.22106 0.026847 -0.47168 -0.35329 0.30574 -0.18775 0.58343 -0.32065 -0.30944 -0.088593 0.1322 0.30485 0.26046 0.70907 0.48573 1.0704 0.44214 0.06786 -0.48416 -0.24182 -0.32512 -0.095676 0.13895 -0.51328 -0.74034 -0.42652 -0.4399 0.21417 -0.31975 0.09943 0.29569 -0.13221 -0.036458 0.34684 0.17692 -0.28864 0.64341 -0.59949 0.38077 -0.36846 0.070136 -0.00020772 0.044784 0.44886 -0.33167 -0.55238 -0.10746 -0.071916 0.1292 0.85166 0.5303 -2.7433 -0.15436 0.0070157 1.083 0.22456 -0.01432 0.85114 -1.3592 -0.80181 0.91592 0.18628 0.3964 0.068408 0.024484 0.049238 -0.17104 0.091187 -0.11639 -0.64507 0.41747 -0.34394 0.19825 -0.48231 -1.0754 0.23921 0.90534 0.12622 -0.42316 0.094697 -1.1758 -0.44065 -0.72483 0.51275 -0.0057466 -1.627 -0.67722 0.11307 -0.04569 0.20915 -0.6479 -0.35823 -0.059874 -0.5568 0.50717 -0.17496
Vector	-0.56771 0.91216 -0.2829 0.5578 0.050398 0.40665 0.3673 -0.36428 -0.98524 0.26007 0.018096 -0.63123 -0.063122 -0.18705 0.57547 0.23842 -0.25555 1.069 1.0302 -0.83849 0.75157 -0.68062 0.12004 0.29099 0.78576 0.48795 1.2945 0.67044 -0.36405 -0.42256 0.21618 0.3502 -0.14259 0.53681 0.82246 0.15446 -0.07861 0.41013 0.086787 -0.84371 0.44019 -0.7558 -0.44159 -0.094715 0.032807 0.8449 -0.18331 0.27648 -0.72416 1.2323 0.785 -0.32615 0.76546 1.0035 0.6576 -0.017172 0.16064 0.33622 1.148 0.16761 0.072649 -0.46968 -0.13508 -0.066288 1.3862 1.0864 -0.040472 0.80728 0.37592 0.90444 -0.9964 0.13507 0.46792 -0.36232 1.5683 -0.74236 -0.03565 0.11809 -0.59792 0.37407 -0.2829 -0.58131 -1.7029 0.028298 -0.088614 0.57591 0.33803 -0.76718 0.45252 -1.5267 -1.1651 -0.049588 0.48192 -0.037205 0.91121 -0.41625 0.42605 -0.28347 0.25458 0.28664
Open	-0.61034 0.60236 0.61765 0.59614 0.55641 0.2301 -0.20742 0.8231 0.090912 -0.53776 0.17528 0.62751 0.15772 0.20984 -0.39661 0.47713 -0.27221 0.72068 -0.94254 -0.0011616 0.049811 0.44193 0.44902 0.47736 0.91806 -0.074704 0.43354 -1.389 0.40696 -0.15823 -0.51772 0.36528 0.12091 -0.20566 0.78396 -0.096688 -0.36237 0.02203 -0.44326 0.21395 0.046645 -1.1911 0.27869 0.042393 0.163 -0.2473 -0.18931 0.31419 0.37372 -0.83508 -0.54857 -0.38864 -0.031954 0.22341 -0.38107 -2.7609 0.28743 0.14508 2.3684 0.4966 -0.60259 0.42523 -0.16205 0.19028 0.38663 -0.39419 0.12353 0.37308 0.01648 -0.45128 -0.19476 -0.062371 0.31139 -0.83917 -0.62146 -0.17515 0.64186 0.19808 -0.44694 -0.24301 1.0159 -0.49681 -0.29576 0.94691 -0.80177 -0.0070947 0.041663 0.72282 0.026254 0.62928 0.073193 0.25655 0.16951 0.66374 -0.18381 0.66264 0.15201 -0.13958 0.72138 0.52252
Map	-1.1901 -0.0021529 0.40549 0.68942 0.66607 -0.4504 0.15405 0.14237 0.28827 0.18848 0.11546 -0.45715 0.47218 -0.74683 0.53511 1.4779 0.63923 0.073358 -0.3128 -0.36098 -0.36125 0.22723 0.40182 -0.10071 -0.23276 -0.25542 -0.18468 0.20922 -0.53883 -1.2156 0.36216 -0.044206 -0.052804 0.42888 0.15632 -0.48663 -0.063466 -0.6468 0.17658 -0.31864 -0.30747 -0.31038 0.24385 -0.20996 -0.79465 -0.10986 -0.5287 0.3553 -0.38423 0.36732 0.28419 0.51863 0.38478 1.1469 -0.25501 -2.0559 -0.22187 -0.30559 1.0603 0.43159 -0.56748 0.91966 -0.26692 -0.55159 1.2229 0.99048 -0.78262 0.55937 0.056696 -0.14318 -0.041988 0.28624 0.39882 -0.62893 0.70887 -0.46459 1.0158 0.59964 -0.78927 -0.50455 -0.0011997 -0.12257 -0.72215 0.23839 -0.039859 0.49306 0.3755 -1.1257 -0.14628 0.11075 -0.45438 0.62459 0.011659 -0.15928 -0.3664 -0.3185 0.14606 -0.22496 0.056719 0.12277
Real	0.45006 0.15098 0.31014 -0.20369 -0.22106 0.026847 -0.47168 -0.35329 0.30574 -0.18775 0.58343 -0.32065 -0.30944 -0.088593 0.1322 0.30485 0.26046 0.70907 0.48573 1.0704 0.44214 0.06786 -0.48416 -0.24182 -0.32512 -0.095676 0.13895 -0.51328 -0.74034 -0.42652 -0.4399 0.21417 -0.31975 0.09943 0.29569 -0.13221 -0.036458 0.34684 0.17692 -0.28864 0.64341 -0.59949 0.38077 -0.36846 0.070136 -0.00020772 0.044784 0.44886 -0.33167 -0.55238 -0.10746 -0.071916 0.1292 0.85166 0.5303 -2.7433 -0.15436 0.0070157 1.083 0.22456 -0.01432 0.85114 -1.3592 -0.80181 0.91592 0.18628 0.3964 0.068408 0.024484 0.049238 -0.17104 0.091187 -0.11639 -0.64507 0.41747 -0.34394 0.19825 -0.48231 -1.0754 0.23921 0.90534 0.12622 -0.42316 0.094697 -1.1758 -0.44065 -0.72483 0.51275 -0.0057466 -1.627 -0.67722 0.11307 -0.04569 0.20915 -0.6479 -0.35823 -0.059874 -0.5568 0.50717 -0.17496
Vector	-0.56771 0.91216 -0.2829 0.5578 0.050398 0.40665 0.3673 -0.36428 -0.98524 0.26007 0.018096 -0.63123 -0.063122 -0.18705 0.57547 0.23842 -0.25555 1.069 1.0302 -0.83849 0.75157 -0.68062 0.12004 0.29099 0.78576 0.48795 1.2945 0.67044 -0.36405 -0.42256 0.21618 0.3502 -0.14259 0.53681 0.82246 0.15446 -0.07861 0.41013 0.086787 -0.84371 0.44019 -0.7558 -0.44159 -0.094715 0.032807 0.8449 -0.18331 0.27648 -0.72416 1.2323 0.785 -0.32615 0.76546 1.0035 0.6576 -0.017172 0.16064 0.33622 1.148 0.16761 0.072649 -0.46968 -0.13508 -0.066288 1.3862 1.0864 -0.040472 0.80728 0.37592 0.90444 -0.9964 0.13507 0.46792 -0.36232 1.5683 -0.74236 -0.03565 0.11809 -0.59792 0.37407 -0.2829 -0.58131 -1.7029 0.028298 -0.088614 0.57591 0.33803 -0.76718 0.45252 -1.5267 -1.1651 -0.049588 0.48192 -0.037205 0.91121 -0.41625 0.42605 -0.28347 0.25458 0.28664
ebe	0.048136 0.059843 0.099917 0.12171 -0.32887 -0.098817 0.28329 -0.095536 0.49876 0.14278 0.32152 0.31867 -0.19388 0.039435 0.1522 0.26005 -0.22408 -0.086786 -0.40841 -0.29949 -0.32006 -0.22826 -0.67017 -0.28243 -0.5717 0.20874 0.10075 0.39989 -0.28236 -0.44473 0.094421 -0.051332 -0.0082309 0.13266 -0.11606 -0.56176 0.24908 0.072434 0.1186 0.88424 0.30733 -0.2616 -0.62737 0.8348 -0.48228 -0.11125 -0.17468 0.081456 0.16479 -0.0047312 0.45842 0.45794 -0.25742 -0.6694 0.29559 0.19107 0.41007 0.45312 -0.71545 -0.44185 0.51602 -0.32612 -0.080858 -0.095269 -0.021554 -0.040301 0.1236 0.20197 -0.12042 -0.010188 -0.25655 -0.10715 -0.16346 -0.19169 0.077399 -0.061923 -0.0556 0.18123 0.79973 0.1712 -0.42843 -0.2808 0.51887 0.086619 0.73841 0.020194 0.13232 -0.6325 -0.099656 0.20506 0.080348 0.15659 0.49745 0.23991 0.63864 -0.32057 0.015587 -0.20525 -0.15551 -0.67173
Multiply	-0.85446 0.43825 -0.42382 0.26753 -0.2265 0.53069 0.16259 -0.31306 1.0305 0.079006 0.12476 0.70661 0.27237 -0.047523 0.28974 -0.40214 -0.65773 0.86294 -0.46918 0.016198 0.067447 -0.47812 0.10815 0.73668 -0.028629 0.19047 0.4178 0.002954 0.33884 -0.40682 0.16668 0.25194 0.045167 -0.5642 -0.29935 0.17964 -0.44247 -0.50304 -0.25582 -0.013444 0.63261 -0.1786 -1.2075 -0.27066 0.14138 0.37966 0.42791 -0.28393 -0.12052 -0.1574 0.12349 -0.074449 -0.15312 1.0527 -0.08318 0.24649 0.33581 -0.13799 -0.099719 0.27103 -0.41281 0.49469 -0.0964 -0.32073 0.50462 0.68022 0.10777 0.054553 0.93431 -0.45167 0.29649 -0.1042 0.29149 -0.58263 0.23339 -0.3963 -0.41643 -0.89602 0.3509 0.19147 0.24666 0.18765 -0.67635 0.4489 -0.40667 0.055834 0.62123 -0.43249 -0.44834 0.033028 -0.82378 0.44417 -0.4139 -0.81846 -0.14188 -0.88557 0.67266 -0.60571 -0.12652 0.56247
Real	0.45006 0.15098 0.31014 -0.20369 -0.22106 0.026847 -0.47168 -0.35329 0.30574 -0.18775 0.58343 -0.32065 -0.30944 -0.088593 0.1322 0.30485 0.26046 0.70907 0.48573 1.0704 0.44214 0.06786 -0.48416 -0.24182 -0.32512 -0.095676 0.13895 -0.51328 -0.74034 -0.42652 -0.4399 0.21417 -0.31975 0.09943 0.29569 -0.13221 -0.036458 0.34684 0.17692 -0.28864 0.64341 -0.59949 0.38077 -0.36846 0.070136 -0.00020772 0.044784 0.44886 -0.33167 -0.55238 -0.10746 -0.071916 0.1292 0.85166 0.5303 -2.7433 -0.15436 0.0070157 1.083 0.22456 -0.01432 0.85114 -1.3592 -0.80181 0.91592 0.18628 0.3964 0.068408 0.024484 0.049238 -0.17104 0.091187 -0.11639 -0.64507 0.41747 -0.34394 0.19825 -0.48231 -1.0754 0.23921 0.90534 0.12622 -0.42316 0.094697 -1.1758 -0.44065 -0.72483 0.51275 -0.0057466 -1.627 -0.67722 0.11307 -0.04569 0.20915 -0.6479 -0.35823 -0.059874 -0.5568 0.50717 -0.17496
Vector	-0.56771 0.91216 -0.2829 0.5578 0.050398 0.40665 0.3673 -0.36428 -0.98524 0.26007 0.018096 -0.63123 -0.063122 -0.18705 0.57547 0.23842 -0.25555 1.069 1.0302 -0.83849 0.75157 -0.68062 0.12004 0.29099 0.78576 0.48795 1.2945 0.67044 -0.36405 -0.42256 0.21618 0.3502 -0.14259 0.53681 0.82246 0.15446 -0.07861 0.41013 0.086787 -0.84371 0.44019 -0.7558 -0.44159 -0.094715 0.032807 0.8449 -0.18331 0.27648 -0.72416 1.2323 0.785 -0.32615 0.76546 1.0035 0.6576 -0.017172 0.16064 0.33622 1.148 0.16761 0.072649 -0.46968 -0.13508 -0.066288 1.3862 1.0864 -0.040472 0.80728 0.37592 0.90444 -0.9964 0.13507 0.46792 -0.36232 1.5683 -0.74236 -0.03565 0.11809 -0.59792 0.37407 -0.2829 -0.58131 -1.7029 0.028298 -0.088614 0.57591 0.33803 -0.76718 0.45252 -1.5267 -1.1651 -0.049588 0.48192 -0.037205 0.91121 -0.41625 0.42605 -0.28347 0.25458 0.28664
Open	-0.61034 0.60236 0.61765 0.59614 0.55641 0.2301 -0.20742 0.8231 0.090912 -0.53776 0.17528 0.62751 0.15772 0.20984 -0.39661 0.47713 -0.27221 0.72068 -0.94254 -0.0011616 0.049811 0.44193 0.44902 0.47736 0.91806 -0.074704 0.43354 -1.389 0.40696 -0.15823 -0.51772 0.36528 0.12091 -0.20566 0.78396 -0.096688 -0.36237 0.02203 -0.44326 0.21395 0.046645 -1.1911 0.27869 0.042393 0.163 -0.2473 -0.18931 0.31419 0.37372 -0.83508 -0.54857 -0.38864 -0.031954 0.22341 -0.38107 -2.7609 0.28743 0.14508 2.3684 0.4966 -0.60259 0.42523 -0.16205 0.19028 0.38663 -0.39419 0.12353 0.37308 0.01648 -0.45128 -0.19476 -0.062371 0.31139 -0.83917 -0.62146 -0.17515 0.64186 0.19808 -0.44694 -0.24301 1.0159 -0.49681 -0.29576 0.94691 -0.80177 -0.0070947 0.041663 0.72282 0.026254 0.62928 0.073193 0.25655 0.16951 0.66374 -0.18381 0.66264 0.15201 -0.13958 0.72138 0.52252
Map	-1.1901 -0.0021529 0.40549 0.68942 0.66607 -0.4504 0.15405 0.14237 0.28827 0.18848 0.11546 -0.45715 0.47218 -0.74683 0.53511 1.4779 0.63923 0.073358 -0.3128 -0.36098 -0.36125 0.22723 0.40182 -0.10071 -0.23276 -0.25542 -0.18468 0.20922 -0.53883 -1.2156 0.36216 -0.044206 -0.052804 0.42888 0.15632 -0.48663 -0.063466 -0.6468 0.17658 -0.31864 -0.30747 -0.31038 0.24385 -0.20996 -0.79465 -0.10986 -0.5287 0.3553 -0.38423 0.36732 0.28419 0.51863 0.38478 1.1469 -0.25501 -2.0559 -0.22187 -0.30559 1.0603 0.43159 -0.56748 0.91966 -0.26692 -0.55159 1.2229 0.99048 -0.78262 0.55937 0.056696 -0.14318 -0.041988 0.28624 0.39882 -0.62893 0.70887 -0.46459 1.0158 0.59964 -0.78927 -0.50455 -0.0011997 -0.12257 -0.72215 0.23839 -0.039859 0.49306 0.3755 -1.1257 -0.14628 0.11075 -0.45438 0.62459 0.011659 -0.15928 -0.3664 -0.3185 0.14606 -0.22496 0.056719 0.12277
Real	0.45006 0.15098 0.31014 -0.20369 -0.22106 0.026847 -0.47168 -0.35329 0.30574 -0.18775 0.58343 -0.32065 -0.30944 -0.088593 0.1322 0.30485 0.26046 0.70907 0.48573 1.0704 0.44214 0.06786 -0.48416 -0.24182 -0.32512 -0.095676 0.13895 -0.51328 -0.74034 -0.42652 -0.4399 0.21417 -0.31975 0.09943 0.29569 -0.13221 -0.036458 0.34684 0.17692 -0.28864 0.64341 -0.59949 0.38077 -0.36846 0.070136 -0.00020772 0.044784 0.44886 -0.33167 -0.55238 -0.10746 -0.071916 0.1292 0.85166 0.5303 -2.7433 -0.15436 0.0070157 1.083 0.22456 -0.01432 0.85114 -1.3592 -0.80181 0.91592 0.18628 0.3964 0.068408 0.024484 0.049238 -0.17104 0.091187 -0.11639 -0.64507 0.41747 -0.34394 0.19825 -0.48231 -1.0754 0.23921 0.90534 0.12622 -0.42316 0.094697 -1.1758 -0.44065 -0.72483 0.51275 -0.0057466 -1.627 -0.67722 0.11307 -0.04569 0.20915 -0.6479 -0.35823 -0.059874 -0.5568 0.50717 -0.17496
Vector	-0.56771 0.91216 -0.2829 0.5578 0.050398 0.40665 0.3673 -0.36428 -0.98524 0.26007 0.018096 -0.63123 -0.063122 -0.18705 0.57547 0.23842 -0.25555 1.069 1.0302 -0.83849 0.75157 -0.68062 0.12004 0.29099 0.78576 0.48795 1.2945 0.67044 -0.36405 -0.42256 0.21618 0.3502 -0.14259 0.53681 0.82246 0.15446 -0.07861 0.41013 0.086787 -0.84371 0.44019 -0.7558 -0.44159 -0.094715 0.032807 0.8449 -0.18331 0.27648 -0.72416 1.2323 0.785 -0.32615 0.76546 1.0035 0.6576 -0.017172 0.16064 0.33622 1.148 0.16761 0.072649 -0.46968 -0.13508 -0.066288 1.3862 1.0864 -0.040472 0.80728 0.37592 0.90444 -0.9964 0.13507 0.46792 -0.36232 1.5683 -0.74236 -0.03565 0.11809 -0.59792 0.37407 -0.2829 -0.58131 -1.7029 0.028298 -0.088614 0.57591 0.33803 -0.76718 0.45252 -1.5267 -1.1651 -0.049588 0.48192 -0.037205 0.91121 -0.41625 0.42605 -0.28347 0.25458 0.28664
ebe	0.048136 0.059843 0.099917 0.12171 -0.32887 -0.098817 0.28329 -0.095536 0.49876 0.14278 0.32152 0.31867 -0.19388 0.039435 0.1522 0.26005 -0.22408 -0.086786 -0.40841 -0.29949 -0.32006 -0.22826 -0.67017 -0.28243 -0.5717 0.20874 0.10075 0.39989 -0.28236 -0.44473 0.094421 -0.051332 -0.0082309 0.13266 -0.11606 -0.56176 0.24908 0.072434 0.1186 0.88424 0.30733 -0.2616 -0.62737 0.8348 -0.48228 -0.11125 -0.17468 0.081456 0.16479 -0.0047312 0.45842 0.45794 -0.25742 -0.6694 0.29559 0.19107 0.41007 0.45312 -0.71545 -0.44185 0.51602 -0.32612 -0.080858 -0.095269 -0.021554 -0.040301 0.1236 0.20197 -0.12042 -0.010188 -0.25655 -0.10715 -0.16346 -0.19169 0.077399 -0.061923 -0.0556 0.18123 0.79973 0.1712 -0.42843 -0.2808 0.51887 0.086619 0.73841 0.020194 0.13232 -0.6325 -0.099656 0.20506 0.080348 0.15659 0.49745 0.23991 0.63864 -0.32057 0.015587 -0.20525 -0.15551 -0.67173
Divide	-0.77685 0.61626 0.21616 0.54461 0.1764 0.1103 0.14732 -0.28186 0.83654 0.17424 -0.49882 0.32039 0.26022 -0.10404 0.31228 -0.26897 0.36325 -0.2751 -0.73926 -0.56017 0.27283 -0.18529 0.33102 -0.49836 0.060673 -0.39232 0.13749 0.029176 0.36048 -0.79262 0.54569 0.50122 0.14177 -1.0524 -0.20608 -0.055044 0.40325 0.072972 -0.082591 0.35921 -0.59449 -0.78125 -0.91187 -0.74197 -0.6038 -0.1315 0.23255 0.35894 -0.31852 0.042166 -0.33121 0.099914 -0.27386 1.0075 0.070376 -1.655 0.80125 -0.47378 0.93282 0.4871 0.20796 0.041206 0.71956 -0.80469 0.88679 0.52329 0.3084 0.2656 0.1703 -0.56435 0.28769 0.23122 0.00069572 -0.19065 -0.14972 -0.40878 -0.21357 -0.18183 0.65956 0.67479 -0.08844 0.24706 -0.30151 0.41458 -0.39193 -0.17865 -0.72641 -0.022372 0.44949 0.31014 -0.6747 0.41932 -1.224 -0.5872 -0.45685 -0.59089 0.52459 -0.35896 0.34889 1.0742
Real	0.45006 0.15098 0.31014 -0.20369 -0.22106 0.026847 -0.47168 -0.35329 0.30574 -0.18775 0.58343 -0.32065 -0.30944 -0.088593 0.1322 0.30485 0.26046 0.70907 0.48573 1.0704 0.44214 0.06786 -0.48416 -0.24182 -0.32512 -0.095676 0.13895 -0.51328 -0.74034 -0.42652 -0.4399 0.21417 -0.31975 0.09943 0.29569 -0.13221 -0.036458 0.34684 0.17692 -0.28864 0.64341 -0.59949 0.38077 -0.36846 0.070136 -0.00020772 0.044784 0.44886 -0.33167 -0.55238 -0.10746 -0.071916 0.1292 0.85166 0.5303 -2.7433 -0.15436 0.0070157 1.083 0.22456 -0.01432 0.85114 -1.3592 -0.80181 0.91592 0.18628 0.3964 0.068408 0.024484 0.049238 -0.17104 0.091187 -0.11639 -0.64507 0.41747 -0.34394 0.19825 -0.48231 -1.0754 0.23921 0.90534 0.12622 -0.42316 0.094697 -1.1758 -0.44065 -0.72483 0.51275 -0.0057466 -1.627 -0.67722 0.11307 -0.04569 0.20915 -0.6479 -0.35823 -0.059874 -0.5568 0.50717 -0.17496
Vector	-0.56771 0.91216 -0.2829 0.5578 0.050398 0.40665 0.3673 -0.36428 -0.98524 0.26007 0.018096 -0.63123 -0.063122 -0.18705 0.57547 0.23842 -0.25555 1.069 1.0302 -0.83849 0.75157 -0.68062 0.12004 0.29099 0.78576 0.48795 1.2945 0.67044 -0.36405 -0.42256 0.21618 0.3502 -0.14259 0.53681 0.82246 0.15446 -0.07861 0.41013 0.086787 -0.84371 0.44019 -0.7558 -0.44159 -0.094715 0.032807 0.8449 -0.18331 0.27648 -0.72416 1.2323 0.785 -0.32615 0.76546 1.0035 0.6576 -0.017172 0.16064 0.33622 1.148 0.16761 0.072649 -0.46968 -0.13508 -0.066288 1.3862 1.0864 -0.040472 0.80728 0.37592 0.90444 -0.9964 0.13507 0.46792 -0.36232 1.5683 -0.74236 -0.03565 0.11809 -0.59792 0.37407 -0.2829 -0.58131 -1.7029 0.028298 -0.088614 0.57591 0.33803 -0.76718 0.45252 -1.5267 -1.1651 -0.049588 0.48192 -0.037205 0.91121 -0.41625 0.42605 -0.28347 0.25458 0.28664
Real	0.45006 0.15098 0.31014 -0.20369 -0.22106 0.026847 -0.47168 -0.35329 0.30574 -0.18775 0.58343 -0.32065 -0.30944 -0.088593 0.1322 0.30485 0.26046 0.70907 0.48573 1.0704 0.44214 0.06786 -0.48416 -0.24182 -0.32512 -0.095676 0.13895 -0.51328 -0.74034 -0.42652 -0.4399 0.21417 -0.31975 0.09943 0.29569 -0.13221 -0.036458 0.34684 0.17692 -0.28864 0.64341 -0.59949 0.38077 -0.36846 0.070136 -0.00020772 0.044784 0.44886 -0.33167 -0.55238 -0.10746 -0.071916 0.1292 0.85166 0.5303 -2.7433 -0.15436 0.0070157 1.083 0.22456 -0.01432 0.85114 -1.3592 -0.80181 0.91592 0.18628 0.3964 0.068408 0.024484 0.049238 -0.17104 0.091187 -0.11639 -0.64507 0.41747 -0.34394 0.19825 -0.48231 -1.0754 0.23921 0.90534 0.12622 -0.42316 0.094697 -1.1758 -0.44065 -0.72483 0.51275 -0.0057466 -1.627 -0.67722 0.11307 -0.04569 0.20915 -0.6479 -0.35823 -0.059874 -0.5568 0.50717 -0.17496
Vector	-0.56771 0.91216 -0.2829 0.5578 0.050398 0.40665 0.3673 -0.36428 -0.98524 0.26007 0.018096 -0.63123 -0.063122 -0.18705 0.57547 0.23842 -0.25555 1.069 1.0302 -0.83849 0.75157 -0.68062 0.12004 0.29099 0.78576 0.48795 1.2945 0.67044 -0.36405 -0.42256 0.21618 0.3502 -0.14259 0.53681 0.82246 0.15446 -0.07861 0.41013 0.086787 -0.84371 0.44019 -0.7558 -0.44159 -0.094715 0.032807 0.8449 -0.18331 0.27648 -0.72416 1.2323 0.785 -0.32615 0.76546 1.0035 0.6576 -0.017172 0.16064 0.33622 1.148 0.16761 0.072649 -0.46968 -0.13508 -0.066288 1.3862 1.0864 -0.040472 0.80728 0.37592 0.90444 -0.9964 0.13507 0.46792 -0.36232 1.5683 -0.74236 -0.03565 0.11809 -0.59792 0.37407 -0.2829 -0.58131 -1.7029 0.028298 -0.088614 0.57591 0.33803 -0.76718 0.45252 -1.5267 -1.1651 -0.049588 0.48192 -0.037205 0.91121 -0.41625 0.42605 -0.28347 0.25458 0.28664

bug	-0.42404 -0.11038 0.94873 -0.71327 -0.19712 0.077077 0.96163 -0.35674 0.8292 -0.3676 0.15004 0.62746 0.091752 0.11142 -0.015791 0.84124 0.24467 0.023366 0.54286 -0.068057 -0.87995 -0.59202 0.18641 0.50787 0.55458 0.48448 -0.42383 0.22249 -0.8823 -0.041186 -0.049256 0.31483 0.25182 0.10876 0.45824 -0.12085 -0.96037 -0.69492 0.93473 -0.31937 -0.31673 0.24099 -0.3822 -0.72243 0.18017 0.62991 0.0030923 -0.36699 -0.21576 -0.1654 -0.55928 0.11278 -0.62944 0.56955 -0.59166 -0.92922 0.044769 0.32981 0.697 -0.13983 0.40377 1.7035 -0.68531 0.49846 0.29719 0.27865 -0.18668 -0.93605 0.66117 0.01478 -0.30582 -0.4491 -0.44983 -0.39544 -0.37577 -0.18869 0.06883 -0.04811 -0.33131 1.0204 0.32457 -0.88047 0.018825 -0.303 -0.88685 0.35682 -0.3993 -0.10512 -0.86557 0.37554 0.48771 -0.28133 0.12722 -0.56959 0.33936 0.40162 0.1109 -0.20506 0.18093 -0.23185
easy	-0.58672 0.20714 0.64483 0.10251 0.11673 0.2395 -0.035676 0.0044773 0.30814 -0.15759 0.37119 0.027367 -0.45433 -0.21589 0.47978 0.22122 -0.0021001 0.15191 -0.20388 0.66474 0.1969 0.51996 0.30874 -0.72703 0.035236 0.37447 -0.51249 -0.5727 0.050029 -0.6155 -0.70485 0.53403 -0.14686 -0.28848 1.0274 0.32969 -0.59544 -0.18822 0.30927 -0.50072 0.1945 -0.31115 -0.13091 -0.81049 -0.32159 -0.39982 0.54259 -0.3007 0.14922 -0.6273 0.023121 0.024106 -0.0011638 0.81257 0.53335 -2.2063 0.46679 0.44958 1.5249 -0.27112 -0.61425 0.11719 -0.23773 0.092794 0.79415 -0.17122 0.69299 0.20147 -0.2473 -0.78445 -0.55732 0.11268 0.1724 -0.38758 0.30756 0.17795 -0.74881 -0.21788 0.22219 -0.43575 0.67976 0.032483 -0.65006 -0.18603 -1.4812 -0.11661 0.24598 0.15171 -0.8728 0.043952 0.24417 0.39086 0.1849 -0.31811 -0.50327 -0.35087 -0.53995 -0.36897 -0.078079 0.62316
understand	0.091354 0.51065 0.48484 0.3214 -0.96825 -0.031026 -0.6982 -0.66712 0.49877 -0.13457 -0.071898 0.071164 0.181 -0.3599 -0.48107 -0.23887 -0.2297 0.66843 -0.89739 0.43471 -0.3006 -0.15419 -0.11591 -0.9163 -0.41171 -0.26065 0.037964 -0.66601 0.64084 -0.086676 -0.402 1.0905 -0.099534 -0.14259 0.078979 -0.17678 -0.027359 0.43529 0.51058 -0.41835 -0.77552 0.0097192 -0.29228 -0.70157 -1.1822 0.16848 0.43193 0.026472 -0.51962 -0.91901 0.48149 0.1607 0.28739 0.73385 0.33232 -1.4245 0.46732 -0.30792 1.0538 0.17291 -0.042782 0.97095 -0.49304 -0.96404 0.91054 0.40997 0.35422 0.45833 -0.37514 -0.24413 0.15604 -0.29398 0.065725 -0.64396 0.31237 0.17733 -0.1424 -0.23608 -0.45772 -0.070927 0.21028 -0.066833 -0.87135 0.036043 -1.7669 0.023914 -0.48594 0.041656 -0.80461 -0.24333 0.25143 0.087778 -0.053676 -0.42556 -0.26229 0.15593 -0.48758 -0.94844 0.067796 0.58427

current	-0.28201 0.1194 0.65918 -0.15232 -0.15581 -0.53918 -0.30589 0.15449 -0.67994 0.17944 -0.070267 -0.17729 0.41737 -0.22628 0.41531 -0.63807 -0.11373 -0.21334 0.23988 -0.34977 -0.1816 -0.34074 0.31443 0.43347 -0.15974 -1.0015 0.33502 -0.75286 0.12036 0.17831 0.01727 0.77121 -0.2392 -0.13174 -0.63037 0.50299 0.2738 -0.18802 -0.20469 -0.32738 -0.38559 -0.36181 0.6465 -0.04187 0.56731 0.37491 0.13029 -0.69279 -0.5718 -0.52761 0.59285 -0.31479 0.11822 0.69811 0.35482 -2.6255 0.28873 -0.32228 1.5448 0.29505 0.10756 -0.13923 -0.1813 -0.060357 1.1453 0.10688 -0.063074 -0.059829 0.38205 0.0054257 0.60759 0.16451 -0.15442 -0.20746 0.16032 -0.50936 0.050833 0.15479 -0.91127 -0.27459 0.40953 0.13413 -0.17008 -0.14851 -1.1299 0.093459 -0.27367 -0.30278 0.48209 -0.4791 -0.082828 0.67794 -0.47613 -0.14539 -0.39815 -0.41416 -0.097889 -0.40363 1.0067 -0.068101
implementation	-0.5936 -0.51583 -0.0873 0.71874 0.094779 -0.63819 -0.11512 0.4032 -0.057808 0.27183 0.19277 -0.14427 0.60735 -0.18892 0.11597 0.26118 0.0045947 0.044691 -0.33301 -0.072855 -1.0018 -0.8259 0.5431 0.17361 -0.19419 0.044793 -0.14456 0.045246 -1.0321 -0.012091 -0.68566 0.27398 0.18489 -0.0015253 0.056423 -0.059681 0.84564 -0.18444 -0.076328 -0.0333 -0.58778 0.19982 0.95224 0.77636 -0.52827 -0.17839 -0.23999 -0.38701 -0.49561 -0.58333 0.62786 0.36383 -0.4722 0.71407 -0.37687 -0.82894 0.42957 -0.48525 1.4401 -0.15308 -0.28588 -0.32991 -0.92273 -0.39832 0.94323 -0.029798 -0.87341 0.26615 0.20191 -0.77623 0.52864 -0.20808 -0.12587 -0.70704 0.55125 -0.2003 -0.67626 0.57162 -0.64066 -0.86151 0.76895 0.097334 -0.24591 0.41823 -1.4173 1.5924 0.72431 -0.78702 -0.38429 -0.088898 -0.056151 0.30428 -1.2304 0.77913 0.15111 0.12622 0.21844 -0.074345 0.99872 0.40815
ebeMultiply	
code	0.040031 -0.24448 0.73053 -0.78522 0.10176 1.1329 -0.54574 -0.16502 -0.22271 0.26857 -0.0028017 -0.53323 0.23771 -0.013369 -0.31623 0.31315 1.4045 0.3017 -0.3337 0.026709 -0.23063 -0.35121 0.3957 -0.048798 0.20233 -0.42681 0.086992 -0.32299 -0.51931 -0.39928 0.40101 1.0389 0.11716 -0.29213 0.40621 0.34681 -0.21982 -0.99274 0.27808 0.30669 -0.15944 -0.43364 0.10627 0.13963 -0.47956 -0.080051 -0.062879 -0.10151 -0.20968 -0.19341 0.45186 0.61042 -0.064944 0.96259 -0.85312 -1.127 0.15543 -0.13428 2.2155 0.61877 -0.20611 -0.513 -0.68671 -0.048113 0.87501 -0.11171 -0.40812 -0.042767 0.6316 0.14233 -0.23214 0.036219 0.32677 0.13164 0.37036 0.17449 0.12896 0.12132 -0.88154 0.11403 -0.24804 -1.2929 -0.34626 -0.30557 -1.4405 1.2882 0.31974 -1.2983 -0.18529 0.85937 -0.19239 0.83516 -0.56495 0.0085904 0.70475 -0.095823 -0.26036 -0.95226 -0.059152 -0.19183
java	-0.84714 0.020302 0.25959 -0.36874 0.44068 0.67536 -0.30071 -0.1679 0.54697 1.0976 0.51706 0.10964 0.19969 -0.31916 0.039724 -0.7028 0.084263 -0.10588 -0.072092 0.41502 0.44481 -0.68525 1.3962 0.61555 -0.4752 0.61334 0.045766 0.60384 -1.2541 0.041386 -0.19581 0.53461 -0.23929 0.59037 0.68815 -0.099991 0.06518 -0.63082 0.7608 -1.2582 -0.85974 0.47335 0.41507 -0.27783 -0.056308 0.55999 0.825 -0.47537 0.5768 0.60929 -0.95241 0.91425 -0.13165 -0.42898 -0.59134 -0.56076 -0.95617 -0.8252 1.6745 0.054822 -0.59881 0.77632 -0.92323 -0.73269 0.12317 0.27333 -0.28778 -0.10222 0.40905 -0.11932 -0.49878 0.60036 0.7207 -0.51854 -0.31778 0.19507 -0.18214 0.59462 -0.065178 0.0072862 0.28388 -0.59001 -0.97728 -0.59743 0.0014984 1.6339 0.034357 -0.33376 0.28589 0.31225 1.3427 0.55273 -0.022257 0.64239 0.29907 0.36066 -0.63254 -0.45407 0.75004 -0.03187
public	0.27528 0.22559 -0.29646 -0.19067 0.18936 0.61855 -0.89264 0.28183 0.40389 -0.065414 -0.50938 -0.08886 -0.20152 -0.13439 -0.021077 -0.24169 0.54612 0.65442 -0.48053 0.39893 -0.28369 0.13064 0.28003 -0.58927 -0.35813 -0.58996 0.20764 0.030577 -0.24032 0.17751 0.38048 0.5518 -0.043817 0.59522 -0.83406 0.62643 -0.3808 0.0078803 -0.3535 0.4471 -0.30419 -0.55965 -0.28996 0.19426 0.20166 -0.27511 0.49588 -0.42664 0.10917 -0.87574 0.23565 -0.68206 0.22442 0.74806 -0.19348 -2.6988 0.71671 -0.45328 2.2088 0.02737 -0.099598 0.16888 0.14004 0.13678 0.78804 0.045185 0.42819 -0.036869 1.0838 0.062532 -0.040702 -0.27305 0.29982 -0.58137 -0.20059 0.29416 0.35478 0.28035 -1.3558 -0.53859 1.0382 0.010252 0.44126 0.46009 -1.5 -0.34445 -0.65755 0.6388 0.18468 -0.70406 0.25236 -0.50973 -0.17074 0.42255 -0.44975 0.63835 0.28452 -0.4795 0.59833 0.2318
OpenMapRealVector	
ebeMultiply	
RealVector	
checkVectorDimensions	
getDimension	
ebe	0.048136 0.059843 0.099917 0.12171 -0.32887 -0.098817 0.28329 -0.095536 0.49876 0.14278 0.32152 0.31867 -0.19388 0.039435 0.1522 0.26005 -0.22408 -0.086786 -0.40841 -0.29949 -0.32006 -0.22826 -0.67017 -0.28243 -0.5717 0.20874 0.10075 0.39989 -0.28236 -0.44473 0.094421 -0.051332 -0.0082309 0.13266 -0.11606 -0.56176 0.24908 0.072434 0.1186 0.88424 0.30733 -0.2616 -0.62737 0.8348 -0.48228 -0.11125 -0.17468 0.081456 0.16479 -0.0047312 0.45842 0.45794 -0.25742 -0.6694 0.29559 0.19107 0.41007 0.45312 -0.71545 -0.44185 0.51602 -0.32612 -0.080858 -0.095269 -0.021554 -0.040301 0.1236 0.20197 -0.12042 -0.010188 -0.25655 -0.10715 -0.16346 -0.19169 0.077399 -0.061923 -0.0556 0.18123 0.79973 0.1712 -0.42843 -0.2808 0.51887 0.086619 0.73841 0.020194 0.13232 -0.6325 -0.099656 0.20506 0.080348 0.15659 0.49745 0.23991 0.63864 -0.32057 0.015587 -0.20525 -0.15551 -0.67173
Multiply	-0.85446 0.43825 -0.42382 0.26753 -0.2265 0.53069 0.16259 -0.31306 1.0305 0.079006 0.12476 0.70661 0.27237 -0.047523 0.28974 -0.40214 -0.65773 0.86294 -0.46918 0.016198 0.067447 -0.47812 0.10815 0.73668 -0.028629 0.19047 0.4178 0.002954 0.33884 -0.40682 0.16668 0.25194 0.045167 -0.5642 -0.29935 0.17964 -0.44247 -0.50304 -0.25582 -0.013444 0.63261 -0.1786 -1.2075 -0.27066 0.14138 0.37966 0.42791 -0.28393 -0.12052 -0.1574 0.12349 -0.074449 -0.15312 1.0527 -0.08318 0.24649 0.33581 -0.13799 -0.099719 0.27103 -0.41281 0.49469 -0.0964 -0.32073 0.50462 0.68022 0.10777 0.054553 0.93431 -0.45167 0.29649 -0.1042 0.29149 -0.58263 0.23339 -0.3963 -0.41643 -0.89602 0.3509 0.19147 0.24666 0.18765 -0.67635 0.4489 -0.40667 0.055834 0.62123 -0.43249 -0.44834 0.033028 -0.82378 0.44417 -0.4139 -0.81846 -0.14188 -0.88557 0.67266 -0.60571 -0.12652 0.56247
Open	-0.61034 0.60236 0.61765 0.59614 0.55641 0.2301 -0.20742 0.8231 0.090912 -0.53776 0.17528 0.62751 0.15772 0.20984 -0.39661 0.47713 -0.27221 0.72068 -0.94254 -0.0011616 0.049811 0.44193 0.44902 0.47736 0.91806 -0.074704 0.43354 -1.389 0.40696 -0.15823 -0.51772 0.36528 0.12091 -0.20566 0.78396 -0.096688 -0.36237 0.02203 -0.44326 0.21395 0.046645 -1.1911 0.27869 0.042393 0.163 -0.2473 -0.18931 0.31419 0.37372 -0.83508 -0.54857 -0.38864 -0.031954 0.22341 -0.38107 -2.7609 0.28743 0.14508 2.3684 0.4966 -0.60259 0.42523 -0.16205 0.19028 0.38663 -0.39419 0.12353 0.37308 0.01648 -0.45128 -0.19476 -0.062371 0.31139 -0.83917 -0.62146 -0.17515 0.64186 0.19808 -0.44694 -0.24301 1.0159 -0.49681 -0.29576 0.94691 -0.80177 -0.0070947 0.041663 0.72282 0.026254 0.62928 0.073193 0.25655 0.16951 0.66374 -0.18381 0.66264 0.15201 -0.13958 0.72138 0.52252
Map	-1.1901 -0.0021529 0.40549 0.68942 0.66607 -0.4504 0.15405 0.14237 0.28827 0.18848 0.11546 -0.45715 0.47218 -0.74683 0.53511 1.4779 0.63923 0.073358 -0.3128 -0.36098 -0.36125 0.22723 0.40182 -0.10071 -0.23276 -0.25542 -0.18468 0.20922 -0.53883 -1.2156 0.36216 -0.044206 -0.052804 0.42888 0.15632 -0.48663 -0.063466 -0.6468 0.17658 -0.31864 -0.30747 -0.31038 0.24385 -0.20996 -0.79465 -0.10986 -0.5287 0.3553 -0.38423 0.36732 0.28419 0.51863 0.38478 1.1469 -0.25501 -2.0559 -0.22187 -0.30559 1.0603 0.43159 -0.56748 0.91966 -0.26692 -0.55159 1.2229 0.99048 -0.78262 0.55937 0.056696 -0.14318 -0.041988 0.28624 0.39882 -0.62893 0.70887 -0.46459 1.0158 0.59964 -0.78927 -0.50455 -0.0011997 -0.12257 -0.72215 0.23839 -0.039859 0.49306 0.3755 -1.1257 -0.14628 0.11075 -0.45438 0.62459 0.011659 -0.15928 -0.3664 -0.3185 0.14606 -0.22496 0.056719 0.12277
Real	0.45006 0.15098 0.31014 -0.20369 -0.22106 0.026847 -0.47168 -0.35329 0.30574 -0.18775 0.58343 -0.32065 -0.30944 -0.088593 0.1322 0.30485 0.26046 0.70907 0.48573 1.0704 0.44214 0.06786 -0.48416 -0.24182 -0.32512 -0.095676 0.13895 -0.51328 -0.74034 -0.42652 -0.4399 0.21417 -0.31975 0.09943 0.29569 -0.13221 -0.036458 0.34684 0.17692 -0.28864 0.64341 -0.59949 0.38077 -0.36846 0.070136 -0.00020772 0.044784 0.44886 -0.33167 -0.55238 -0.10746 -0.071916 0.1292 0.85166 0.5303 -2.7433 -0.15436 0.0070157 1.083 0.22456 -0.01432 0.85114 -1.3592 -0.80181 0.91592 0.18628 0.3964 0.068408 0.024484 0.049238 -0.17104 0.091187 -0.11639 -0.64507 0.41747 -0.34394 0.19825 -0.48231 -1.0754 0.23921 0.90534 0.12622 -0.42316 0.094697 -1.1758 -0.44065 -0.72483 0.51275 -0.0057466 -1.627 -0.67722 0.11307 -0.04569 0.20915 -0.6479 -0.35823 -0.059874 -0.5568 0.50717 -0.17496
Vector	-0.56771 0.91216 -0.2829 0.5578 0.050398 0.40665 0.3673 -0.36428 -0.98524 0.26007 0.018096 -0.63123 -0.063122 -0.18705 0.57547 0.23842 -0.25555 1.069 1.0302 -0.83849 0.75157 -0.68062 0.12004 0.29099 0.78576 0.48795 1.2945 0.67044 -0.36405 -0.42256 0.21618 0.3502 -0.14259 0.53681 0.82246 0.15446 -0.07861 0.41013 0.086787 -0.84371 0.44019 -0.7558 -0.44159 -0.094715 0.032807 0.8449 -0.18331 0.27648 -0.72416 1.2323 0.785 -0.32615 0.76546 1.0035 0.6576 -0.017172 0.16064 0.33622 1.148 0.16761 0.072649 -0.46968 -0.13508 -0.066288 1.3862 1.0864 -0.040472 0.80728 0.37592 0.90444 -0.9964 0.13507 0.46792 -0.36232 1.5683 -0.74236 -0.03565 0.11809 -0.59792 0.37407 -0.2829 -0.58131 -1.7029 0.028298 -0.088614 0.57591 0.33803 -0.76718 0.45252 -1.5267 -1.1651 -0.049588 0.48192 -0.037205 0.91121 -0.41625 0.42605 -0.28347 0.25458 0.28664
ebe	0.048136 0.059843 0.099917 0.12171 -0.32887 -0.098817 0.28329 -0.095536 0.49876 0.14278 0.32152 0.31867 -0.19388 0.039435 0.1522 0.26005 -0.22408 -0.086786 -0.40841 -0.29949 -0.32006 -0.22826 -0.67017 -0.28243 -0.5717 0.20874 0.10075 0.39989 -0.28236 -0.44473 0.094421 -0.051332 -0.0082309 0.13266 -0.11606 -0.56176 0.24908 0.072434 0.1186 0.88424 0.30733 -0.2616 -0.62737 0.8348 -0.48228 -0.11125 -0.17468 0.081456 0.16479 -0.0047312 0.45842 0.45794 -0.25742 -0.6694 0.29559 0.19107 0.41007 0.45312 -0.71545 -0.44185 0.51602 -0.32612 -0.080858 -0.095269 -0.021554 -0.040301 0.1236 0.20197 -0.12042 -0.010188 -0.25655 -0.10715 -0.16346 -0.19169 0.077399 -0.061923 -0.0556 0.18123 0.79973 0.1712 -0.42843 -0.2808 0.51887 0.086619 0.73841 0.020194 0.13232 -0.6325 -0.099656 0.20506 0.080348 0.15659 0.49745 0.23991 0.63864 -0.32057 0.015587 -0.20525 -0.15551 -0.67173
Multiply	-0.85446 0.43825 -0.42382 0.26753 -0.2265 0.53069 0.16259 -0.31306 1.0305 0.079006 0.12476 0.70661 0.27237 -0.047523 0.28974 -0.40214 -0.65773 0.86294 -0.46918 0.016198 0.067447 -0.47812 0.10815 0.73668 -0.028629 0.19047 0.4178 0.002954 0.33884 -0.40682 0.16668 0.25194 0.045167 -0.5642 -0.29935 0.17964 -0.44247 -0.50304 -0.25582 -0.013444 0.63261 -0.1786 -1.2075 -0.27066 0.14138 0.37966 0.42791 -0.28393 -0.12052 -0.1574 0.12349 -0.074449 -0.15312 1.0527 -0.08318 0.24649 0.33581 -0.13799 -0.099719 0.27103 -0.41281 0.49469 -0.0964 -0.32073 0.50462 0.68022 0.10777 0.054553 0.93431 -0.45167 0.29649 -0.1042 0.29149 -0.58263 0.23339 -0.3963 -0.41643 -0.89602 0.3509 0.19147 0.24666 0.18765 -0.67635 0.4489 -0.40667 0.055834 0.62123 -0.43249 -0.44834 0.033028 -0.82378 0.44417 -0.4139 -0.81846 -0.14188 -0.88557 0.67266 -0.60571 -0.12652 0.56247
Real	0.45006 0.15098 0.31014 -0.20369 -0.22106 0.026847 -0.47168 -0.35329 0.30574 -0.18775 0.58343 -0.32065 -0.30944 -0.088593 0.1322 0.30485 0.26046 0.70907 0.48573 1.0704 0.44214 0.06786 -0.48416 -0.24182 -0.32512 -0.095676 0.13895 -0.51328 -0.74034 -0.42652 -0.4399 0.21417 -0.31975 0.09943 0.29569 -0.13221 -0.036458 0.34684 0.17692 -0.28864 0.64341 -0.59949 0.38077 -0.36846 0.070136 -0.00020772 0.044784 0.44886 -0.33167 -0.55238 -0.10746 -0.071916 0.1292 0.85166 0.5303 -2.7433 -0.15436 0.0070157 1.083 0.22456 -0.01432 0.85114 -1.3592 -0.80181 0.91592 0.18628 0.3964 0.068408 0.024484 0.049238 -0.17104 0.091187 -0.11639 -0.64507 0.41747 -0.34394 0.19825 -0.48231 -1.0754 0.23921 0.90534 0.12622 -0.42316 0.094697 -1.1758 -0.44065 -0.72483 0.51275 -0.0057466 -1.627 -0.67722 0.11307 -0.04569 0.20915 -0.6479 -0.35823 -0.059874 -0.5568 0.50717 -0.17496
Vector	-0.56771 0.91216 -0.2829 0.5578 0.050398 0.40665 0.3673 -0.36428 -0.98524 0.26007 0.018096 -0.63123 -0.063122 -0.18705 0.57547 0.23842 -0.25555 1.069 1.0302 -0.83849 0.75157 -0.68062 0.12004 0.29099 0.78576 0.48795 1.2945 0.67044 -0.36405 -0.42256 0.21618 0.3502 -0.14259 0.53681 0.82246 0.15446 -0.07861 0.41013 0.086787 -0.84371 0.44019 -0.7558 -0.44159 -0.094715 0.032807 0.8449 -0.18331 0.27648 -0.72416 1.2323 0.785 -0.32615 0.76546 1.0035 0.6576 -0.017172 0.16064 0.33622 1.148 0.16761 0.072649 -0.46968 -0.13508 -0.066288 1.3862 1.0864 -0.040472 0.80728 0.37592 0.90444 -0.9964 0.13507 0.46792 -0.36232 1.5683 -0.74236 -0.03565 0.11809 -0.59792 0.37407 -0.2829 -0.58131 -1.7029 0.028298 -0.088614 0.57591 0.33803 -0.76718 0.45252 -1.5267 -1.1651 -0.049588 0.48192 -0.037205 0.91121 -0.41625 0.42605 -0.28347 0.25458 0.28664
check	-0.27314 -0.17828 0.26394 -0.47224 -0.2855 0.47653 -0.27501 0.57198 0.34998 0.336 0.27987 0.37373 0.40312 0.26457 0.038978 0.11079 0.56687 0.00024736 -0.008156 -0.057403 -0.28108 0.1262 -0.65418 -0.53825 0.10259 -0.51373 -0.24087 -0.65683 -0.028279 -0.7707 0.20415 0.18323 0.12709 0.62394 0.15823 -0.0050464 -0.40865 -0.27617 0.17649 -0.48984 0.033228 -0.42428 -0.21466 -0.49541 -0.25184 0.22204 -0.81785 -0.72368 0.23574 -1.0678 1.0207 0.16764 -0.19304 0.79255 -0.048997 -1.2361 0.24788 -0.017531 2.227 -0.090285 -0.025205 0.61781 -0.15697 0.24095 0.56607 0.369 -0.014747 0.016142 0.56479 -0.054685 -0.64588 0.10025 0.10703 -0.55915 0.40791 0.44661 0.082875 -0.051264 -0.5306 -0.21603 0.97219 -0.18039 -0.43002 -0.5618 -1.0886 -0.16942 0.41837 0.16439 -0.85309 0.32493 -0.49075 0.76562 0.48373 -0.7059 -0.36424 0.20114 0.71274 0.068123 0.16072 -0.22105
Vector	-0.56771 0.91216 -0.2829 0.5578 0.050398 0.40665 0.3673 -0.36428 -0.98524 0.26007 0.018096 -0.63123 -0.063122 -0.18705 0.57547 0.23842 -0.25555 1.069 1.0302 -0.83849 0.75157 -0.68062 0.12004 0.29099 0.78576 0.48795 1.2945 0.67044 -0.36405 -0.42256 0.21618 0.3502 -0.14259 0.53681 0.82246 0.15446 -0.07861 0.41013 0.086787 -0.84371 0.44019 -0.7558 -0.44159 -0.094715 0.032807 0.8449 -0.18331 0.27648 -0.72416 1.2323 0.785 -0.32615 0.76546 1.0035 0.6576 -0.017172 0.16064 0.33622 1.148 0.16761 0.072649 -0.46968 -0.13508 -0.066288 1.3862 1.0864 -0.040472 0.80728 0.37592 0.90444 -0.9964 0.13507 0.46792 -0.36232 1.5683 -0.74236 -0.03565 0.11809 -0.59792 0.37407 -0.2829 -0.58131 -1.7029 0.028298 -0.088614 0.57591 0.33803 -0.76718 0.45252 -1.5267 -1.1651 -0.049588 0.48192 -0.037205 0.91121 -0.41625 0.42605 -0.28347 0.25458 0.28664
Dimensions	-0.11933 0.70895 0.29083 0.86343 -0.35994 -0.18207 0.031932 -0.17638 -0.102 0.71601 0.62568 -0.38826 0.41569 0.030347 0.63059 0.33267 -0.64041 1.1093 -0.62556 -0.46046 -0.10882 -0.50418 -0.055036 -0.2925 0.59879 -0.063318 0.27525 0.042479 -0.28948 0.12165 0.544 -0.61122 -0.79739 -0.18766 0.10936 0.40052 0.48429 0.71727 -0.23072 0.14025 0.59122 -0.9047 -0.0033061 0.0043801 -0.65171 0.24065 0.58538 0.23616 -0.61628 0.94431 0.53393 -0.067762 0.21888 1.3418 0.1673 -1.1713 0.65885 -0.18355 0.56941 0.66366 -0.2663 0.43836 -0.43949 0.10166 0.77159 0.081834 -0.35371 -0.22662 0.40964 -0.1964 0.014034 -0.017458 0.54933 0.10581 0.63994 -0.64973 0.053805 -0.52278 0.10007 0.15323 -0.63347 -0.033663 -0.12176 -0.038049 -0.71829 0.41325 0.02714 -0.93113 -0.073381 0.044873 -0.3942 0.59959 0.012287 -0.54947 0.33942 -0.14074 -0.44474 -0.71061 0.72557 0.088214
Dimension	-0.12337 0.38991 0.67172 0.92789 0.089939 -0.19004 -0.025358 -0.67906 0.12962 0.38425 0.2713 -0.47342 -0.026401 -0.26006 0.10107 0.45811 -0.69279 0.74395 -0.095373 -0.13254 0.6216 -0.8311 0.085157 0.062298 0.1866 0.45908 1.0185 0.41861 -0.2767 -0.29993 0.09033 -0.16496 -0.70345 0.059575 0.34022 0.17279 -0.097823 0.77674 0.45536 -0.14991 0.039018 -0.35423 0.14881 -0.056105 -0.26775 0.37092 0.27607 0.41655 0.12927 0.73731 0.44432 -0.075273 -0.35983 1.1094 -0.18568 -1.7945 0.42676 0.039002 0.61098 0.41063 0.037191 0.16327 -0.78975 -0.32055 1.0677 -0.13729 -0.010851 -0.076833 0.67141 0.14771 0.35141 -0.10072 0.51512 0.19841 0.40615 -0.071054 -0.22182 -0.71608 0.062992 0.11743 -0.91253 -0.25699 -0.08252 0.18318 -0.64885 0.89708 -0.099915 -0.53869 0.50843 -0.32184 -0.45702 0.28684 0.084522 -0.53414 0.57799 -0.51682 0.24085 -0.44137 0.35293 0.34349

OpenMapRealVector	
res	-0.86668 0.58312 0.15016 0.30007 -0.53764 -0.63076 0.17515 -0.40025 0.31051 0.32326 0.63404 -0.74149 -0.25795 -0.25069 1.166 0.25431 0.32931 0.44342 0.38968 -0.0071053 0.27793 0.63701 -0.047949 0.66125 -0.51652 0.5499 0.48727 -0.4266 0.20769 0.26826 1.1342 0.052895 -0.68001 0.37228 -0.30453 -0.20342 -0.385 1.0024 -0.75776 -0.49857 0.2936 0.41491 -0.24125 -0.91314 0.0017101 -0.57887 -0.57094 0.61021 0.51889 0.66096 -1.0181 0.78313 -0.48603 -0.036314 -0.89167 0.09019 0.60186 0.27012 0.27327 -0.075182 -0.32234 -0.78055 -0.108 -0.46622 -0.080147 0.61613 0.5056 -0.2215 -0.23535 -0.81416 0.47117 0.61201 -1.0849 -0.54127 -0.42881 0.08511 -0.019828 -0.12464 -0.26846 -0.50716 -0.61821 -0.69823 0.60559 -0.4479 0.73978 0.027733 1.0898 -0.39385 0.82041 -0.27353 0.55873 -0.19316 -0.65409 0.63435 0.73878 0.19623 0.49262 -1.0988 0.27777 0.21381
OpenMapRealVector	
Open	-0.61034 0.60236 0.61765 0.59614 0.55641 0.2301 -0.20742 0.8231 0.090912 -0.53776 0.17528 0.62751 0.15772 0.20984 -0.39661 0.47713 -0.27221 0.72068 -0.94254 -0.0011616 0.049811 0.44193 0.44902 0.47736 0.91806 -0.074704 0.43354 -1.389 0.40696 -0.15823 -0.51772 0.36528 0.12091 -0.20566 0.78396 -0.096688 -0.36237 0.02203 -0.44326 0.21395 0.046645 -1.1911 0.27869 0.042393 0.163 -0.2473 -0.18931 0.31419 0.37372 -0.83508 -0.54857 -0.38864 -0.031954 0.22341 -0.38107 -2.7609 0.28743 0.14508 2.3684 0.4966 -0.60259 0.42523 -0.16205 0.19028 0.38663 -0.39419 0.12353 0.37308 0.01648 -0.45128 -0.19476 -0.062371 0.31139 -0.83917 -0.62146 -0.17515 0.64186 0.19808 -0.44694 -0.24301 1.0159 -0.49681 -0.29576 0.94691 -0.80177 -0.0070947 0.041663 0.72282 0.026254 0.62928 0.073193 0.25655 0.16951 0.66374 -0.18381 0.66264 0.15201 -0.13958 0.72138 0.52252
Map	-1.1901 -0.0021529 0.40549 0.68942 0.66607 -0.4504 0.15405 0.14237 0.28827 0.18848 0.11546 -0.45715 0.47218 -0.74683 0.53511 1.4779 0.63923 0.073358 -0.3128 -0.36098 -0.36125 0.22723 0.40182 -0.10071 -0.23276 -0.25542 -0.18468 0.20922 -0.53883 -1.2156 0.36216 -0.044206 -0.052804 0.42888 0.15632 -0.48663 -0.063466 -0.6468 0.17658 -0.31864 -0.30747 -0.31038 0.24385 -0.20996 -0.79465 -0.10986 -0.5287 0.3553 -0.38423 0.36732 0.28419 0.51863 0.38478 1.1469 -0.25501 -2.0559 -0.22187 -0.30559 1.0603 0.43159 -0.56748 0.91966 -0.26692 -0.55159 1.2229 0.99048 -0.78262 0.55937 0.056696 -0.14318 -0.041988 0.28624 0.39882 -0.62893 0.70887 -0.46459 1.0158 0.59964 -0.78927 -0.50455 -0.0011997 -0.12257 -0.72215 0.23839 -0.039859 0.49306 0.3755 -1.1257 -0.14628 0.11075 -0.45438 0.62459 0.011659 -0.15928 -0.3664 -0.3185 0.14606 -0.22496 0.056719 0.12277
Real	0.45006 0.15098 0.31014 -0.20369 -0.22106 0.026847 -0.47168 -0.35329 0.30574 -0.18775 0.58343 -0.32065 -0.30944 -0.088593 0.1322 0.30485 0.26046 0.70907 0.48573 1.0704 0.44214 0.06786 -0.48416 -0.24182 -0.32512 -0.095676 0.13895 -0.51328 -0.74034 -0.42652 -0.4399 0.21417 -0.31975 0.09943 0.29569 -0.13221 -0.036458 0.34684 0.17692 -0.28864 0.64341 -0.59949 0.38077 -0.36846 0.070136 -0.00020772 0.044784 0.44886 -0.33167 -0.55238 -0.10746 -0.071916 0.1292 0.85166 0.5303 -2.7433 -0.15436 0.0070157 1.083 0.22456 -0.01432 0.85114 -1.3592 -0.80181 0.91592 0.18628 0.3964 0.068408 0.024484 0.049238 -0.17104 0.091187 -0.11639 -0.64507 0.41747 -0.34394 0.19825 -0.48231 -1.0754 0.23921 0.90534 0.12622 -0.42316 0.094697 -1.1758 -0.44065 -0.72483 0.51275 -0.0057466 -1.627 -0.67722 0.11307 -0.04569 0.20915 -0.6479 -0.35823 -0.059874 -0.5568 0.50717 -0.17496
Vector	-0.56771 0.91216 -0.2829 0.5578 0.050398 0.40665 0.3673 -0.36428 -0.98524 0.26007 0.018096 -0.63123 -0.063122 -0.18705 0.57547 0.23842 -0.25555 1.069 1.0302 -0.83849 0.75157 -0.68062 0.12004 0.29099 0.78576 0.48795 1.2945 0.67044 -0.36405 -0.42256 0.21618 0.3502 -0.14259 0.53681 0.82246 0.15446 -0.07861 0.41013 0.086787 -0.84371 0.44019 -0.7558 -0.44159 -0.094715 0.032807 0.8449 -0.18331 0.27648 -0.72416 1.2323 0.785 -0.32615 0.76546 1.0035 0.6576 -0.017172 0.16064 0.33622 1.148 0.16761 0.072649 -0.46968 -0.13508 -0.066288 1.3862 1.0864 -0.040472 0.80728 0.37592 0.90444 -0.9964 0.13507 0.46792 -0.36232 1.5683 -0.74236 -0.03565 0.11809 -0.59792 0.37407 -0.2829 -0.58131 -1.7029 0.028298 -0.088614 0.57591 0.33803 -0.76718 0.45252 -1.5267 -1.1651 -0.049588 0.48192 -0.037205 0.91121 -0.41625 0.42605 -0.28347 0.25458 0.28664
Open	-0.61034 0.60236 0.61765 0.59614 0.55641 0.2301 -0.20742 0.8231 0.090912 -0.53776 0.17528 0.62751 0.15772 0.20984 -0.39661 0.47713 -0.27221 0.72068 -0.94254 -0.0011616 0.049811 0.44193 0.44902 0.47736 0.91806 -0.074704 0.43354 -1.389 0.40696 -0.15823 -0.51772 0.36528 0.12091 -0.20566 0.78396 -0.096688 -0.36237 0.02203 -0.44326 0.21395 0.046645 -1.1911 0.27869 0.042393 0.163 -0.2473 -0.18931 0.31419 0.37372 -0.83508 -0.54857 -0.38864 -0.031954 0.22341 -0.38107 -2.7609 0.28743 0.14508 2.3684 0.4966 -0.60259 0.42523 -0.16205 0.19028 0.38663 -0.39419 0.12353 0.37308 0.01648 -0.45128 -0.19476 -0.062371 0.31139 -0.83917 -0.62146 -0.17515 0.64186 0.19808 -0.44694 -0.24301 1.0159 -0.49681 -0.29576 0.94691 -0.80177 -0.0070947 0.041663 0.72282 0.026254 0.62928 0.073193 0.25655 0.16951 0.66374 -0.18381 0.66264 0.15201 -0.13958 0.72138 0.52252
Map	-1.1901 -0.0021529 0.40549 0.68942 0.66607 -0.4504 0.15405 0.14237 0.28827 0.18848 0.11546 -0.45715 0.47218 -0.74683 0.53511 1.4779 0.63923 0.073358 -0.3128 -0.36098 -0.36125 0.22723 0.40182 -0.10071 -0.23276 -0.25542 -0.18468 0.20922 -0.53883 -1.2156 0.36216 -0.044206 -0.052804 0.42888 0.15632 -0.48663 -0.063466 -0.6468 0.17658 -0.31864 -0.30747 -0.31038 0.24385 -0.20996 -0.79465 -0.10986 -0.5287 0.3553 -0.38423 0.36732 0.28419 0.51863 0.38478 1.1469 -0.25501 -2.0559 -0.22187 -0.30559 1.0603 0.43159 -0.56748 0.91966 -0.26692 -0.55159 1.2229 0.99048 -0.78262 0.55937 0.056696 -0.14318 -0.041988 0.28624 0.39882 -0.62893 0.70887 -0.46459 1.0158 0.59964 -0.78927 -0.50455 -0.0011997 -0.12257 -0.72215 0.23839 -0.039859 0.49306 0.3755 -1.1257 -0.14628 0.11075 -0.45438 0.62459 0.011659 -0.15928 -0.3664 -0.3185 0.14606 -0.22496 0.056719 0.12277
Real	0.45006 0.15098 0.31014 -0.20369 -0.22106 0.026847 -0.47168 -0.35329 0.30574 -0.18775 0.58343 -0.32065 -0.30944 -0.088593 0.1322 0.30485 0.26046 0.70907 0.48573 1.0704 0.44214 0.06786 -0.48416 -0.24182 -0.32512 -0.095676 0.13895 -0.51328 -0.74034 -0.42652 -0.4399 0.21417 -0.31975 0.09943 0.29569 -0.13221 -0.036458 0.34684 0.17692 -0.28864 0.64341 -0.59949 0.38077 -0.36846 0.070136 -0.00020772 0.044784 0.44886 -0.33167 -0.55238 -0.10746 -0.071916 0.1292 0.85166 0.5303 -2.7433 -0.15436 0.0070157 1.083 0.22456 -0.01432 0.85114 -1.3592 -0.80181 0.91592 0.18628 0.3964 0.068408 0.024484 0.049238 -0.17104 0.091187 -0.11639 -0.64507 0.41747 -0.34394 0.19825 -0.48231 -1.0754 0.23921 0.90534 0.12622 -0.42316 0.094697 -1.1758 -0.44065 -0.72483 0.51275 -0.0057466 -1.627 -0.67722 0.11307 -0.04569 0.20915 -0.6479 -0.35823 -0.059874 -0.5568 0.50717 -0.17496
Vector	-0.56771 0.91216 -0.2829 0.5578 0.050398 0.40665 0.3673 -0.36428 -0.98524 0.26007 0.018096 -0.63123 -0.063122 -0.18705 0.57547 0.23842 -0.25555 1.069 1.0302 -0.83849 0.75157 -0.68062 0.12004 0.29099 0.78576 0.48795 1.2945 0.67044 -0.36405 -0.42256 0.21618 0.3502 -0.14259 0.53681 0.82246 0.15446 -0.07861 0.41013 0.086787 -0.84371 0.44019 -0.7558 -0.44159 -0.094715 0.032807 0.8449 -0.18331 0.27648 -0.72416 1.2323 0.785 -0.32615 0.76546 1.0035 0.6576 -0.017172 0.16064 0.33622 1.148 0.16761 0.072649 -0.46968 -0.13508 -0.066288 1.3862 1.0864 -0.040472 0.80728 0.37592 0.90444 -0.9964 0.13507 0.46792 -0.36232 1.5683 -0.74236 -0.03565 0.11809 -0.59792 0.37407 -0.2829 -0.58131 -1.7029 0.028298 -0.088614 0.57591 0.33803 -0.76718 0.45252 -1.5267 -1.1651 -0.049588 0.48192 -0.037205 0.91121 -0.41625 0.42605 -0.28347 0.25458 0.28664

Iterator	-0.32725 0.33973 -0.24446 0.41445 -0.17153 -0.20888 0.25326 0.0058223 0.91969 0.22952 -0.14926 -0.36386 0.13284 -0.71315 0.39484 0.58914 0.077144 0.25927 0.27555 -0.068624 -0.38665 -0.1151 -0.66474 -0.058689 0.53075 0.22775 0.54145 0.53904 -0.085954 -0.26751 -0.18702 0.41267 -0.31508 -0.19282 0.11564 -0.030381 0.46759 0.10438 0.29701 0.049058 -0.19395 -0.20502 -0.19993 0.058226 0.14238 0.064494 0.12653 0.2639 -0.3319 0.39463 0.189 0.077928 0.44895 -0.25732 0.1439 0.2419 0.22162 -0.12722 0.16651 0.025791 -0.022857 -0.54262 0.013934 0.098522 -0.21038 0.085542 -0.3271 -0.82545 -0.88819 -0.27336 -0.082031 -0.5985 0.32402 0.31384 -0.10832 -0.56824 0.13795 -0.12373 0.55271 -0.84145 -0.53968 -0.14508 0.37334 -0.69818 0.71007 0.033724 0.34732 0.0071428 -0.12108 0.42422 -0.34679 0.33788 -0.18644 -0.24138 0.95187 -0.35933 -0.060657 0.25207 -0.29979 -0.19684
iter	0.86433 1.6676 0.62766 0.048904 -0.39405 -1.321 0.9769 0.39063 0.23119 0.47372 0.11682 0.40439 -0.067386 -0.42827 -0.25667 -0.17454 -0.0085633 0.62637 0.65313 0.33882 -0.25701 0.11292 -0.23661 -0.37147 0.32917 -0.33451 -0.38312 0.21176 0.16408 0.6887 -1.287 0.030191 0.052214 1.1978 0.46758 0.40747 0.88641 -0.4091 -0.57905 -1.0137 -0.13373 0.41638 -0.38789 -0.36171 0.55024 -0.5599 -0.67055 0.12627 -1.065 1.1141 -0.1056 0.73819 0.081863 -0.85823 -0.75912 -0.30666 0.055812 -0.096891 -0.12298 0.21665 0.32047 -0.10719 0.18953 0.73031 -0.0042157 0.56888 -1.241 0.19797 -0.40976 -1.0698 0.78714 -0.16964 -0.43791 0.064366 -0.52686 -0.80299 0.45293 0.13663 -0.15296 0.39963 -0.1127 -0.37934 0.54306 0.48887 -0.086078 1.315 0.020451 1.1365 -0.20977 -0.43814 0.14309 0.079373 0.21611 0.16838 0.63598 -0.24647 0.23522 -0.33077 0.98003 -0.086052
entries	0.048336 0.27785 0.40567 -0.28233 0.72638 0.47559 0.22992 0.48335 -0.16525 0.02817 0.35508 0.19961 0.1633 -0.40606 -0.38498 0.80064 0.36823 0.35064 0.20084 0.29345 0.20097 -0.01591 0.24059 0.12368 0.22158 -1.4196 0.62581 0.30667 0.39054 -0.75962 0.0048677 -0.24116 -0.19836 -0.36897 0.67439 0.32876 -0.1021 -0.27946 -1.0375 0.12136 -0.12725 -0.34269 -0.29023 -0.035328 -0.11322 0.023598 -0.49488 -1.0166 0.0083676 0.11322 0.58128 -0.28994 0.025529 0.34161 -0.17602 -0.20229 -0.088761 -0.033801 1.0491 0.018899 -0.57951 0.89259 -0.02838 0.5125 1.1658 -0.27873 0.17759 0.52882 0.56294 -0.44285 -0.45333 0.68426 0.003325 0.069102 -0.30197 0.65705 0.26367 -0.22892 -0.61074 -0.84443 0.034948 -0.51499 -0.27822 -0.29953 -0.80683 -0.45438 -0.13803 -0.98937 0.20813 0.21827 -0.946 1.0401 0.12772 -0.036068 0.24832 -0.051825 -0.62134 0.074155 0.19774 0.33874
iterator	-0.32725 0.33973 -0.24446 0.41445 -0.17153 -0.20888 0.25326 0.0058223 0.91969 0.22952 -0.14926 -0.36386 0.13284 -0.71315 0.39484 0.58914 0.077144 0.25927 0.27555 -0.068624 -0.38665 -0.1151 -0.66474 -0.058689 0.53075 0.22775 0.54145 0.53904 -0.085954 -0.26751 -0.18702 0.41267 -0.31508 -0.19282 0.11564 -0.030381 0.46759 0.10438 0.29701 0.049058 -0.19395 -0.20502 -0.19993 0.058226 0.14238 0.064494 0.12653 0.2639 -0.3319 0.39463 0.189 0.077928 0.44895 -0.25732 0.1439 0.2419 0.22162 -0.12722 0.16651 0.025791 -0.022857 -0.54262 0.013934 0.098522 -0.21038 0.085542 -0.3271 -0.82545 -0.88819 -0.27336 -0.082031 -0.5985 0.32402 0.31384 -0.10832 -0.56824 0.13795 -0.12373 0.55271 -0.84145 -0.53968 -0.14508 0.37334 -0.69818 0.71007 0.033724 0.34732 0.0071428 -0.12108 0.42422 -0.34679 0.33788 -0.18644 -0.24138 0.95187 -0.35933 -0.060657 0.25207 -0.29979 -0.19684

iter	0.86433 1.6676 0.62766 0.048904 -0.39405 -1.321 0.9769 0.39063 0.23119 0.47372 0.11682 0.40439 -0.067386 -0.42827 -0.25667 -0.17454 -0.0085633 0.62637 0.65313 0.33882 -0.25701 0.11292 -0.23661 -0.37147 0.32917 -0.33451 -0.38312 0.21176 0.16408 0.6887 -1.287 0.030191 0.052214 1.1978 0.46758 0.40747 0.88641 -0.4091 -0.57905 -1.0137 -0.13373 0.41638 -0.38789 -0.36171 0.55024 -0.5599 -0.67055 0.12627 -1.065 1.1141 -0.1056 0.73819 0.081863 -0.85823 -0.75912 -0.30666 0.055812 -0.096891 -0.12298 0.21665 0.32047 -0.10719 0.18953 0.73031 -0.0042157 0.56888 -1.241 0.19797 -0.40976 -1.0698 0.78714 -0.16964 -0.43791 0.064366 -0.52686 -0.80299 0.45293 0.13663 -0.15296 0.39963 -0.1127 -0.37934 0.54306 0.48887 -0.086078 1.315 0.020451 1.1365 -0.20977 -0.43814 0.14309 0.079373 0.21611 0.16838 0.63598 -0.24647 0.23522 -0.33077 0.98003 -0.086052
hasNext	
iter	0.86433 1.6676 0.62766 0.048904 -0.39405 -1.321 0.9769 0.39063 0.23119 0.47372 0.11682 0.40439 -0.067386 -0.42827 -0.25667 -0.17454 -0.0085633 0.62637 0.65313 0.33882 -0.25701 0.11292 -0.23661 -0.37147 0.32917 -0.33451 -0.38312 0.21176 0.16408 0.6887 -1.287 0.030191 0.052214 1.1978 0.46758 0.40747 0.88641 -0.4091 -0.57905 -1.0137 -0.13373 0.41638 -0.38789 -0.36171 0.55024 -0.5599 -0.67055 0.12627 -1.065 1.1141 -0.1056 0.73819 0.081863 -0.85823 -0.75912 -0.30666 0.055812 -0.096891 -0.12298 0.21665 0.32047 -0.10719 0.18953 0.73031 -0.0042157 0.56888 -1.241 0.19797 -0.40976 -1.0698 0.78714 -0.16964 -0.43791 0.064366 -0.52686 -0.80299 0.45293 0.13663 -0.15296 0.39963 -0.1127 -0.37934 0.54306 0.48887 -0.086078 1.315 0.020451 1.1365 -0.20977 -0.43814 0.14309 0.079373 0.21611 0.16838 0.63598 -0.24647 0.23522 -0.33077 0.98003 -0.086052
advance	-0.49073 0.16629 0.29661 0.71044 0.25137 -0.20467 0.47615 -0.14334 -0.18089 -0.1085 0.53782 0.087112 -0.47422 -0.58242 -0.13413 0.64936 -0.0034199 -0.077409 -0.3294 -0.30451 0.1799 -0.46144 0.010558 1.0058 -0.21336 -0.16385 0.0044232 -0.48015 0.53849 -0.57318 -0.66148 -0.030945 -0.27787 -0.2966 0.58135 -0.33521 0.020057 0.0085035 -0.42216 0.16492 -0.24598 -0.47402 -0.28085 -0.31962 0.0080562 -0.62225 -0.36328 -0.32463 0.78564 -0.97021 0.41866 0.53655 0.12734 0.64699 0.51888 -1.483 0.49759 -0.66551 2.0028 0.069883 -0.71018 0.62001 -0.25079 -0.072653 0.60848 -0.030847 -0.89088 0.84269 0.10063 0.072177 -0.11216 -0.59556 -0.25108 -0.64512 0.15558 0.39966 -0.15208 -0.044901 -0.6734 -0.18722 0.38862 0.13231 -0.62166 0.16455 -0.99321 -0.36196 0.18726 0.22203 -0.038003 0.050822 -0.23091 0.42416 0.22907 0.36112 -0.67513 -0.37855 0.58622 0.30827 0.68883 0.5963

res	-0.86668 0.58312 0.15016 0.30007 -0.53764 -0.63076 0.17515 -0.40025 0.31051 0.32326 0.63404 -0.74149 -0.25795 -0.25069 1.166 0.25431 0.32931 0.44342 0.38968 -0.0071053 0.27793 0.63701 -0.047949 0.66125 -0.51652 0.5499 0.48727 -0.4266 0.20769 0.26826 1.1342 0.052895 -0.68001 0.37228 -0.30453 -0.20342 -0.385 1.0024 -0.75776 -0.49857 0.2936 0.41491 -0.24125 -0.91314 0.0017101 -0.57887 -0.57094 0.61021 0.51889 0.66096 -1.0181 0.78313 -0.48603 -0.036314 -0.89167 0.09019 0.60186 0.27012 0.27327 -0.075182 -0.32234 -0.78055 -0.108 -0.46622 -0.080147 0.61613 0.5056 -0.2215 -0.23535 -0.81416 0.47117 0.61201 -1.0849 -0.54127 -0.42881 0.08511 -0.019828 -0.12464 -0.26846 -0.50716 -0.61821 -0.69823 0.60559 -0.4479 0.73978 0.027733 1.0898 -0.39385 0.82041 -0.27353 0.55873 -0.19316 -0.65409 0.63435 0.73878 0.19623 0.49262 -1.0988 0.27777 0.21381
setEntry	
iter	0.86433 1.6676 0.62766 0.048904 -0.39405 -1.321 0.9769 0.39063 0.23119 0.47372 0.11682 0.40439 -0.067386 -0.42827 -0.25667 -0.17454 -0.0085633 0.62637 0.65313 0.33882 -0.25701 0.11292 -0.23661 -0.37147 0.32917 -0.33451 -0.38312 0.21176 0.16408 0.6887 -1.287 0.030191 0.052214 1.1978 0.46758 0.40747 0.88641 -0.4091 -0.57905 -1.0137 -0.13373 0.41638 -0.38789 -0.36171 0.55024 -0.5599 -0.67055 0.12627 -1.065 1.1141 -0.1056 0.73819 0.081863 -0.85823 -0.75912 -0.30666 0.055812 -0.096891 -0.12298 0.21665 0.32047 -0.10719 0.18953 0.73031 -0.0042157 0.56888 -1.241 0.19797 -0.40976 -1.0698 0.78714 -0.16964 -0.43791 0.064366 -0.52686 -0.80299 0.45293 0.13663 -0.15296 0.39963 -0.1127 -0.37934 0.54306 0.48887 -0.086078 1.315 0.020451 1.1365 -0.20977 -0.43814 0.14309 0.079373 0.21611 0.16838 0.63598 -0.24647 0.23522 -0.33077 0.98003 -0.086052
key	-0.22009 0.1228 0.49666 0.014973 0.58537 -1.0869 -0.4435 -0.67389 -0.11957 -0.2751 0.14446 -0.30252 -0.32128 0.14588 -0.1927 0.29439 0.093863 -0.43039 0.20753 0.084383 0.39514 -0.59375 0.32108 -0.065593 -0.11269 -0.6302 -0.23751 -0.094258 -0.36321 0.3258 0.082417 -0.093256 0.15658 -0.059934 0.022428 -0.11107 0.093985 -0.04207 -0.32812 0.031688 -0.50681 -0.61542 1.6011 0.030004 0.00056317 0.2723 -0.10129 -0.0017352 -0.46781 -0.58449 0.10235 0.15112 -0.22557 0.9944 -0.13042 -2.0398 -0.29454 -0.3525 1.7486 0.59134 -0.65688 0.3913 -0.068291 -0.00327 0.63607 -0.041222 0.22515 0.40704 0.60109 0.029032 -0.17948 0.24172 -0.21984 -0.55467 0.09011 -0.45749 -0.25776 0.02886 -0.17182 -0.00081766 0.70004 0.12981 -0.49957 -0.59933 -1.7221 0.32901 0.49726 0.61915 0.093617 -0.23046 -0.49754 0.5477 -0.28813 0.26786 -0.99516 0.3707 0.24787 -0.46564 0.97654 0.92977
iter	0.86433 1.6676 0.62766 0.048904 -0.39405 -1.321 0.9769 0.39063 0.23119 0.47372 0.11682 0.40439 -0.067386 -0.42827 -0.25667 -0.17454 -0.0085633 0.62637 0.65313 0.33882 -0.25701 0.11292 -0.23661 -0.37147 0.32917 -0.33451 -0.38312 0.21176 0.16408 0.6887 -1.287 0.030191 0.052214 1.1978 0.46758 0.40747 0.88641 -0.4091 -0.57905 -1.0137 -0.13373 0.41638 -0.38789 -0.36171 0.55024 -0.5599 -0.67055 0.12627 -1.065 1.1141 -0.1056 0.73819 0.081863 -0.85823 -0.75912 -0.30666 0.055812 -0.096891 -0.12298 0.21665 0.32047 -0.10719 0.18953 0.73031 -0.0042157 0.56888 -1.241 0.19797 -0.40976 -1.0698 0.78714 -0.16964 -0.43791 0.064366 -0.52686 -0.80299 0.45293 0.13663 -0.15296 0.39963 -0.1127 -0.37934 0.54306 0.48887 -0.086078 1.315 0.020451 1.1365 -0.20977 -0.43814 0.14309 0.079373 0.21611 0.16838 0.63598 -0.24647 0.23522 -0.33077 0.98003 -0.086052
getEntry	
iter	0.86433 1.6676 0.62766 0.048904 -0.39405 -1.321 0.9769 0.39063 0.23119 0.47372 0.11682 0.40439 -0.067386 -0.42827 -0.25667 -0.17454 -0.0085633 0.62637 0.65313 0.33882 -0.25701 0.11292 -0.23661 -0.37147 0.32917 -0.33451 -0.38312 0.21176 0.16408 0.6887 -1.287 0.030191 0.052214 1.1978 0.46758 0.40747 0.88641 -0.4091 -0.57905 -1.0137 -0.13373 0.41638 -0.38789 -0.36171 0.55024 -0.5599 -0.67055 0.12627 -1.065 1.1141 -0.1056 0.73819 0.081863 -0.85823 -0.75912 -0.30666 0.055812 -0.096891 -0.12298 0.21665 0.32047 -0.10719 0.18953 0.73031 -0.0042157 0.56888 -1.241 0.19797 -0.40976 -1.0698 0.78714 -0.16964 -0.43791 0.064366 -0.52686 -0.80299 0.45293 0.13663 -0.15296 0.39963 -0.1127 -0.37934 0.54306 0.48887 -0.086078 1.315 0.020451 1.1365 -0.20977 -0.43814 0.14309 0.079373 0.21611 0.16838 0.63598 -0.24647 0.23522 -0.33077 0.98003 -0.086052
key	-0.22009 0.1228 0.49666 0.014973 0.58537 -1.0869 -0.4435 -0.67389 -0.11957 -0.2751 0.14446 -0.30252 -0.32128 0.14588 -0.1927 0.29439 0.093863 -0.43039 0.20753 0.084383 0.39514 -0.59375 0.32108 -0.065593 -0.11269 -0.6302 -0.23751 -0.094258 -0.36321 0.3258 0.082417 -0.093256 0.15658 -0.059934 0.022428 -0.11107 0.093985 -0.04207 -0.32812 0.031688 -0.50681 -0.61542 1.6011 0.030004 0.00056317 0.2723 -0.10129 -0.0017352 -0.46781 -0.58449 0.10235 0.15112 -0.22557 0.9944 -0.13042 -2.0398 -0.29454 -0.3525 1.7486 0.59134 -0.65688 0.3913 -0.068291 -0.00327 0.63607 -0.041222 0.22515 0.40704 0.60109 0.029032 -0.17948 0.24172 -0.21984 -0.55467 0.09011 -0.45749 -0.25776 0.02886 -0.17182 -0.00081766 0.70004 0.12981 -0.49957 -0.59933 -1.7221 0.32901 0.49726 0.61915 0.093617 -0.23046 -0.49754 0.5477 -0.28813 0.26786 -0.99516 0.3707 0.24787 -0.46564 0.97654 0.92977
return	0.10483 -0.20148 0.20761 -0.24741 -0.13387 0.1678 -0.17015 0.31613 -0.085635 0.22753 -0.12968 0.66281 0.34332 0.11174 -0.062333 -0.47705 0.38937 0.17352 -0.1497 0.57772 0.20197 -0.19238 -0.21633 0.33175 0.2554 0.12737 -0.29661 -0.38718 0.93222 -0.23178 -0.41018 0.25106 -0.44001 0.048755 0.078251 0.2067 0.32111 0.39704 -0.78405 -0.65491 -0.82952 -0.45039 0.5385 -0.37227 0.31965 -2.9134e-05 -0.37973 -0.54251 0.68472 -0.81818 0.35916 -0.017955 0.28055 0.70254 0.22264 -2.3298 -0.29809 -0.81741 1.8447 0.39505 -0.36728 0.2835 -0.70904 -0.37948 0.76066 -0.1291 -0.02278 0.29353 -0.63138 -0.25353 -0.082943 -0.4101 -0.5194 -0.7351 0.17988 0.14519 -0.45157 0.077171 -0.49515 0.064367 0.7602 0.5762 -0.22859 0.0007965 -0.79401 0.16778 0.6392 0.087073 -0.078949 -0.63338 -0.34562 -0.053887 0.24041 0.0053984 -0.98415 -0.47787 0.46757 0.56396 0.070056 -0.21982
res	-0.86668 0.58312 0.15016 0.30007 -0.53764 -0.63076 0.17515 -0.40025 0.31051 0.32326 0.63404 -0.74149 -0.25795 -0.25069 1.166 0.25431 0.32931 0.44342 0.38968 -0.0071053 0.27793 0.63701 -0.047949 0.66125 -0.51652 0.5499 0.48727 -0.4266 0.20769 0.26826 1.1342 0.052895 -0.68001 0.37228 -0.30453 -0.20342 -0.385 1.0024 -0.75776 -0.49857 0.2936 0.41491 -0.24125 -0.91314 0.0017101 -0.57887 -0.57094 0.61021 0.51889 0.66096 -1.0181 0.78313 -0.48603 -0.036314 -0.89167 0.09019 0.60186 0.27012 0.27327 -0.075182 -0.32234 -0.78055 -0.108 -0.46622 -0.080147 0.61613 0.5056 -0.2215 -0.23535 -0.81416 0.47117 0.61201 -1.0849 -0.54127 -0.42881 0.08511 -0.019828 -0.12464 -0.26846 -0.50716 -0.61821 -0.69823 0.60559 -0.4479 0.73978 0.027733 1.0898 -0.39385 0.82041 -0.27353 0.55873 -0.19316 -0.65409 0.63435 0.73878 0.19623 0.49262 -1.0988 0.27777 0.21381
code	0.040031 -0.24448 0.73053 -0.78522 0.10176 1.1329 -0.54574 -0.16502 -0.22271 0.26857 -0.0028017 -0.53323 0.23771 -0.013369 -0.31623 0.31315 1.4045 0.3017 -0.3337 0.026709 -0.23063 -0.35121 0.3957 -0.048798 0.20233 -0.42681 0.086992 -0.32299 -0.51931 -0.39928 0.40101 1.0389 0.11716 -0.29213 0.40621 0.34681 -0.21982 -0.99274 0.27808 0.30669 -0.15944 -0.43364 0.10627 0.13963 -0.47956 -0.080051 -0.062879 -0.10151 -0.20968 -0.19341 0.45186 0.61042 -0.064944 0.96259 -0.85312 -1.127 0.15543 -0.13428 2.2155 0.61877 -0.20611 -0.513 -0.68671 -0.048113 0.87501 -0.11171 -0.40812 -0.042767 0.6316 0.14233 -0.23214 0.036219 0.32677 0.13164 0.37036 0.17449 0.12896 0.12132 -0.88154 0.11403 -0.24804 -1.2929 -0.34626 -0.30557 -1.4405 1.2882 0.31974 -1.2983 -0.18529 0.85937 -0.19239 0.83516 -0.56495 0.0085904 0.70475 -0.095823 -0.26036 -0.95226 -0.059152 -0.19183
assumption	0.55149 0.60946 0.58048 0.54328 -0.55468 0.16204 -0.29281 -0.3873 -0.008946 0.12181 0.02996 0.60371 0.87053 0.43445 0.56419 -0.88172 -0.23283 1.1756 0.16005 0.53855 -0.2548 -0.46922 -0.04941 0.20566 -0.44023 -0.44116 0.29475 -0.094911 -0.74258 -0.18157 0.18475 -0.27268 0.37773 -0.038838 -0.28439 0.61813 0.1198 0.24004 0.69583 -0.90369 -0.17384 0.31568 0.39031 -0.021423 -0.37139 -0.43669 0.45048 -0.37222 -0.84562 -0.21438 0.52093 0.076951 0.68912 0.1128 -0.4119 -1.7136 0.52808 -0.523 0.84283 -0.55135 0.026504 -0.76107 -0.039917 -0.2289 -0.0055048 -0.32606 -0.60545 -0.43908 0.026009 -0.40059 -0.0007534 0.10481 -0.04301 0.046197 0.26859 -0.34543 0.40831 0.10982 -0.63641 -0.029315 0.1641 0.30426 -0.56639 0.27088 -0.66951 -0.23965 0.0032424 -0.17851 0.076207 -0.83801 -0.60099 -0.12461 0.12348 0.44518 -0.25061 -0.57036 0.1379 -0.80923 -0.14791 0.54086
double	0.22832 0.34314 0.34916 -0.062292 0.58088 0.076693 -0.033078 0.18288 -0.43578 0.46312 0.22758 0.0066902 -0.090716 1.0973 0.29967 0.14418 -0.60248 0.47535 -0.037224 -0.36675 1.1219 -0.1294 -0.50331 0.58335 0.79264 -0.26178 -0.23382 -0.48055 0.087966 -0.75332 -0.1899 0.44444 0.0093678 0.044959 0.68601 -0.091632 -0.67163 0.54273 0.26784 0.64011 0.60244 -0.19369 0.082975 0.10601 0.49757 0.13826 0.43512 -1.303 -0.30877 -0.63144 -0.31466 -0.025677 -0.47305 0.57616 -0.17668 -2.8022 0.39615 0.33021 1.5153 1.039 -0.31545 -0.17695 -0.12297 -0.13058 0.30818 -0.34138 0.33992 0.14005 -0.21849 -0.5885 -0.74803 0.4034 -0.38642 -0.001092 0.20563 0.47726 -0.038138 -0.52337 0.082651 0.049846 0.62978 0.33405 -0.41248 -0.048782 -0.92659 -0.27725 0.24716 -0.44634 -0.093081 -0.039981 -0.42962 0.00028856 -0.36535 -0.63623 -0.027466 -0.53548 0.13744 -0.41304 0.43853 -0.97321
holds	0.03979 0.59594 0.57825 0.24082 0.65169 -0.11958 -0.234 0.35152 -0.42866 -0.44241 0.013125 -0.075094 0.45269 0.5789 -0.38146 0.13512 -0.10918 0.050836 0.38556 0.16905 -0.1645 -0.052463 0.16221 -0.27785 -0.057396 -1.0315 -0.21713 -0.26175 0.33118 -0.40379 -0.47737 0.84488 -0.3636 0.48665 0.18625 0.22819 0.21761 0.35184 -0.5626 0.18096 -0.34551 -0.45665 1.0381 -0.81931 -0.31294 -0.58657 0.0084026 0.12956 -0.45974 -0.098323 -0.0024412 -0.58258 0.25595 0.77347 -0.098616 -2.1067 0.090732 -0.11752 1.007 0.41781 0.46114 -0.18208 0.1948 -0.47591 0.080192 0.34075 0.33696 0.42634 0.26946 0.50329 0.3215 0.12391 0.2431 0.48561 -0.080293 -0.064397 -0.46722 -0.68587 -1.0354 -0.020034 0.70142 -0.15674 -0.17974 0.13064 -0.036037 -0.34799 0.16537 -0.27331 1.182 0.058585 0.1361 -0.14332 0.41147 0.049548 -0.24389 0.34391 0.1573 -0.5402 0.88233 0.6595
true	0.15464 0.34523 0.76516 -0.067509 -0.22752 0.17635 0.060849 -0.73683 -0.010929 -0.15506 -0.037127 0.44122 0.49196 0.161 0.059594 -0.34585 0.38906 0.58412 -0.18402 0.91904 0.16361 -0.42808 -0.41092 -0.48833 0.13149 0.48545 0.31245 -0.32755 -0.29294 0.036161 0.093949 0.22658 -0.17662 -0.42009 0.36593 -0.017106 0.12171 0.41396 0.16341 -0.3657 -0.2852 0.23694 0.45269 -0.1636 -0.30904 -0.51067 0.72956 0.052385 -0.44922 -0.49141 0.35438 -0.047273 0.80949 0.64988 0.22007 -2.1907 0.45671 0.33745 1.3088 -0.22552 0.0091219 0.74043 -0.70664 -0.50473 1.2026 0.068264 0.37138 0.081119 -0.11622 -0.19866 0.15098 0.077015 -0.1155 -0.092158 0.51428 -0.13918 0.19576 -0.64354 -0.62059 0.10805 -0.2634 0.33458 -0.36549 -0.083662 -1.0601 -0.48679 -0.10551 -0.19984 -0.16644 -0.32716 -0.23584 0.10837 0.1829 0.34429 -0.43508 -0.77543 -0.9318 -0.80066 0.070027 0.47041
set	-0.026979 0.0054342 0.22934 0.1992 0.53153 0.46441 -0.16962 0.79351 -0.49407 0.27806 0.40256 0.028784 -0.21689 0.26313 -0.013339 0.24328 0.37118 0.83444 -0.78186 -0.49739 0.69664 -0.51034 0.89815 0.16294 0.81555 -0.64644 -0.1909 -0.24281 -0.27935 -0.30685 -0.60586 0.16049 -0.058313 0.11473 0.16565 -0.14386 -0.066771 -0.041341 -0.17164 -0.40261 -0.21321 -0.44287 0.2134 -0.088432 0.16284 -0.38352 -0.42738 -0.18242 0.16961 -0.70388 -0.13625 -0.28808 0.17642 1.4061 0.11511 -2.6623 -0.10834 0.32273 1.7832 1.0727 -0.11656 0.31391 -0.31614 0.2553 0.83315 -0.083177 -0.22755 0.76016 -0.071007 -0.64414 0.021925 -0.040112 -0.29247 -0.19531 -0.069206 -0.12067 -0.18983 -0.29643 -0.4019 -0.015466 0.87412 -0.047512 -0.72765 0.061269 -1.2187 0.24303 0.16417 0.075568 -0.15996 0.049251 -0.13424 0.27638 -0.35704 -0.22446 -0.57734 -0.048605 0.024131 -0.50613 0.29535 0.10395
Entry	0.080984 -0.4078 0.79013 0.2939 0.39911 -0.37849 -0.20229 0.31229 0.66054 0.046952 -0.13641 0.050918 0.044995 -0.0083643 -0.13665 0.41119 0.5295 -0.14733 0.16016 -0.13209 -0.18063 0.14285 0.051452 0.11356 0.7469 -0.64778 0.35657 -0.75742 0.65843 -0.43985 -0.74499 0.43337 0.088468 0.043881 0.88773 -0.032348 -0.12407 0.045864 -0.58771 -0.21644 -0.53699 -0.38203 0.60302 0.37937 0.65502 -0.13578 -0.17573 -0.28327 0.29092 -0.032701 0.75041 0.21033 -0.76801 0.60837 -0.32939 -1.4637 0.095297 -0.045804 2.2439 0.14158 -0.86539 0.027674 0.042394 0.39544 0.84694 -0.34606 -0.39589 0.19677 -0.064193 -0.73219 -0.23883 -0.31633 -0.060286 -0.015767 -0.44187 0.58587 0.0052621 -0.038653 -0.59638 -0.7553 0.67292 -0.092578 -0.18081 -0.14128 -0.73379 -0.12109 0.43414 -0.74208 0.33001 0.114 -0.47636 0.45043 0.18193 0.09775 0.055432 -0.071906 -0.1683 0.41603 0.48882 -0.25235
Entry	0.080984 -0.4078 0.79013 0.2939 0.39911 -0.37849 -0.20229 0.31229 0.66054 0.046952 -0.13641 0.050918 0.044995 -0.0083643 -0.13665 0.41119 0.5295 -0.14733 0.16016 -0.13209 -0.18063 0.14285 0.051452 0.11356 0.7469 -0.64778 0.35657 -0.75742 0.65843 -0.43985 -0.74499 0.43337 0.088468 0.043881 0.88773 -0.032348 -0.12407 0.045864 -0.58771 -0.21644 -0.53699 -0.38203 0.60302 0.37937 0.65502 -0.13578 -0.17573 -0.28327 0.29092 -0.032701 0.75041 0.21033 -0.76801 0.60837 -0.32939 -1.4637 0.095297 -0.045804 2.2439 0.14158 -0.86539 0.027674 0.042394 0.39544 0.84694 -0.34606 -0.39589 0.19677 -0.064193 -0.73219 -0.23883 -0.31633 -0.060286 -0.015767 -0.44187 0.58587 0.0052621 -0.038653 -0.59638 -0.7553 0.67292 -0.092578 -0.18081 -0.14128 -0.73379 -0.12109 0.43414 -0.74208 0.33001 0.114 -0.47636 0.45043 0.18193 0.09775 0.055432 -0.071906 -0.1683 0.41603 0.48882 -0.25235

bug	-0.42404 -0.11038 0.94873 -0.71327 -0.19712 0.077077 0.96163 -0.35674 0.8292 -0.3676 0.15004 0.62746 0.091752 0.11142 -0.015791 0.84124 0.24467 0.023366 0.54286 -0.068057 -0.87995 -0.59202 0.18641 0.50787 0.55458 0.48448 -0.42383 0.22249 -0.8823 -0.041186 -0.049256 0.31483 0.25182 0.10876 0.45824 -0.12085 -0.96037 -0.69492 0.93473 -0.31937 -0.31673 0.24099 -0.3822 -0.72243 0.18017 0.62991 0.0030923 -0.36699 -0.21576 -0.1654 -0.55928 0.11278 -0.62944 0.56955 -0.59166 -0.92922 0.044769 0.32981 0.697 -0.13983 0.40377 1.7035 -0.68531 0.49846 0.29719 0.27865 -0.18668 -0.93605 0.66117 0.01478 -0.30582 -0.4491 -0.44983 -0.39544 -0.37577 -0.18869 0.06883 -0.04811 -0.33131 1.0204 0.32457 -0.88047 0.018825 -0.303 -0.88685 0.35682 -0.3993 -0.10512 -0.86557 0.37554 0.48771 -0.28133 0.12722 -0.56959 0.33936 0.40162 0.1109 -0.20506 0.18093 -0.23185
easy	-0.58672 0.20714 0.64483 0.10251 0.11673 0.2395 -0.035676 0.0044773 0.30814 -0.15759 0.37119 0.027367 -0.45433 -0.21589 0.47978 0.22122 -0.0021001 0.15191 -0.20388 0.66474 0.1969 0.51996 0.30874 -0.72703 0.035236 0.37447 -0.51249 -0.5727 0.050029 -0.6155 -0.70485 0.53403 -0.14686 -0.28848 1.0274 0.32969 -0.59544 -0.18822 0.30927 -0.50072 0.1945 -0.31115 -0.13091 -0.81049 -0.32159 -0.39982 0.54259 -0.3007 0.14922 -0.6273 0.023121 0.024106 -0.0011638 0.81257 0.53335 -2.2063 0.46679 0.44958 1.5249 -0.27112 -0.61425 0.11719 -0.23773 0.092794 0.79415 -0.17122 0.69299 0.20147 -0.2473 -0.78445 -0.55732 0.11268 0.1724 -0.38758 0.30756 0.17795 -0.74881 -0.21788 0.22219 -0.43575 0.67976 0.032483 -0.65006 -0.18603 -1.4812 -0.11661 0.24598 0.15171 -0.8728 0.043952 0.24417 0.39086 0.1849 -0.31811 -0.50327 -0.35087 -0.53995 -0.36897 -0.078079 0.62316
identify	-0.34065 0.049675 -0.45955 0.40801 -0.12108 0.077725 -0.42839 -0.64796 0.7649 0.48899 -0.065447 0.14008 0.29825 -0.47816 0.12071 0.050404 0.96437 0.13688 -0.89578 0.54526 -0.56964 -0.85136 -0.0077332 -0.46696 -0.92957 -0.76635 0.32032 -0.26662 0.3378 0.055539 0.37299 0.30256 -0.36698 0.42955 0.53996 -0.41645 -0.25076 -0.33231 0.3628 0.18817 -0.58887 -0.10747 -0.36617 -0.28671 -0.81026 0.44488 -0.12871 0.38616 -1.0199 -0.641 0.30342 0.032179 0.047307 0.90553 -0.060053 -0.89562 -0.4971 -0.51447 1.4022 0.27749 -0.58713 0.95005 0.19696 0.07921 0.83462 -0.059446 0.18496 0.67899 0.27316 -0.22723 -0.38633 -0.39274 -0.030491 -0.39767 0.90854 -0.15578 -0.23973 -0.47222 -0.63189 -0.45087 0.21191 0.087903 -0.61678 -0.11654 -1.4089 -0.57112 0.39793 0.61252 -0.91104 0.72441 -0.23001 0.26871 0.37823 -0.93157 -0.31869 0.049432 -0.78885 -0.7273 -0.06251 -0.20238
complex	-0.16609 0.36294 0.01681 0.7589 -0.59816 -0.059821 -0.48136 0.39348 0.16385 0.87175 0.60985 -0.21867 0.041855 0.010976 -0.090475 0.32707 0.049503 0.58696 0.21222 -0.05524 0.20423 -0.39178 0.30233 -0.50044 -0.20379 -0.65821 0.01494 0.32743 -0.6785 0.70138 -0.52421 -0.06111 0.1374 -0.31564 0.47018 -0.26973 0.22049 0.24801 0.016442 -0.33583 0.79007 -0.78361 0.1552 -0.56024 0.24067 0.18604 0.28368 1.2003 0.20702 0.3258 0.35118 -0.71255 0.60804 0.57021 -0.17758 -2.1744 0.047974 -0.65942 1.8928 0.33253 -0.6645 0.95203 0.56818 -0.53563 0.81532 -0.58024 0.53384 -0.050768 -0.044386 -0.18694 -0.20436 -0.27036 -0.24623 0.13284 0.29391 -1.015 0.14086 -0.10953 -0.69512 0.73558 0.23366 0.24046 -0.50166 0.0090618 -1.0766 1.1387 0.080733 -0.77035 -0.50432 -0.46781 0.21873 -0.16403 -0.60612 0.22752 0.22692 0.35732 -0.58707 -1.2044 0.9836 0.3594
solve	-0.50341 0.078917 0.41296 0.98942 -0.10806 -0.15591 -0.36256 -0.33556 0.90319 0.18872 -0.14777 0.29458 -0.013388 0.39638 -0.79842 -0.24257 -0.38754 0.53522 -0.93819 -0.429 -0.14017 -0.3152 0.3418 -0.59439 0.064715 -0.40375 -0.1077 -0.37473 -0.13124 0.19053 -0.91893 0.31376 -0.0723 -0.088614 -0.08456 -0.022036 0.36838 -0.30847 0.50181 -0.51664 -0.43702 0.3286 -0.31922 -0.78234 -1.1195 0.81908 0.12931 0.16919 -0.79789 -0.14162 -0.12355 -0.17613 -0.1609 1.1735 0.23983 -1.1836 0.35737 -0.37288 0.68312 0.048576 -0.76441 0.089112 -0.80226 -0.84287 1.0623 0.32946 0.12313 0.39424 0.057818 -0.27527 0.39137 0.11393 -0.47455 -0.090393 0.91074 0.093312 -0.5503 -0.042801 -0.88786 0.53596 0.72022 0.42544 -0.45033 -0.38905 -1.0915 0.74315 -0.23976 0.6302 -0.96509 -0.15484 -0.30111 0.84067 -0.6811 -0.54753 -0.075631 -0.14713 0.12962 -0.3099 0.61202 -0.058132

solution	-0.6269 0.39516 0.29439 1.1127 -0.00027501 -0.48458 0.46506 -0.28882 0.65649 0.31497 -0.12992 -0.15935 0.099145 0.23149 0.13218 -0.039036 -0.36519 -0.60476 -0.53715 -0.46797 -0.36788 -0.096492 -0.023146 -0.27548 -0.25543 0.44944 0.051732 -0.1041 -0.58247 -0.20935 -0.12909 0.79717 -0.50582 -0.30913 1.0126 -0.039588 0.69356 -0.040439 0.3705 -0.82283 -0.43379 -0.07805 0.10381 -1.042 -0.34484 0.23976 -0.19774 0.044032 -1.1053 -0.010101 0.31346 -0.05605 0.14471 1.3169 -0.14928 -1.9782 -0.14819 -0.39224 1.2207 0.028304 -0.16526 -0.69494 -0.76178 -0.49203 1.6283 -0.012948 0.47707 -0.26171 -0.50997 -1.4293 0.1914 -0.31151 -0.23624 -0.2143 0.70862 0.1358 -0.29173 -0.36161 -0.7538 -0.3603 0.31979 -0.007505 -0.51529 0.074149 -0.85935 0.97157 0.61621 0.067052 -0.59826 -0.67942 -0.10273 0.31339 -0.75789 0.21333 -0.15627 0.1027 0.17956 0.11082 0.34711 0.75093
loop	0.50782 -0.24814 0.32524 -0.38856 0.47123 0.16239 -0.16793 1.239 -0.054721 -0.22908 0.48227 0.57653 0.34323 0.044733 1.0837 0.40875 -0.3256 0.53468 0.06828 -1.3903 0.51561 0.27637 -0.49116 -0.23654 -0.42446 0.40604 0.29829 0.15154 0.25144 -0.27754 -0.47454 0.58117 0.38735 -0.19717 0.056883 0.061924 -0.47579 0.10405 0.52212 -0.17002 -0.10872 -0.22477 -0.11277 0.0018645 -0.077101 0.10204 0.46409 -0.20938 0.211 0.6489 -0.86249 0.8422 0.31322 0.29052 0.165 -2.0642 0.09736 -0.2905 1.0102 0.090444 -0.30961 -0.3114 0.54887 0.19388 -0.043525 0.013381 0.44648 -0.39331 0.19518 -0.20963 -1.2398 0.08015 0.71976 0.2146 0.56072 -0.83512 0.98451 0.33198 0.67401 -0.428 -0.26033 -0.17964 -0.88788 -0.049278 -0.62471 0.87514 0.19772 -0.82389 0.19333 0.19539 -0.66562 0.55695 -0.89161 -0.16635 0.5794 -0.32411 0.39901 -0.82797 0.59417 -0.023238
entries	0.048336 0.27785 0.40567 -0.28233 0.72638 0.47559 0.22992 0.48335 -0.16525 0.02817 0.35508 0.19961 0.1633 -0.40606 -0.38498 0.80064 0.36823 0.35064 0.20084 0.29345 0.20097 -0.01591 0.24059 0.12368 0.22158 -1.4196 0.62581 0.30667 0.39054 -0.75962 0.0048677 -0.24116 -0.19836 -0.36897 0.67439 0.32876 -0.1021 -0.27946 -1.0375 0.12136 -0.12725 -0.34269 -0.29023 -0.035328 -0.11322 0.023598 -0.49488 -1.0166 0.0083676 0.11322 0.58128 -0.28994 0.025529 0.34161 -0.17602 -0.20229 -0.088761 -0.033801 1.0491 0.018899 -0.57951 0.89259 -0.02838 0.5125 1.1658 -0.27873 0.17759 0.52882 0.56294 -0.44285 -0.45333 0.68426 0.003325 0.069102 -0.30197 0.65705 0.26367 -0.22892 -0.61074 -0.84443 0.034948 -0.51499 -0.27822 -0.29953 -0.80683 -0.45438 -0.13803 -0.98937 0.20813 0.21827 -0.946 1.0401 0.12772 -0.036068 0.24832 -0.051825 -0.62134 0.074155 0.19774 0.33874
entries	0.048336 0.27785 0.40567 -0.28233 0.72638 0.47559 0.22992 0.48335 -0.16525 0.02817 0.35508 0.19961 0.1633 -0.40606 -0.38498 0.80064 0.36823 0.35064 0.20084 0.29345 0.20097 -0.01591 0.24059 0.12368 0.22158 -1.4196 0.62581 0.30667 0.39054 -0.75962 0.0048677 -0.24116 -0.19836 -0.36897 0.67439 0.32876 -0.1021 -0.27946 -1.0375 0.12136 -0.12725 -0.34269 -0.29023 -0.035328 -0.11322 0.023598 -0.49488 -1.0166 0.0083676 0.11322 0.58128 -0.28994 0.025529 0.34161 -0.17602 -0.20229 -0.088761 -0.033801 1.0491 0.018899 -0.57951 0.89259 -0.02838 0.5125 1.1658 -0.27873 0.17759 0.52882 0.56294 -0.44285 -0.45333 0.68426 0.003325 0.069102 -0.30197 0.65705 0.26367 -0.22892 -0.61074 -0.84443 0.034948 -0.51499 -0.27822 -0.29953 -0.80683 -0.45438 -0.13803 -0.98937 0.20813 0.21827 -0.946 1.0401 0.12772 -0.036068 0.24832 -0.051825 -0.62134 0.074155 0.19774 0.33874
correspond	-0.51441 0.33744 0.02076 0.63302 -0.1894 0.42439 -0.18854 0.25935 -0.020014 0.38093 0.14616 -0.10058 0.83835 0.23882 0.03625 -0.20526 -0.24391 0.81264 -0.25982 -0.41337 0.076014 -0.57203 0.18883 0.038384 -0.65134 -0.83921 0.54979 -0.1674 0.20242 -0.56026 0.31719 -0.18157 -0.034328 -0.47505 0.052685 0.46995 0.66842 -0.36311 -0.36977 -0.26267 0.62781 0.14132 -0.55653 0.39603 -0.6952 0.10471 0.21738 0.13691 -0.5393 -0.21365 0.40788 0.155 0.59111 0.28574 -0.033995 -0.25392 0.5338 -0.32044 0.30833 0.26567 -0.29777 0.66224 -0.39607 -0.48023 0.6882 0.67029 -0.26508 0.11186 0.096353 0.0060366 -0.54595 0.081287 0.79518 -0.16009 0.8705 -0.48206 0.18389 -0.44298 -0.16395 -0.31096 -0.63337 -0.098232 -0.84027 -0.33349 -0.69066 -0.046502 -0.28738 -0.45069 0.46244 0.26471 -0.73928 0.65089 -0.51027 -0.33275 -0.23562 -0.53078 -0.65729 -0.64138 -0.46384 -0.089031
entries	0.048336 0.27785 0.40567 -0.28233 0.72638 0.47559 0.22992 0.48335 -0.16525 0.02817 0.35508 0.19961 0.1633 -0.40606 -0.38498 0.80064 0.36823 0.35064 0.20084 0.29345 0.20097 -0.01591 0.24059 0.12368 0.22158 -1.4196 0.62581 0.30667 0.39054 -0.75962 0.0048677 -0.24116 -0.19836 -0.36897 0.67439 0.32876 -0.1021 -0.27946 -1.0375 0.12136 -0.12725 -0.34269 -0.29023 -0.035328 -0.11322 0.023598 -0.49488 -1.0166 0.0083676 0.11322 0.58128 -0.28994 0.025529 0.34161 -0.17602 -0.20229 -0.088761 -0.033801 1.0491 0.018899 -0.57951 0.89259 -0.02838 0.5125 1.1658 -0.27873 0.17759 0.52882 0.56294 -0.44285 -0.45333 0.68426 0.003325 0.069102 -0.30197 0.65705 0.26367 -0.22892 -0.61074 -0.84443 0.034948 -0.51499 -0.27822 -0.29953 -0.80683 -0.45438 -0.13803 -0.98937 0.20813 0.21827 -0.946 1.0401 0.12772 -0.036068 0.24832 -0.051825 -0.62134 0.074155 0.19774 0.33874

afraid	0.20393 0.17364 0.15057 -0.39759 -1.0632 0.64762 -1.1289 0.013639 0.98327 -0.29774 0.31402 0.68216 0.47155 -0.24533 -0.23146 -0.13751 -0.38578 0.33462 -0.27214 0.61229 0.14034 0.60944 0.096643 -0.59545 -0.14569 0.5556 -0.12703 -0.5279 0.82094 0.35821 0.030401 0.15756 0.2375 -0.038795 0.39278 0.038408 0.073899 -0.2128 0.7069 -0.14656 -0.82718 0.34497 -0.075549 -0.72855 -0.26207 -0.19762 0.51673 0.28403 -0.21211 -0.9457 0.24384 -0.25281 -0.024559 0.6273 0.078522 -1.1289 0.57272 0.26828 0.40676 -0.14544 -0.055878 0.67879 -0.88211 -0.23226 0.70475 0.014326 0.84506 0.37219 -0.41306 -0.12706 -0.0067325 -0.9117 -0.21907 -0.37664 -0.25059 0.34622 0.043274 0.22971 -0.30153 -0.082964 0.25688 -0.20004 -0.85058 0.39113 -1.3968 -0.43869 -0.26451 0.20322 -0.50828 -0.33929 0.28478 -0.31325 0.6403 -0.12817 -0.74794 0.13856 0.016502 0.15267 -0.14332 0.12095
performance	0.24561 0.30704 0.4926 0.02447 -0.17036 -0.35847 -0.046111 0.37575 -1.0544 0.45176 0.11464 -0.65159 -0.11695 -0.50792 -0.1862 0.55973 0.15612 0.35567 0.68307 0.97661 -0.021378 -1.1086 0.045674 0.25036 -0.017273 -0.52121 -0.27671 0.17428 -0.048446 -0.041781 -0.34468 0.45962 -0.11337 0.3714 0.21766 0.2011 0.088761 0.78566 -0.80653 -0.47411 0.30782 -0.40358 -0.096331 0.78829 0.37356 -0.09375 0.14172 -1.0671 0.11223 -1.4766 -0.12542 -0.10596 0.091421 0.95725 0.26763 -2.5717 0.065092 0.31988 1.2336 0.2246 -0.44978 0.29506 -0.57384 0.49224 -0.11412 -0.32323 0.54267 -0.20969 0.43401 0.26956 -0.026479 0.26609 -0.1665 0.22519 0.35589 0.065588 -0.035035 -0.15103 0.34032 -0.73956 0.39495 0.37186 -0.16078 -0.20486 -2.1718 -0.17855 -0.13407 -0.43883 -0.59394 -0.29345 -0.32196 -0.29984 -0.092528 0.76146 0.13327 0.6738 -0.42368 -0.56083 0.70845 0.52495
losses	-0.15123 0.41693 0.21006 -0.14063 -0.5893 -0.8064 -0.2591 -0.46898 -0.54736 -0.31746 0.55043 0.40922 0.025984 -0.14648 -0.055148 -0.14035 -1.0188 -0.21538 0.262 0.56175 1.039 0.17718 -0.68095 1.2231 -0.38251 -0.59891 -0.20719 0.25834 -0.28959 -0.65156 0.37852 -0.43138 -0.67446 -0.33975 -0.88331 -0.5415 0.20083 -0.13791 -0.64534 0.07895 0.59418 -1.1282 -0.36491 -0.036948 0.26923 0.021281 0.86301 -0.08751 -0.16334 -1.2303 -0.42988 0.11454 0.39975 0.84938 0.81922 -1.3082 0.47153 -0.74057 1.6471 1.2265 -0.63239 0.16757 -0.69451 0.44465 0.04122 -0.037105 0.20498 -0.11224 0.82731 0.024071 -0.5587 0.078656 -0.89373 0.071249 0.27008 -0.22393 -0.50032 0.59582 -1.1767 1.2932 1.3619 0.10454 -0.608 0.19416 -1.2338 -1.1957 -0.47178 -0.56717 0.11016 0.30762 -0.56996 -0.15471 -0.1694 -0.071958 -0.30753 0.31186 0.92477 0.38211 0.78787 -0.75038

