math	0.15734 1.257 0.60331 0.50044 -0.82824 0.11006 0.12216 -0.18235 -0.25037 1.6259 0.21748 -1.0867 -0.47452 -0.098961 -0.37746 0.073246 -0.023446 0.99699 -0.25388 0.75971 -0.65526 -0.28404 0.60163 -0.021639 -0.56963 -0.90914 -0.51 -0.54366 -0.42035 -0.4662 -0.78386 0.46748 -0.30662 -0.30034 -0.14636 0.19633 -1.3988 -0.04512 0.5195 0.38131 -0.57313 0.60068 -0.95901 -0.71151 -0.63201 0.24312 0.016162 -0.015358 -0.39189 -0.067402 -0.42879 -0.5833 -0.43894 0.44133 -0.33234 -1.1747 0.66391 -0.089269 0.48889 0.093464 0.15706 0.26854 -0.51152 -0.25011 -0.49045 0.58264 0.78832 0.096092 0.46904 0.77098 -0.095119 0.95805 0.53733 0.20741 -0.9359 1.3078 -0.58077 0.21764 -0.17439 -0.66605 -0.13381 0.29631 -0.49327 -1.4127 -1.687 0.67278 -0.39849 -1.1623 0.084772 0.1559 -0.81095 0.47562 -0.35047 0.99207 -0.12087 -0.019675 0.26124 -0.75364 0.044015 0.21041
SimpleRegression	
getSumSquaredErrors	
Simple	-0.7417 0.78384 -0.10146 0.33754 0.16545 0.9647 -0.21316 0.21171 -0.18317 0.32402 0.0058972 -0.26222 -0.070091 0.12407 0.35052 0.11117 -0.38579 0.60858 0.30197 0.015577 0.15121 -0.21777 0.15307 -0.672 0.22925 0.25881 -0.36409 -0.31234 -0.67737 -0.30033 -0.18811 0.49308 -0.308 -0.90901 0.93458 0.22721 0.018089 -0.15325 0.66242 -0.51322 0.53941 -0.12477 0.24629 -0.53508 -0.56524 -0.21591 -0.018289 0.015796 -0.19505 -0.41435 0.58692 -0.25626 0.52489 0.60395 -0.14908 -2.1224 0.44661 0.27385 1.5538 -0.14506 -0.33058 0.15612 -0.08806 -0.20782 0.97745 -0.49346 0.39101 -0.35166 -0.38745 -0.71869 -0.766 0.56913 0.29843 -0.16612 0.62633 0.46383 -0.18279 -0.15052 -0.2032 -0.097686 0.21228 0.00018313 -0.40261 -0.28749 -1.6865 0.33548 0.37327 -0.35349 -0.54681 -0.062998 0.041631 0.041319 -0.048032 0.27917 -0.20046 -0.58449 -0.69045 -1.25 0.030669 0.36621
Regression	-0.578 0.75912 -0.58609 0.49121 -0.33095 0.59383 0.33985 0.65971 -0.29885 0.72836 -0.8112 0.35332 -0.03403 -0.32455 0.77731 0.91955 0.33633 0.54402 1.2715 -0.17991 0.022237 -0.54809 -0.31611 1.213 0.26816 0.38223 0.33165 -0.29761 -0.44237 -0.78827 0.080125 -0.17372 -0.039364 -0.43942 0.64428 0.46288 0.69739 0.1855 0.16087 -0.38216 -0.77231 0.084032 -0.75734 -0.39357 -0.98459 -0.084795 0.65762 -0.18109 -0.80682 0.30547 0.29553 -0.29033 -0.15895 0.84318 0.77842 0.37208 0.095478 0.37042 -0.19574 0.36466 -0.42925 -0.058683 -0.47233 0.25591 0.70221 0.34219 -0.6046 -1.2169 -0.0050943 0.72722 -0.71109 0.60893 0.26601 -0.5302 0.77611 -0.43688 1.0664 0.51474 -0.27883 -0.65978 -0.12771 0.55273 -0.54887 0.21527 -0.75983 0.86781 0.41538 -0.10689 -0.50035 -0.76583 -1.1375 0.15463 -0.23799 0.07064 0.86887 -0.66149 0.073642 -0.32475 -0.13224 0.54912
Sum	0.093295 0.79297 -0.13392 0.85132 -0.042583 0.3432 -0.089098 0.41909 0.045122 0.45323 0.035015 0.62033 -0.0092766 -0.39093 -0.027325 -0.44983 -0.50804 0.55426 0.45525 0.25735 0.84488 0.26623 -1.1662 -0.15961 -0.24227 -0.35618 0.62464 0.11498 -0.34118 -1.0053 0.51105 0.37736 0.015699 -0.6542 -0.078256 0.17596 0.45855 0.85399 -0.91444 -0.716 0.51101 -0.32588 -0.018964 -0.22302 -0.028429 -0.017326 -0.61164 -0.42773 -0.082907 0.30867 0.30675 -0.39928 1.4556 0.39699 -0.52474 -1.0252 -0.017514 -0.50986 1.0536 0.56917 0.21646 -0.34097 -1.0806 0.02115 0.90608 -0.55899 -0.18109 0.77589 0.4258 -0.04402 -0.22072 -0.087275 -0.065722 0.42005 0.70104 0.20225 -0.35253 -1.0445 -0.2006 0.41696 0.40032 0.25888 -0.25705 -1.5195 -1.0021 0.42493 -0.056551 -0.81302 -0.010819 -0.28197 -0.87072 0.11143 0.22825 -0.37733 -0.073661 -0.56677 0.67206 -0.17301 0.35042 -0.60148
Squared	-0.45343 0.22742 -0.12405 0.34135 -0.76778 0.46393 -0.3792 0.064518 -0.7014 0.28755 0.71217 0.1667 0.029247 -0.029202 0.062127 -0.042256 -0.1932 0.5784 0.031503 -0.81785 0.85117 0.24072 -0.086625 0.36971 0.29711 -0.15877 -0.21034 0.5024 -0.17172 -0.43827 0.6508 -0.18139 0.043934 0.11381 0.8289 -0.46432 -0.010084 0.86721 0.23018 0.62661 -0.21981 -0.22921 -0.18462 0.040383 -0.8179 -0.30182 -0.19144 0.031368 0.16153 0.55322 0.27719 -0.13492 0.32705 0.79021 -0.29153 -0.41339 -0.047649 0.44034 0.19848 0.29495 0.12276 -0.034967 -0.64501 0.556 0.15295 -0.55415 0.14406 -0.027971 0.38926 0.021176 0.082117 0.31022 0.26945 -0.36478 -0.23501 -0.86244 -0.40329 -0.40513 0.52021 0.46822 -0.13516 -0.14585 -0.6582 -0.54336 -0.27975 -0.52394 -0.2836 -0.16573 0.22008 -0.12995 -0.8256 0.89515 -0.76 -0.18297 0.10032 -0.54048 0.58025 0.3209 0.11516 0.4586
Errors	-0.41443 -0.11068 0.77845 0.62872 -0.45402 0.43471 0.59685 -0.183 -0.49104 0.14698 0.27585 0.4396 -0.57491 0.59805 0.25027 0.64631 -0.54435 0.80399 -0.032028 0.66776 -0.18354 -0.14858 -0.14191 0.75543 0.16699 -0.80936 0.50471 0.19787 0.43751 -0.18111 0.11977 0.50876 0.030813 -0.51387 -0.43749 -0.51814 -0.974 -0.29074 -0.29697 0.40799 -0.073812 0.11202 -0.21535 -0.28957 -0.43165 -0.42471 0.54389 -0.95192 -0.78618 -0.11262 0.79909 -0.06065 -0.93732 0.73397 0.066252 -0.52042 0.41796 0.27722 1.355 1.1741 -1.2561 -0.21912 -0.37824 0.80791 0.0027664 -0.62435 0.38852 -0.62919 -0.038393 0.017398 -1.0896 0.87792 0.17285 -0.075701 0.79903 0.3145 -0.12924 0.63674 -0.30652 0.73899 0.69632 0.095613 -0.68261 0.060902 -2.6238 -0.77543 0.24803 -0.023439 -1.0513 0.099589 -0.99044 -0.041883 -0.62242 -0.16919 0.0034007 -0.014444 -0.13521 -0.75676 -0.49707 0.14841

getSumSquaredErrors	
returns	-0.26184 -0.068321 0.65651 -0.27272 0.22419 0.1484 -0.33381 0.22672 -0.36067 -0.42468 -0.39923 0.73907 0.10366 0.36317 0.081879 0.084346 0.27524 0.67599 0.74671 1.0309 0.11076 -0.36427 -0.38258 0.49518 -0.032814 -0.0063464 -0.30953 -0.14888 0.36374 -0.22739 0.139 0.29234 -0.38969 -0.064195 0.2059 0.13504 -0.097669 0.11701 -0.70768 -0.34341 -0.52104 -0.67879 0.11025 0.13458 0.013898 -0.24682 -0.71823 -0.52327 0.67018 -0.7898 0.23642 -0.33111 0.56724 0.71656 0.49129 -1.9061 -0.18881 -0.43991 1.1717 0.25765 -0.33979 -0.0081994 -0.31008 -0.12085 0.13278 0.12132 0.066898 -0.18057 -0.038645 0.21147 0.035013 -0.20757 -0.25776 -0.14444 0.5436 -0.050902 -0.59413 -0.34768 -0.28127 -0.099312 0.64265 1.1849 -0.45768 -0.70964 -0.3966 -0.47697 0.17949 -0.49912 0.01562 -0.43558 -0.35591 0.14599 0.50145 0.081388 -0.68451 0.29315 0.73244 0.29537 0.0050102 -0.10547
Sum	0.093295 0.79297 -0.13392 0.85132 -0.042583 0.3432 -0.089098 0.41909 0.045122 0.45323 0.035015 0.62033 -0.0092766 -0.39093 -0.027325 -0.44983 -0.50804 0.55426 0.45525 0.25735 0.84488 0.26623 -1.1662 -0.15961 -0.24227 -0.35618 0.62464 0.11498 -0.34118 -1.0053 0.51105 0.37736 0.015699 -0.6542 -0.078256 0.17596 0.45855 0.85399 -0.91444 -0.716 0.51101 -0.32588 -0.018964 -0.22302 -0.028429 -0.017326 -0.61164 -0.42773 -0.082907 0.30867 0.30675 -0.39928 1.4556 0.39699 -0.52474 -1.0252 -0.017514 -0.50986 1.0536 0.56917 0.21646 -0.34097 -1.0806 0.02115 0.90608 -0.55899 -0.18109 0.77589 0.4258 -0.04402 -0.22072 -0.087275 -0.065722 0.42005 0.70104 0.20225 -0.35253 -1.0445 -0.2006 0.41696 0.40032 0.25888 -0.25705 -1.5195 -1.0021 0.42493 -0.056551 -0.81302 -0.010819 -0.28197 -0.87072 0.11143 0.22825 -0.37733 -0.073661 -0.56677 0.67206 -0.17301 0.35042 -0.60148
Squared	-0.45343 0.22742 -0.12405 0.34135 -0.76778 0.46393 -0.3792 0.064518 -0.7014 0.28755 0.71217 0.1667 0.029247 -0.029202 0.062127 -0.042256 -0.1932 0.5784 0.031503 -0.81785 0.85117 0.24072 -0.086625 0.36971 0.29711 -0.15877 -0.21034 0.5024 -0.17172 -0.43827 0.6508 -0.18139 0.043934 0.11381 0.8289 -0.46432 -0.010084 0.86721 0.23018 0.62661 -0.21981 -0.22921 -0.18462 0.040383 -0.8179 -0.30182 -0.19144 0.031368 0.16153 0.55322 0.27719 -0.13492 0.32705 0.79021 -0.29153 -0.41339 -0.047649 0.44034 0.19848 0.29495 0.12276 -0.034967 -0.64501 0.556 0.15295 -0.55415 0.14406 -0.027971 0.38926 0.021176 0.082117 0.31022 0.26945 -0.36478 -0.23501 -0.86244 -0.40329 -0.40513 0.52021 0.46822 -0.13516 -0.14585 -0.6582 -0.54336 -0.27975 -0.52394 -0.2836 -0.16573 0.22008 -0.12995 -0.8256 0.89515 -0.76 -0.18297 0.10032 -0.54048 0.58025 0.3209 0.11516 0.4586
Errors	-0.41443 -0.11068 0.77845 0.62872 -0.45402 0.43471 0.59685 -0.183 -0.49104 0.14698 0.27585 0.4396 -0.57491 0.59805 0.25027 0.64631 -0.54435 0.80399 -0.032028 0.66776 -0.18354 -0.14858 -0.14191 0.75543 0.16699 -0.80936 0.50471 0.19787 0.43751 -0.18111 0.11977 0.50876 0.030813 -0.51387 -0.43749 -0.51814 -0.974 -0.29074 -0.29697 0.40799 -0.073812 0.11202 -0.21535 -0.28957 -0.43165 -0.42471 0.54389 -0.95192 -0.78618 -0.11262 0.79909 -0.06065 -0.93732 0.73397 0.066252 -0.52042 0.41796 0.27722 1.355 1.1741 -1.2561 -0.21912 -0.37824 0.80791 0.0027664 -0.62435 0.38852 -0.62919 -0.038393 0.017398 -1.0896 0.87792 0.17285 -0.075701 0.79903 0.3145 -0.12924 0.63674 -0.30652 0.73899 0.69632 0.095613 -0.68261 0.060902 -2.6238 -0.77543 0.24803 -0.023439 -1.0513 0.099589 -0.99044 -0.041883 -0.62242 -0.16919 0.0034007 -0.014444 -0.13521 -0.75676 -0.49707 0.14841

test	-0.58342 0.48631 0.7423 0.17875 -1.5873 -0.37499 0.37902 0.70767 -1.5402 0.74851 -0.0069018 -0.44981 -0.11125 0.17395 0.26005 0.27065 0.78731 0.84877 -0.099277 0.017688 0.44389 -0.873 0.4964 -0.1843 0.24894 0.24073 0.08446 0.070786 -0.23216 0.26685 -0.23519 0.45211 -0.39982 0.24936 0.73548 -0.072352 -0.81008 -0.15256 -1.0313 0.23067 -1.1634 0.20387 0.42369 -1.0589 0.29905 0.20036 0.63371 -0.57507 -0.4373 -0.55908 0.50811 0.32673 -0.4371 1.0702 -0.10418 -2.4432 -1.0739 0.10881 1.5446 -0.15633 -0.37779 0.15111 0.58397 0.5498 0.23775 0.8869 -0.1022 -0.041313 -0.19496 -0.1376 -0.00013191 0.6949 0.06623 -0.25647 -0.10539 0.5695 0.17414 -0.59899 -0.86757 -0.31254 0.5456 -0.092359 -0.12294 -0.19419 -1.9168 -0.044395 0.68561 0.2003 -0.37791 0.67436 -0.77218 0.49596 0.005819 0.53833 0.33367 0.97822 0.31984 -0.12619 -0.017724 0.18389

public	0.27528 0.22559 -0.29646 -0.19067 0.18936 0.61855 -0.89264 0.28183 0.40389 -0.065414 -0.50938 -0.08886 -0.20152 -0.13439 -0.021077 -0.24169 0.54612 0.65442 -0.48053 0.39893 -0.28369 0.13064 0.28003 -0.58927 -0.35813 -0.58996 0.20764 0.030577 -0.24032 0.17751 0.38048 0.5518 -0.043817 0.59522 -0.83406 0.62643 -0.3808 0.0078803 -0.3535 0.4471 -0.30419 -0.55965 -0.28996 0.19426 0.20166 -0.27511 0.49588 -0.42664 0.10917 -0.87574 0.23565 -0.68206 0.22442 0.74806 -0.19348 -2.6988 0.71671 -0.45328 2.2088 0.02737 -0.099598 0.16888 0.14004 0.13678 0.78804 0.045185 0.42819 -0.036869 1.0838 0.062532 -0.040702 -0.27305 0.29982 -0.58137 -0.20059 0.29416 0.35478 0.28035 -1.3558 -0.53859 1.0382 0.010252 0.44126 0.46009 -1.5 -0.34445 -0.65755 0.6388 0.18468 -0.70406 0.25236 -0.50973 -0.17074 0.42255 -0.44975 0.63835 0.28452 -0.4795 0.59833 0.2318
void	0.45048 -0.29114 0.35896 -0.36875 -0.14341 0.21088 -0.40443 0.078197 0.66459 0.087894 -0.23002 -0.057786 0.31533 -0.63093 0.1943 -0.74203 0.60223 1.1905 0.26044 0.076813 -0.14641 0.19698 0.0020339 -0.32311 0.98226 -0.34056 0.52469 0.18156 0.2685 -0.24016 0.70354 -0.2537 -0.17451 -0.6449 -0.69952 -0.0025782 0.31347 0.10532 -0.53005 -0.38257 -0.0086198 0.12806 0.20828 -0.61822 -0.009817 -0.13673 -0.2286 0.88521 -0.66454 0.38073 0.19823 -0.013422 0.37759 0.7803 0.15908 -1.2115 0.49671 -0.27838 0.97573 0.49127 -0.33934 -0.24914 -0.39227 -0.15778 0.73134 -0.27663 0.75974 -0.48518 -0.85091 -0.78924 0.38686 -0.13663 -0.015907 -0.001638 0.2515 0.13338 -0.17415 0.067033 -0.080699 0.38118 -0.43479 -0.29665 0.032879 0.04926 -0.53724 -0.34685 0.63794 -0.1478 -0.13172 -0.43358 -0.56382 0.19125 -0.48291 0.71199 0.67556 0.28766 0.46217 0.36144 -0.50362 0.062256
testSimpleRegression	
double	0.22832 0.34314 0.34916 -0.062292 0.58088 0.076693 -0.033078 0.18288 -0.43578 0.46312 0.22758 0.0066902 -0.090716 1.0973 0.29967 0.14418 -0.60248 0.47535 -0.037224 -0.36675 1.1219 -0.1294 -0.50331 0.58335 0.79264 -0.26178 -0.23382 -0.48055 0.087966 -0.75332 -0.1899 0.44444 0.0093678 0.044959 0.68601 -0.091632 -0.67163 0.54273 0.26784 0.64011 0.60244 -0.19369 0.082975 0.10601 0.49757 0.13826 0.43512 -1.303 -0.30877 -0.63144 -0.31466 -0.025677 -0.47305 0.57616 -0.17668 -2.8022 0.39615 0.33021 1.5153 1.039 -0.31545 -0.17695 -0.12297 -0.13058 0.30818 -0.34138 0.33992 0.14005 -0.21849 -0.5885 -0.74803 0.4034 -0.38642 -0.001092 0.20563 0.47726 -0.038138 -0.52337 0.082651 0.049846 0.62978 0.33405 -0.41248 -0.048782 -0.92659 -0.27725 0.24716 -0.44634 -0.093081 -0.039981 -0.42962 0.00028856 -0.36535 -0.63623 -0.027466 -0.53548 0.13744 -0.41304 0.43853 -0.97321
test	-0.58342 0.48631 0.7423 0.17875 -1.5873 -0.37499 0.37902 0.70767 -1.5402 0.74851 -0.0069018 -0.44981 -0.11125 0.17395 0.26005 0.27065 0.78731 0.84877 -0.099277 0.017688 0.44389 -0.873 0.4964 -0.1843 0.24894 0.24073 0.08446 0.070786 -0.23216 0.26685 -0.23519 0.45211 -0.39982 0.24936 0.73548 -0.072352 -0.81008 -0.15256 -1.0313 0.23067 -1.1634 0.20387 0.42369 -1.0589 0.29905 0.20036 0.63371 -0.57507 -0.4373 -0.55908 0.50811 0.32673 -0.4371 1.0702 -0.10418 -2.4432 -1.0739 0.10881 1.5446 -0.15633 -0.37779 0.15111 0.58397 0.5498 0.23775 0.8869 -0.1022 -0.041313 -0.19496 -0.1376 -0.00013191 0.6949 0.06623 -0.25647 -0.10539 0.5695 0.17414 -0.59899 -0.86757 -0.31254 0.5456 -0.092359 -0.12294 -0.19419 -1.9168 -0.044395 0.68561 0.2003 -0.37791 0.67436 -0.77218 0.49596 0.005819 0.53833 0.33367 0.97822 0.31984 -0.12619 -0.017724 0.18389
Simple	-0.7417 0.78384 -0.10146 0.33754 0.16545 0.9647 -0.21316 0.21171 -0.18317 0.32402 0.0058972 -0.26222 -0.070091 0.12407 0.35052 0.11117 -0.38579 0.60858 0.30197 0.015577 0.15121 -0.21777 0.15307 -0.672 0.22925 0.25881 -0.36409 -0.31234 -0.67737 -0.30033 -0.18811 0.49308 -0.308 -0.90901 0.93458 0.22721 0.018089 -0.15325 0.66242 -0.51322 0.53941 -0.12477 0.24629 -0.53508 -0.56524 -0.21591 -0.018289 0.015796 -0.19505 -0.41435 0.58692 -0.25626 0.52489 0.60395 -0.14908 -2.1224 0.44661 0.27385 1.5538 -0.14506 -0.33058 0.15612 -0.08806 -0.20782 0.97745 -0.49346 0.39101 -0.35166 -0.38745 -0.71869 -0.766 0.56913 0.29843 -0.16612 0.62633 0.46383 -0.18279 -0.15052 -0.2032 -0.097686 0.21228 0.00018313 -0.40261 -0.28749 -1.6865 0.33548 0.37327 -0.35349 -0.54681 -0.062998 0.041631 0.041319 -0.048032 0.27917 -0.20046 -0.58449 -0.69045 -1.25 0.030669 0.36621
Regression	-0.578 0.75912 -0.58609 0.49121 -0.33095 0.59383 0.33985 0.65971 -0.29885 0.72836 -0.8112 0.35332 -0.03403 -0.32455 0.77731 0.91955 0.33633 0.54402 1.2715 -0.17991 0.022237 -0.54809 -0.31611 1.213 0.26816 0.38223 0.33165 -0.29761 -0.44237 -0.78827 0.080125 -0.17372 -0.039364 -0.43942 0.64428 0.46288 0.69739 0.1855 0.16087 -0.38216 -0.77231 0.084032 -0.75734 -0.39357 -0.98459 -0.084795 0.65762 -0.18109 -0.80682 0.30547 0.29553 -0.29033 -0.15895 0.84318 0.77842 0.37208 0.095478 0.37042 -0.19574 0.36466 -0.42925 -0.058683 -0.47233 0.25591 0.70221 0.34219 -0.6046 -1.2169 -0.0050943 0.72722 -0.71109 0.60893 0.26601 -0.5302 0.77611 -0.43688 1.0664 0.51474 -0.27883 -0.65978 -0.12771 0.55273 -0.54887 0.21527 -0.75983 0.86781 0.41538 -0.10689 -0.50035 -0.76583 -1.1375 0.15463 -0.23799 0.07064 0.86887 -0.66149 0.073642 -0.32475 -0.13224 0.54912

double	0.22832 0.34314 0.34916 -0.062292 0.58088 0.076693 -0.033078 0.18288 -0.43578 0.46312 0.22758 0.0066902 -0.090716 1.0973 0.29967 0.14418 -0.60248 0.47535 -0.037224 -0.36675 1.1219 -0.1294 -0.50331 0.58335 0.79264 -0.26178 -0.23382 -0.48055 0.087966 -0.75332 -0.1899 0.44444 0.0093678 0.044959 0.68601 -0.091632 -0.67163 0.54273 0.26784 0.64011 0.60244 -0.19369 0.082975 0.10601 0.49757 0.13826 0.43512 -1.303 -0.30877 -0.63144 -0.31466 -0.025677 -0.47305 0.57616 -0.17668 -2.8022 0.39615 0.33021 1.5153 1.039 -0.31545 -0.17695 -0.12297 -0.13058 0.30818 -0.34138 0.33992 0.14005 -0.21849 -0.5885 -0.74803 0.4034 -0.38642 -0.001092 0.20563 0.47726 -0.038138 -0.52337 0.082651 0.049846 0.62978 0.33405 -0.41248 -0.048782 -0.92659 -0.27725 0.24716 -0.44634 -0.093081 -0.039981 -0.42962 0.00028856 -0.36535 -0.63623 -0.027466 -0.53548 0.13744 -0.41304 0.43853 -0.97321

double	0.22832 0.34314 0.34916 -0.062292 0.58088 0.076693 -0.033078 0.18288 -0.43578 0.46312 0.22758 0.0066902 -0.090716 1.0973 0.29967 0.14418 -0.60248 0.47535 -0.037224 -0.36675 1.1219 -0.1294 -0.50331 0.58335 0.79264 -0.26178 -0.23382 -0.48055 0.087966 -0.75332 -0.1899 0.44444 0.0093678 0.044959 0.68601 -0.091632 -0.67163 0.54273 0.26784 0.64011 0.60244 -0.19369 0.082975 0.10601 0.49757 0.13826 0.43512 -1.303 -0.30877 -0.63144 -0.31466 -0.025677 -0.47305 0.57616 -0.17668 -2.8022 0.39615 0.33021 1.5153 1.039 -0.31545 -0.17695 -0.12297 -0.13058 0.30818 -0.34138 0.33992 0.14005 -0.21849 -0.5885 -0.74803 0.4034 -0.38642 -0.001092 0.20563 0.47726 -0.038138 -0.52337 0.082651 0.049846 0.62978 0.33405 -0.41248 -0.048782 -0.92659 -0.27725 0.24716 -0.44634 -0.093081 -0.039981 -0.42962 0.00028856 -0.36535 -0.63623 -0.027466 -0.53548 0.13744 -0.41304 0.43853 -0.97321

SimpleRegression	
reg	-0.27556 -0.13971 -0.52178 -0.77793 -0.32015 0.0080684 0.048408 -0.25673 0.056797 -0.67165 0.43587 0.11361 -0.2412 -0.12445 0.076522 0.70503 0.67136 0.012478 0.028905 0.8829 0.12163 0.038926 0.81466 -0.45007 0.45684 0.35274 0.32076 -0.071941 -0.37059 -0.10722 0.36479 0.25514 0.77301 0.021731 0.34914 0.54413 -0.21028 0.091433 -0.051508 0.27914 0.48389 0.30551 0.54819 0.6725 -0.25999 0.25348 -0.37702 -0.14085 -0.25582 -0.64835 -0.2733 0.35936 0.044196 0.033668 -0.25509 0.55767 0.20539 0.25268 -0.6361 0.24805 0.13701 0.15494 -0.23663 0.49585 -0.015085 -0.078788 -0.28575 0.67037 1.0339 0.23706 -0.27082 -0.12957 -0.51681 -1.1445 0.092885 -0.57087 0.22383 -0.31793 -0.007228 -0.25111 -0.10528 -0.57335 -0.027127 -0.27088 0.18745 0.51119 -0.023889 -0.47047 0.36386 0.17004 0.29891 -0.1288 -0.32493 0.85043 0.30593 0.14344 0.28577 -0.077101 -0.58723 -0.64159
SimpleRegression	
Simple	-0.7417 0.78384 -0.10146 0.33754 0.16545 0.9647 -0.21316 0.21171 -0.18317 0.32402 0.0058972 -0.26222 -0.070091 0.12407 0.35052 0.11117 -0.38579 0.60858 0.30197 0.015577 0.15121 -0.21777 0.15307 -0.672 0.22925 0.25881 -0.36409 -0.31234 -0.67737 -0.30033 -0.18811 0.49308 -0.308 -0.90901 0.93458 0.22721 0.018089 -0.15325 0.66242 -0.51322 0.53941 -0.12477 0.24629 -0.53508 -0.56524 -0.21591 -0.018289 0.015796 -0.19505 -0.41435 0.58692 -0.25626 0.52489 0.60395 -0.14908 -2.1224 0.44661 0.27385 1.5538 -0.14506 -0.33058 0.15612 -0.08806 -0.20782 0.97745 -0.49346 0.39101 -0.35166 -0.38745 -0.71869 -0.766 0.56913 0.29843 -0.16612 0.62633 0.46383 -0.18279 -0.15052 -0.2032 -0.097686 0.21228 0.00018313 -0.40261 -0.28749 -1.6865 0.33548 0.37327 -0.35349 -0.54681 -0.062998 0.041631 0.041319 -0.048032 0.27917 -0.20046 -0.58449 -0.69045 -1.25 0.030669 0.36621
Regression	-0.578 0.75912 -0.58609 0.49121 -0.33095 0.59383 0.33985 0.65971 -0.29885 0.72836 -0.8112 0.35332 -0.03403 -0.32455 0.77731 0.91955 0.33633 0.54402 1.2715 -0.17991 0.022237 -0.54809 -0.31611 1.213 0.26816 0.38223 0.33165 -0.29761 -0.44237 -0.78827 0.080125 -0.17372 -0.039364 -0.43942 0.64428 0.46288 0.69739 0.1855 0.16087 -0.38216 -0.77231 0.084032 -0.75734 -0.39357 -0.98459 -0.084795 0.65762 -0.18109 -0.80682 0.30547 0.29553 -0.29033 -0.15895 0.84318 0.77842 0.37208 0.095478 0.37042 -0.19574 0.36466 -0.42925 -0.058683 -0.47233 0.25591 0.70221 0.34219 -0.6046 -1.2169 -0.0050943 0.72722 -0.71109 0.60893 0.26601 -0.5302 0.77611 -0.43688 1.0664 0.51474 -0.27883 -0.65978 -0.12771 0.55273 -0.54887 0.21527 -0.75983 0.86781 0.41538 -0.10689 -0.50035 -0.76583 -1.1375 0.15463 -0.23799 0.07064 0.86887 -0.66149 0.073642 -0.32475 -0.13224 0.54912
Simple	-0.7417 0.78384 -0.10146 0.33754 0.16545 0.9647 -0.21316 0.21171 -0.18317 0.32402 0.0058972 -0.26222 -0.070091 0.12407 0.35052 0.11117 -0.38579 0.60858 0.30197 0.015577 0.15121 -0.21777 0.15307 -0.672 0.22925 0.25881 -0.36409 -0.31234 -0.67737 -0.30033 -0.18811 0.49308 -0.308 -0.90901 0.93458 0.22721 0.018089 -0.15325 0.66242 -0.51322 0.53941 -0.12477 0.24629 -0.53508 -0.56524 -0.21591 -0.018289 0.015796 -0.19505 -0.41435 0.58692 -0.25626 0.52489 0.60395 -0.14908 -2.1224 0.44661 0.27385 1.5538 -0.14506 -0.33058 0.15612 -0.08806 -0.20782 0.97745 -0.49346 0.39101 -0.35166 -0.38745 -0.71869 -0.766 0.56913 0.29843 -0.16612 0.62633 0.46383 -0.18279 -0.15052 -0.2032 -0.097686 0.21228 0.00018313 -0.40261 -0.28749 -1.6865 0.33548 0.37327 -0.35349 -0.54681 -0.062998 0.041631 0.041319 -0.048032 0.27917 -0.20046 -0.58449 -0.69045 -1.25 0.030669 0.36621
Regression	-0.578 0.75912 -0.58609 0.49121 -0.33095 0.59383 0.33985 0.65971 -0.29885 0.72836 -0.8112 0.35332 -0.03403 -0.32455 0.77731 0.91955 0.33633 0.54402 1.2715 -0.17991 0.022237 -0.54809 -0.31611 1.213 0.26816 0.38223 0.33165 -0.29761 -0.44237 -0.78827 0.080125 -0.17372 -0.039364 -0.43942 0.64428 0.46288 0.69739 0.1855 0.16087 -0.38216 -0.77231 0.084032 -0.75734 -0.39357 -0.98459 -0.084795 0.65762 -0.18109 -0.80682 0.30547 0.29553 -0.29033 -0.15895 0.84318 0.77842 0.37208 0.095478 0.37042 -0.19574 0.36466 -0.42925 -0.058683 -0.47233 0.25591 0.70221 0.34219 -0.6046 -1.2169 -0.0050943 0.72722 -0.71109 0.60893 0.26601 -0.5302 0.77611 -0.43688 1.0664 0.51474 -0.27883 -0.65978 -0.12771 0.55273 -0.54887 0.21527 -0.75983 0.86781 0.41538 -0.10689 -0.50035 -0.76583 -1.1375 0.15463 -0.23799 0.07064 0.86887 -0.66149 0.073642 -0.32475 -0.13224 0.54912

int	-1.2815 0.29622 -0.53259 0.32107 -0.39625 -0.11924 0.42091 0.19327 -0.13448 -0.85049 -0.45988 -0.59597 -0.79427 0.31379 -0.43536 0.70608 0.44329 -0.11279 0.036991 -0.12338 -0.45912 -0.73173 -0.21593 0.23246 0.98264 0.90022 0.6924 0.49234 0.74033 0.20114 -0.10716 0.84224 0.46705 0.4129 -0.060172 0.21711 0.4259 1.0596 -0.32892 0.70179 0.37757 -0.91555 -0.57109 -0.18899 -0.0089607 -0.67049 -0.95645 0.85213 0.44196 0.2516 -0.39928 -0.1086 0.14475 0.048046 -1.8383 0.20715 0.66836 -0.15683 0.83449 -0.89062 -1.731 -0.28511 -1.6281 -0.4891 -0.017375 0.20429 -0.39652 -0.12376 0.083896 1.019 0.29363 -0.22713 -0.57131 0.20946 0.36736 0.070658 -0.60987 0.36272 -0.11703 -0.3601 0.91502 0.34288 0.42903 0.1424 -0.14246 0.33683 -0.097052 -0.032925 0.65012 0.62676 0.26149 0.73428 -0.77328 -0.24923 0.86026 -0.36051 0.5583 -0.30908 0.34023 0.0885

length	-0.39345 0.14751 0.115 0.5842 -0.22979 0.12557 0.034881 0.85012 -1.0224 0.37647 0.4142 0.64828 0.53612 -0.091829 0.88211 -0.09227 -0.17771 -0.0095382 0.46393 -0.78129 0.38076 0.26073 -0.40727 -0.027861 1.0929 0.72266 0.16645 -0.46851 0.25301 -0.20281 -0.21155 -0.16052 0.33415 -0.1378 0.26774 0.53922 0.65032 0.43666 0.09264 0.9267 0.55555 -0.8082 -0.020837 0.54307 -0.39997 -0.33437 0.77462 -0.91296 -0.093295 0.65398 0.60355 -0.10966 1.0224 1.5875 -0.10735 -1.9646 -0.14627 -0.47492 1.2636 0.69037 0.12818 0.55123 -0.085575 0.19535 1.2906 0.5853 -0.13847 -0.086656 0.37725 0.034639 -0.030018 0.6359 0.91748 0.51956 1.0847 -0.027481 -0.57533 -0.27663 0.46083 -0.27902 -0.44093 -0.34366 -0.094047 -0.42573 -1.201 0.058523 0.14049 -0.89629 0.35035 0.78896 -0.64621 0.23352 -0.66019 -0.85192 0.15518 -0.20148 -0.56911 -0.52954 1.1626 -0.075618

reg	-0.27556 -0.13971 -0.52178 -0.77793 -0.32015 0.0080684 0.048408 -0.25673 0.056797 -0.67165 0.43587 0.11361 -0.2412 -0.12445 0.076522 0.70503 0.67136 0.012478 0.028905 0.8829 0.12163 0.038926 0.81466 -0.45007 0.45684 0.35274 0.32076 -0.071941 -0.37059 -0.10722 0.36479 0.25514 0.77301 0.021731 0.34914 0.54413 -0.21028 0.091433 -0.051508 0.27914 0.48389 0.30551 0.54819 0.6725 -0.25999 0.25348 -0.37702 -0.14085 -0.25582 -0.64835 -0.2733 0.35936 0.044196 0.033668 -0.25509 0.55767 0.20539 0.25268 -0.6361 0.24805 0.13701 0.15494 -0.23663 0.49585 -0.015085 -0.078788 -0.28575 0.67037 1.0339 0.23706 -0.27082 -0.12957 -0.51681 -1.1445 0.092885 -0.57087 0.22383 -0.31793 -0.007228 -0.25111 -0.10528 -0.57335 -0.027127 -0.27088 0.18745 0.51119 -0.023889 -0.47047 0.36386 0.17004 0.29891 -0.1288 -0.32493 0.85043 0.30593 0.14344 0.28577 -0.077101 -0.58723 -0.64159
addData	
assertTrue	
reg	-0.27556 -0.13971 -0.52178 -0.77793 -0.32015 0.0080684 0.048408 -0.25673 0.056797 -0.67165 0.43587 0.11361 -0.2412 -0.12445 0.076522 0.70503 0.67136 0.012478 0.028905 0.8829 0.12163 0.038926 0.81466 -0.45007 0.45684 0.35274 0.32076 -0.071941 -0.37059 -0.10722 0.36479 0.25514 0.77301 0.021731 0.34914 0.54413 -0.21028 0.091433 -0.051508 0.27914 0.48389 0.30551 0.54819 0.6725 -0.25999 0.25348 -0.37702 -0.14085 -0.25582 -0.64835 -0.2733 0.35936 0.044196 0.033668 -0.25509 0.55767 0.20539 0.25268 -0.6361 0.24805 0.13701 0.15494 -0.23663 0.49585 -0.015085 -0.078788 -0.28575 0.67037 1.0339 0.23706 -0.27082 -0.12957 -0.51681 -1.1445 0.092885 -0.57087 0.22383 -0.31793 -0.007228 -0.25111 -0.10528 -0.57335 -0.027127 -0.27088 0.18745 0.51119 -0.023889 -0.47047 0.36386 0.17004 0.29891 -0.1288 -0.32493 0.85043 0.30593 0.14344 0.28577 -0.077101 -0.58723 -0.64159
getSumSquaredErrors	
reg	-0.27556 -0.13971 -0.52178 -0.77793 -0.32015 0.0080684 0.048408 -0.25673 0.056797 -0.67165 0.43587 0.11361 -0.2412 -0.12445 0.076522 0.70503 0.67136 0.012478 0.028905 0.8829 0.12163 0.038926 0.81466 -0.45007 0.45684 0.35274 0.32076 -0.071941 -0.37059 -0.10722 0.36479 0.25514 0.77301 0.021731 0.34914 0.54413 -0.21028 0.091433 -0.051508 0.27914 0.48389 0.30551 0.54819 0.6725 -0.25999 0.25348 -0.37702 -0.14085 -0.25582 -0.64835 -0.2733 0.35936 0.044196 0.033668 -0.25509 0.55767 0.20539 0.25268 -0.6361 0.24805 0.13701 0.15494 -0.23663 0.49585 -0.015085 -0.078788 -0.28575 0.67037 1.0339 0.23706 -0.27082 -0.12957 -0.51681 -1.1445 0.092885 -0.57087 0.22383 -0.31793 -0.007228 -0.25111 -0.10528 -0.57335 -0.027127 -0.27088 0.18745 0.51119 -0.023889 -0.47047 0.36386 0.17004 0.29891 -0.1288 -0.32493 0.85043 0.30593 0.14344 0.28577 -0.077101 -0.58723 -0.64159
clear	-0.29682 -0.28611 0.30843 -0.010996 0.10189 -0.053817 -0.026918 0.016212 -0.035676 -0.079535 0.37351 0.42568 0.10256 -0.41418 0.19915 -0.072781 -0.043382 -0.038665 -0.44304 -0.13263 0.0092525 0.37691 -0.056952 -0.51144 -0.28683 0.085628 0.049745 -0.050572 -0.23947 -0.60375 0.22877 0.27407 -0.1469 -0.058488 0.28175 0.15109 0.362 -0.095073 -0.22085 0.45794 -0.75414 -0.28363 0.63043 -0.29018 -0.10805 -0.35174 0.32304 0.14597 -0.47128 -0.73814 0.71986 -0.23286 0.2036 1.1365 0.16713 -2.6527 0.25 -0.048865 1.6531 -0.016639 -0.16072 0.43363 -0.42383 0.03944 0.72242 -0.15014 0.16213 0.27591 -0.77843 -0.73645 -0.15067 -0.2588 0.45379 -0.74117 0.80074 -0.085694 0.013904 -0.15134 -0.69063 -0.23974 0.54569 -0.16126 -0.67772 0.087671 -1.1767 -0.5381 0.30642 0.63609 -0.24768 -0.049492 -0.19792 -0.20592 -0.682 0.36991 -0.43142 0.067581 -0.55694 -0.28979 -0.30112 0.53712
add	-1.2393 0.83369 0.083531 -0.20049 0.044739 0.17239 -0.055417 0.15202 0.44816 0.385 0.24907 0.010275 -0.41144 -0.02907 -0.20599 -0.27131 -0.14218 0.10789 -0.19982 0.27095 -0.2395 -0.25742 -0.0043475 0.071613 -0.094438 0.15071 0.21641 -0.33274 -0.22682 -0.58059 -0.22307 1.0125 -1.0421 -0.61377 -0.89869 0.096692 0.060472 0.081401 -0.13422 0.050974 0.35535 -2.0205 -0.54408 -1.1382 0.29522 0.31953 -0.15341 -0.6718 0.15143 -1.3308 0.28715 -0.0042643 -0.50928 0.84667 -0.40612 -2.1474 -0.031866 -0.09987 1.1884 0.21385 -0.27657 0.75467 -0.029299 -0.10579 1.0634 -0.42882 0.19238 0.080872 0.057819 -0.46434 0.08491 0.021788 -0.31292 0.017906 0.59227 0.5727 -0.61226 -0.23285 0.67923 0.11201 0.49559 -1.2237 -0.073271 0.23322 -0.67678 0.073403 0.45124 0.40009 0.30342 0.63034 -0.33873 0.54733 -0.53039 -1.2227 -0.62285 -0.95528 0.26866 -0.47723 0.57283 0.44464
Data	-0.47099 0.61577 0.68969 -0.18149 0.30778 -0.8415 -0.41873 -0.20013 0.28184 -0.34005 0.77286 -0.22774 0.059854 -0.24141 0.87783 0.72043 0.64295 0.36245 0.41621 0.13001 -0.47074 -0.44664 0.47363 0.40755 -1.0341 -1.1422 0.37436 0.24631 -0.67291 0.49177 0.46506 0.13608 -0.93796 0.51887 0.51549 -0.26506 -0.14551 0.22517 0.35244 -0.79648 -0.42247 -0.90587 -0.83998 0.45365 -0.72494 -0.12592 0.43661 -0.53661 0.020523 -0.74609 1.1925 0.15719 0.29318 0.92661 0.48236 -1.829 -0.012697 -0.37029 2.3618 0.33587 -0.1544 0.14657 -0.11307 -0.02493 0.31933 0.28815 -0.2963 -0.33032 1.4774 0.23739 -0.25313 0.61367 0.56811 -0.56991 0.48798 0.065367 0.28258 -0.13537 -1.1096 -0.35971 0.85313 0.463 -1.1223 0.0071569 -1.7636 -0.44547 1.2478 -0.37541 -0.21634 0.45937 -0.11387 0.75576 -0.24423 -0.056482 0.54792 -0.30928 0.25919 -0.59612 0.27596 0.088012
assert	-0.19059 -0.44578 0.15766 0.7015 -0.1341 0.2891 -1.0561 -0.69427 0.31795 0.21459 -0.46638 0.40445 0.094866 -0.36593 -0.71545 -0.14749 0.41403 0.17088 -0.84226 -7.0514e-07 0.4136 -0.31711 0.21547 -0.15201 -0.4753 -0.53525 -0.20696 -0.34228 0.11678 -0.25005 0.366 0.18316 -0.48592 -0.0014746 -0.23675 -0.046102 0.0017353 0.26814 -0.037108 -0.016397 -0.52234 0.32181 -0.13531 -0.26124 -0.69445 -0.70291 0.67474 -0.037809 -0.051181 -0.49642 -0.14028 0.74239 0.15842 1.0788 0.56887 -0.55635 0.50459 -0.92062 0.095294 -0.11771 -0.03434 0.020342 0.27589 -0.04289 0.50265 0.17807 0.27571 0.16102 -0.69721 -0.16515 0.50198 0.25841 -0.30055 -0.40496 -0.032764 -0.88898 -0.56175 -0.36018 -0.77595 -0.053518 -0.24391 -0.35764 -0.31659 0.41928 -0.48078 -0.38196 0.29501 0.76383 -0.003329 -0.028754 -0.054077 -0.40097 -0.20808 -0.52206 0.14523 -0.35767 -0.45376 -0.10878 0.18716 0.46686
True	0.15464 0.34523 0.76516 -0.067509 -0.22752 0.17635 0.060849 -0.73683 -0.010929 -0.15506 -0.037127 0.44122 0.49196 0.161 0.059594 -0.34585 0.38906 0.58412 -0.18402 0.91904 0.16361 -0.42808 -0.41092 -0.48833 0.13149 0.48545 0.31245 -0.32755 -0.29294 0.036161 0.093949 0.22658 -0.17662 -0.42009 0.36593 -0.017106 0.12171 0.41396 0.16341 -0.3657 -0.2852 0.23694 0.45269 -0.1636 -0.30904 -0.51067 0.72956 0.052385 -0.44922 -0.49141 0.35438 -0.047273 0.80949 0.64988 0.22007 -2.1907 0.45671 0.33745 1.3088 -0.22552 0.0091219 0.74043 -0.70664 -0.50473 1.2026 0.068264 0.37138 0.081119 -0.11622 -0.19866 0.15098 0.077015 -0.1155 -0.092158 0.51428 -0.13918 0.19576 -0.64354 -0.62059 0.10805 -0.2634 0.33458 -0.36549 -0.083662 -1.0601 -0.48679 -0.10551 -0.19984 -0.16644 -0.32716 -0.23584 0.10837 0.1829 0.34429 -0.43508 -0.77543 -0.9318 -0.80066 0.070027 0.47041
Sum	0.093295 0.79297 -0.13392 0.85132 -0.042583 0.3432 -0.089098 0.41909 0.045122 0.45323 0.035015 0.62033 -0.0092766 -0.39093 -0.027325 -0.44983 -0.50804 0.55426 0.45525 0.25735 0.84488 0.26623 -1.1662 -0.15961 -0.24227 -0.35618 0.62464 0.11498 -0.34118 -1.0053 0.51105 0.37736 0.015699 -0.6542 -0.078256 0.17596 0.45855 0.85399 -0.91444 -0.716 0.51101 -0.32588 -0.018964 -0.22302 -0.028429 -0.017326 -0.61164 -0.42773 -0.082907 0.30867 0.30675 -0.39928 1.4556 0.39699 -0.52474 -1.0252 -0.017514 -0.50986 1.0536 0.56917 0.21646 -0.34097 -1.0806 0.02115 0.90608 -0.55899 -0.18109 0.77589 0.4258 -0.04402 -0.22072 -0.087275 -0.065722 0.42005 0.70104 0.20225 -0.35253 -1.0445 -0.2006 0.41696 0.40032 0.25888 -0.25705 -1.5195 -1.0021 0.42493 -0.056551 -0.81302 -0.010819 -0.28197 -0.87072 0.11143 0.22825 -0.37733 -0.073661 -0.56677 0.67206 -0.17301 0.35042 -0.60148
Squared	-0.45343 0.22742 -0.12405 0.34135 -0.76778 0.46393 -0.3792 0.064518 -0.7014 0.28755 0.71217 0.1667 0.029247 -0.029202 0.062127 -0.042256 -0.1932 0.5784 0.031503 -0.81785 0.85117 0.24072 -0.086625 0.36971 0.29711 -0.15877 -0.21034 0.5024 -0.17172 -0.43827 0.6508 -0.18139 0.043934 0.11381 0.8289 -0.46432 -0.010084 0.86721 0.23018 0.62661 -0.21981 -0.22921 -0.18462 0.040383 -0.8179 -0.30182 -0.19144 0.031368 0.16153 0.55322 0.27719 -0.13492 0.32705 0.79021 -0.29153 -0.41339 -0.047649 0.44034 0.19848 0.29495 0.12276 -0.034967 -0.64501 0.556 0.15295 -0.55415 0.14406 -0.027971 0.38926 0.021176 0.082117 0.31022 0.26945 -0.36478 -0.23501 -0.86244 -0.40329 -0.40513 0.52021 0.46822 -0.13516 -0.14585 -0.6582 -0.54336 -0.27975 -0.52394 -0.2836 -0.16573 0.22008 -0.12995 -0.8256 0.89515 -0.76 -0.18297 0.10032 -0.54048 0.58025 0.3209 0.11516 0.4586
Errors	-0.41443 -0.11068 0.77845 0.62872 -0.45402 0.43471 0.59685 -0.183 -0.49104 0.14698 0.27585 0.4396 -0.57491 0.59805 0.25027 0.64631 -0.54435 0.80399 -0.032028 0.66776 -0.18354 -0.14858 -0.14191 0.75543 0.16699 -0.80936 0.50471 0.19787 0.43751 -0.18111 0.11977 0.50876 0.030813 -0.51387 -0.43749 -0.51814 -0.974 -0.29074 -0.29697 0.40799 -0.073812 0.11202 -0.21535 -0.28957 -0.43165 -0.42471 0.54389 -0.95192 -0.78618 -0.11262 0.79909 -0.06065 -0.93732 0.73397 0.066252 -0.52042 0.41796 0.27722 1.355 1.1741 -1.2561 -0.21912 -0.37824 0.80791 0.0027664 -0.62435 0.38852 -0.62919 -0.038393 0.017398 -1.0896 0.87792 0.17285 -0.075701 0.79903 0.3145 -0.12924 0.63674 -0.30652 0.73899 0.69632 0.095613 -0.68261 0.060902 -2.6238 -0.77543 0.24803 -0.023439 -1.0513 0.099589 -0.99044 -0.041883 -0.62242 -0.16919 0.0034007 -0.014444 -0.13521 -0.75676 -0.49707 0.14841

int	-1.2815 0.29622 -0.53259 0.32107 -0.39625 -0.11924 0.42091 0.19327 -0.13448 -0.85049 -0.45988 -0.59597 -0.79427 0.31379 -0.43536 0.70608 0.44329 -0.11279 0.036991 -0.12338 -0.45912 -0.73173 -0.21593 0.23246 0.98264 0.90022 0.6924 0.49234 0.74033 0.20114 -0.10716 0.84224 0.46705 0.4129 -0.060172 0.21711 0.4259 1.0596 -0.32892 0.70179 0.37757 -0.91555 -0.57109 -0.18899 -0.0089607 -0.67049 -0.95645 0.85213 0.44196 0.2516 -0.39928 -0.1086 0.14475 0.048046 -1.8383 0.20715 0.66836 -0.15683 0.83449 -0.89062 -1.731 -0.28511 -1.6281 -0.4891 -0.017375 0.20429 -0.39652 -0.12376 0.083896 1.019 0.29363 -0.22713 -0.57131 0.20946 0.36736 0.070658 -0.60987 0.36272 -0.11703 -0.3601 0.91502 0.34288 0.42903 0.1424 -0.14246 0.33683 -0.097052 -0.032925 0.65012 0.62676 0.26149 0.73428 -0.77328 -0.24923 0.86026 -0.36051 0.5583 -0.30908 0.34023 0.0885

length	-0.39345 0.14751 0.115 0.5842 -0.22979 0.12557 0.034881 0.85012 -1.0224 0.37647 0.4142 0.64828 0.53612 -0.091829 0.88211 -0.09227 -0.17771 -0.0095382 0.46393 -0.78129 0.38076 0.26073 -0.40727 -0.027861 1.0929 0.72266 0.16645 -0.46851 0.25301 -0.20281 -0.21155 -0.16052 0.33415 -0.1378 0.26774 0.53922 0.65032 0.43666 0.09264 0.9267 0.55555 -0.8082 -0.020837 0.54307 -0.39997 -0.33437 0.77462 -0.91296 -0.093295 0.65398 0.60355 -0.10966 1.0224 1.5875 -0.10735 -1.9646 -0.14627 -0.47492 1.2636 0.69037 0.12818 0.55123 -0.085575 0.19535 1.2906 0.5853 -0.13847 -0.086656 0.37725 0.034639 -0.030018 0.6359 0.91748 0.51956 1.0847 -0.027481 -0.57533 -0.27663 0.46083 -0.27902 -0.44093 -0.34366 -0.094047 -0.42573 -1.201 0.058523 0.14049 -0.89629 0.35035 0.78896 -0.64621 0.23352 -0.66019 -0.85192 0.15518 -0.20148 -0.56911 -0.52954 1.1626 -0.075618

reg	-0.27556 -0.13971 -0.52178 -0.77793 -0.32015 0.0080684 0.048408 -0.25673 0.056797 -0.67165 0.43587 0.11361 -0.2412 -0.12445 0.076522 0.70503 0.67136 0.012478 0.028905 0.8829 0.12163 0.038926 0.81466 -0.45007 0.45684 0.35274 0.32076 -0.071941 -0.37059 -0.10722 0.36479 0.25514 0.77301 0.021731 0.34914 0.54413 -0.21028 0.091433 -0.051508 0.27914 0.48389 0.30551 0.54819 0.6725 -0.25999 0.25348 -0.37702 -0.14085 -0.25582 -0.64835 -0.2733 0.35936 0.044196 0.033668 -0.25509 0.55767 0.20539 0.25268 -0.6361 0.24805 0.13701 0.15494 -0.23663 0.49585 -0.015085 -0.078788 -0.28575 0.67037 1.0339 0.23706 -0.27082 -0.12957 -0.51681 -1.1445 0.092885 -0.57087 0.22383 -0.31793 -0.007228 -0.25111 -0.10528 -0.57335 -0.027127 -0.27088 0.18745 0.51119 -0.023889 -0.47047 0.36386 0.17004 0.29891 -0.1288 -0.32493 0.85043 0.30593 0.14344 0.28577 -0.077101 -0.58723 -0.64159
addData	
assertTrue	
reg	-0.27556 -0.13971 -0.52178 -0.77793 -0.32015 0.0080684 0.048408 -0.25673 0.056797 -0.67165 0.43587 0.11361 -0.2412 -0.12445 0.076522 0.70503 0.67136 0.012478 0.028905 0.8829 0.12163 0.038926 0.81466 -0.45007 0.45684 0.35274 0.32076 -0.071941 -0.37059 -0.10722 0.36479 0.25514 0.77301 0.021731 0.34914 0.54413 -0.21028 0.091433 -0.051508 0.27914 0.48389 0.30551 0.54819 0.6725 -0.25999 0.25348 -0.37702 -0.14085 -0.25582 -0.64835 -0.2733 0.35936 0.044196 0.033668 -0.25509 0.55767 0.20539 0.25268 -0.6361 0.24805 0.13701 0.15494 -0.23663 0.49585 -0.015085 -0.078788 -0.28575 0.67037 1.0339 0.23706 -0.27082 -0.12957 -0.51681 -1.1445 0.092885 -0.57087 0.22383 -0.31793 -0.007228 -0.25111 -0.10528 -0.57335 -0.027127 -0.27088 0.18745 0.51119 -0.023889 -0.47047 0.36386 0.17004 0.29891 -0.1288 -0.32493 0.85043 0.30593 0.14344 0.28577 -0.077101 -0.58723 -0.64159
getSumSquaredErrors	
FAIL	-0.29846 0.093113 0.24309 -0.0065571 -0.54678 -0.14058 -0.28908 0.013921 0.84282 -0.069839 0.017675 0.35833 -0.022809 0.57295 -0.95492 -0.2206 -0.10701 0.66893 -0.60145 0.40906 -0.1288 -0.77623 0.24152 -0.44725 -0.27392 -0.22666 -0.79875 -0.58472 0.60734 -0.69818 0.29438 0.4284 -0.34632 -0.34831 0.30248 0.27882 0.27099 -0.40311 -0.22825 -0.054912 -0.36457 0.53986 -0.70262 -0.50518 -0.19195 -0.10778 0.48282 0.00967 -0.72079 -0.92933 0.24331 -0.1752 -0.32342 0.73657 0.77423 -1.1188 -0.032741 -0.0017669 0.89835 -0.11061 -0.43119 -0.042942 -0.63702 -0.16972 0.54553 0.65607 -0.16806 0.42523 -0.31261 -1.1439 -0.11529 -0.34504 -0.50226 -0.37427 -0.26213 -0.33795 -0.64193 -0.13713 -0.23458 -0.33886 0.65705 -0.042854 -0.65177 -0.26308 -1.4852 -0.19391 0.48049 0.6811 -0.36438 0.30349 -0.33739 0.27892 -0.2446 0.055732 -0.46132 0.63663 0.35371 -0.2343 0.31746 -0.11401
add	-1.2393 0.83369 0.083531 -0.20049 0.044739 0.17239 -0.055417 0.15202 0.44816 0.385 0.24907 0.010275 -0.41144 -0.02907 -0.20599 -0.27131 -0.14218 0.10789 -0.19982 0.27095 -0.2395 -0.25742 -0.0043475 0.071613 -0.094438 0.15071 0.21641 -0.33274 -0.22682 -0.58059 -0.22307 1.0125 -1.0421 -0.61377 -0.89869 0.096692 0.060472 0.081401 -0.13422 0.050974 0.35535 -2.0205 -0.54408 -1.1382 0.29522 0.31953 -0.15341 -0.6718 0.15143 -1.3308 0.28715 -0.0042643 -0.50928 0.84667 -0.40612 -2.1474 -0.031866 -0.09987 1.1884 0.21385 -0.27657 0.75467 -0.029299 -0.10579 1.0634 -0.42882 0.19238 0.080872 0.057819 -0.46434 0.08491 0.021788 -0.31292 0.017906 0.59227 0.5727 -0.61226 -0.23285 0.67923 0.11201 0.49559 -1.2237 -0.073271 0.23322 -0.67678 0.073403 0.45124 0.40009 0.30342 0.63034 -0.33873 0.54733 -0.53039 -1.2227 -0.62285 -0.95528 0.26866 -0.47723 0.57283 0.44464
Data	-0.47099 0.61577 0.68969 -0.18149 0.30778 -0.8415 -0.41873 -0.20013 0.28184 -0.34005 0.77286 -0.22774 0.059854 -0.24141 0.87783 0.72043 0.64295 0.36245 0.41621 0.13001 -0.47074 -0.44664 0.47363 0.40755 -1.0341 -1.1422 0.37436 0.24631 -0.67291 0.49177 0.46506 0.13608 -0.93796 0.51887 0.51549 -0.26506 -0.14551 0.22517 0.35244 -0.79648 -0.42247 -0.90587 -0.83998 0.45365 -0.72494 -0.12592 0.43661 -0.53661 0.020523 -0.74609 1.1925 0.15719 0.29318 0.92661 0.48236 -1.829 -0.012697 -0.37029 2.3618 0.33587 -0.1544 0.14657 -0.11307 -0.02493 0.31933 0.28815 -0.2963 -0.33032 1.4774 0.23739 -0.25313 0.61367 0.56811 -0.56991 0.48798 0.065367 0.28258 -0.13537 -1.1096 -0.35971 0.85313 0.463 -1.1223 0.0071569 -1.7636 -0.44547 1.2478 -0.37541 -0.21634 0.45937 -0.11387 0.75576 -0.24423 -0.056482 0.54792 -0.30928 0.25919 -0.59612 0.27596 0.088012
assert	-0.19059 -0.44578 0.15766 0.7015 -0.1341 0.2891 -1.0561 -0.69427 0.31795 0.21459 -0.46638 0.40445 0.094866 -0.36593 -0.71545 -0.14749 0.41403 0.17088 -0.84226 -7.0514e-07 0.4136 -0.31711 0.21547 -0.15201 -0.4753 -0.53525 -0.20696 -0.34228 0.11678 -0.25005 0.366 0.18316 -0.48592 -0.0014746 -0.23675 -0.046102 0.0017353 0.26814 -0.037108 -0.016397 -0.52234 0.32181 -0.13531 -0.26124 -0.69445 -0.70291 0.67474 -0.037809 -0.051181 -0.49642 -0.14028 0.74239 0.15842 1.0788 0.56887 -0.55635 0.50459 -0.92062 0.095294 -0.11771 -0.03434 0.020342 0.27589 -0.04289 0.50265 0.17807 0.27571 0.16102 -0.69721 -0.16515 0.50198 0.25841 -0.30055 -0.40496 -0.032764 -0.88898 -0.56175 -0.36018 -0.77595 -0.053518 -0.24391 -0.35764 -0.31659 0.41928 -0.48078 -0.38196 0.29501 0.76383 -0.003329 -0.028754 -0.054077 -0.40097 -0.20808 -0.52206 0.14523 -0.35767 -0.45376 -0.10878 0.18716 0.46686
True	0.15464 0.34523 0.76516 -0.067509 -0.22752 0.17635 0.060849 -0.73683 -0.010929 -0.15506 -0.037127 0.44122 0.49196 0.161 0.059594 -0.34585 0.38906 0.58412 -0.18402 0.91904 0.16361 -0.42808 -0.41092 -0.48833 0.13149 0.48545 0.31245 -0.32755 -0.29294 0.036161 0.093949 0.22658 -0.17662 -0.42009 0.36593 -0.017106 0.12171 0.41396 0.16341 -0.3657 -0.2852 0.23694 0.45269 -0.1636 -0.30904 -0.51067 0.72956 0.052385 -0.44922 -0.49141 0.35438 -0.047273 0.80949 0.64988 0.22007 -2.1907 0.45671 0.33745 1.3088 -0.22552 0.0091219 0.74043 -0.70664 -0.50473 1.2026 0.068264 0.37138 0.081119 -0.11622 -0.19866 0.15098 0.077015 -0.1155 -0.092158 0.51428 -0.13918 0.19576 -0.64354 -0.62059 0.10805 -0.2634 0.33458 -0.36549 -0.083662 -1.0601 -0.48679 -0.10551 -0.19984 -0.16644 -0.32716 -0.23584 0.10837 0.1829 0.34429 -0.43508 -0.77543 -0.9318 -0.80066 0.070027 0.47041
Sum	0.093295 0.79297 -0.13392 0.85132 -0.042583 0.3432 -0.089098 0.41909 0.045122 0.45323 0.035015 0.62033 -0.0092766 -0.39093 -0.027325 -0.44983 -0.50804 0.55426 0.45525 0.25735 0.84488 0.26623 -1.1662 -0.15961 -0.24227 -0.35618 0.62464 0.11498 -0.34118 -1.0053 0.51105 0.37736 0.015699 -0.6542 -0.078256 0.17596 0.45855 0.85399 -0.91444 -0.716 0.51101 -0.32588 -0.018964 -0.22302 -0.028429 -0.017326 -0.61164 -0.42773 -0.082907 0.30867 0.30675 -0.39928 1.4556 0.39699 -0.52474 -1.0252 -0.017514 -0.50986 1.0536 0.56917 0.21646 -0.34097 -1.0806 0.02115 0.90608 -0.55899 -0.18109 0.77589 0.4258 -0.04402 -0.22072 -0.087275 -0.065722 0.42005 0.70104 0.20225 -0.35253 -1.0445 -0.2006 0.41696 0.40032 0.25888 -0.25705 -1.5195 -1.0021 0.42493 -0.056551 -0.81302 -0.010819 -0.28197 -0.87072 0.11143 0.22825 -0.37733 -0.073661 -0.56677 0.67206 -0.17301 0.35042 -0.60148
Squared	-0.45343 0.22742 -0.12405 0.34135 -0.76778 0.46393 -0.3792 0.064518 -0.7014 0.28755 0.71217 0.1667 0.029247 -0.029202 0.062127 -0.042256 -0.1932 0.5784 0.031503 -0.81785 0.85117 0.24072 -0.086625 0.36971 0.29711 -0.15877 -0.21034 0.5024 -0.17172 -0.43827 0.6508 -0.18139 0.043934 0.11381 0.8289 -0.46432 -0.010084 0.86721 0.23018 0.62661 -0.21981 -0.22921 -0.18462 0.040383 -0.8179 -0.30182 -0.19144 0.031368 0.16153 0.55322 0.27719 -0.13492 0.32705 0.79021 -0.29153 -0.41339 -0.047649 0.44034 0.19848 0.29495 0.12276 -0.034967 -0.64501 0.556 0.15295 -0.55415 0.14406 -0.027971 0.38926 0.021176 0.082117 0.31022 0.26945 -0.36478 -0.23501 -0.86244 -0.40329 -0.40513 0.52021 0.46822 -0.13516 -0.14585 -0.6582 -0.54336 -0.27975 -0.52394 -0.2836 -0.16573 0.22008 -0.12995 -0.8256 0.89515 -0.76 -0.18297 0.10032 -0.54048 0.58025 0.3209 0.11516 0.4586
Errors	-0.41443 -0.11068 0.77845 0.62872 -0.45402 0.43471 0.59685 -0.183 -0.49104 0.14698 0.27585 0.4396 -0.57491 0.59805 0.25027 0.64631 -0.54435 0.80399 -0.032028 0.66776 -0.18354 -0.14858 -0.14191 0.75543 0.16699 -0.80936 0.50471 0.19787 0.43751 -0.18111 0.11977 0.50876 0.030813 -0.51387 -0.43749 -0.51814 -0.974 -0.29074 -0.29697 0.40799 -0.073812 0.11202 -0.21535 -0.28957 -0.43165 -0.42471 0.54389 -0.95192 -0.78618 -0.11262 0.79909 -0.06065 -0.93732 0.73397 0.066252 -0.52042 0.41796 0.27722 1.355 1.1741 -1.2561 -0.21912 -0.37824 0.80791 0.0027664 -0.62435 0.38852 -0.62919 -0.038393 0.017398 -1.0896 0.87792 0.17285 -0.075701 0.79903 0.3145 -0.12924 0.63674 -0.30652 0.73899 0.69632 0.095613 -0.68261 0.060902 -2.6238 -0.77543 0.24803 -0.023439 -1.0513 0.099589 -0.99044 -0.041883 -0.62242 -0.16919 0.0034007 -0.014444 -0.13521 -0.75676 -0.49707 0.14841

