LevenbergMarquardtOptimizer	
reports	-0.35234 -0.22049 0.23705 -0.10425 -0.17666 -0.043441 -0.039401 -0.070674 0.14561 -0.23357 0.54743 0.44795 0.78616 0.15538 0.10446 0.46907 -0.29049 -0.8404 -0.034692 0.40865 0.30034 -0.2928 0.095955 0.76972 -0.99975 -0.6509 0.48218 0.33672 -0.38652 0.29883 0.30875 -0.34623 -0.70163 0.45091 -0.31773 0.18051 0.11242 -0.1551 -0.29125 0.090872 -1.1499 0.094549 -0.37388 0.014838 0.26101 -0.19106 -0.13704 -0.58612 0.14995 -1.0838 1.1918 0.26582 0.16082 0.82239 0.048745 -1.8438 -0.20387 -0.12161 1.5699 0.62321 -0.30878 0.52144 -0.12126 -0.20568 0.34372 -0.16848 0.18449 0.27101 0.42987 0.5003 -0.17661 0.10093 -0.20089 -0.7439 0.21703 0.65234 0.65341 0.2576 -1.8866 0.0069613 1.0189 0.12011 -0.17856 -0.1412 -1.2322 -1.3464 0.13881 0.05969 -0.17196 0.0074855 0.65933 -0.011706 -0.48305 -0.12656 -0.45007 0.41188 -0.54148 -0.15012 0.62183 -0.01489
iterations	-0.5979 0.045235 -0.18973 0.39459 0.17653 0.24053 0.20704 0.36615 -0.045302 0.16264 0.5913 0.11386 0.30029 0.019608 0.30148 -0.10997 -0.56615 0.98688 0.49498 0.21761 0.20331 -0.17458 -0.49698 0.41132 -0.027526 -0.13436 1.0052 0.17189 0.061287 -0.40186 -0.015832 -0.24657 -0.36951 -0.18854 0.12283 0.60293 -0.47144 -1.083 -0.010964 -0.46449 -0.061296 -0.11712 -0.15792 0.72599 -0.81309 0.48958 0.14269 -0.28283 0.20352 0.78998 -0.11111 -0.25784 0.34452 -0.12535 0.23277 0.23574 0.15848 0.27724 -0.52655 0.12572 -0.5351 0.0034495 0.0089104 0.88157 0.36321 -0.12453 -0.59148 -1.0459 0.1703 -0.29764 -0.074901 0.34603 0.041886 -0.23962 -0.17548 -0.26813 -0.27027 -0.48439 -0.44581 -0.36668 -0.12608 -0.2315 -0.27832 0.14726 -0.96016 0.75454 0.1213 -0.56234 -0.38997 -0.079411 -0.33382 0.8606 -0.75433 -0.017816 -0.08635 -0.5678 -0.11034 0.049097 0.091189 0.024434
Levenberg	0.090854 -0.3015 -0.87188 -0.35261 0.087421 -0.39187 -0.095896 -0.48159 0.12982 -0.39191 0.30098 0.29326 -0.36675 -0.67938 -0.10924 0.4027 -0.50789 0.35193 0.25035 -0.28131 -0.76436 -0.11324 0.25129 0.068178 -0.30118 -0.034061 0.34176 0.45324 0.0092531 0.36567 -0.13562 -0.29105 0.10147 -0.11971 -0.37587 -0.51616 0.23199 0.19297 0.068785 0.46633 0.27735 0.044899 -0.21731 0.20452 -0.12946 0.20991 0.12789 0.10635 -0.06884 0.71267 -0.044637 -0.2215 -0.13023 -0.48877 0.084868 0.38402 0.023777 0.090642 -1.0221 -0.5072 -0.010663 -0.38138 0.46556 -0.52935 -0.053972 -0.14293 -0.75757 -0.1963 -0.53757 -0.2189 0.16474 0.16356 0.11794 0.27161 -0.40972 -0.075457 0.08141 -0.070427 0.35681 0.1934 0.1914 0.031523 0.078937 -0.45014 0.50164 0.043395 0.0037011 -0.4926 0.17826 0.63328 0.32946 0.44445 0.45977 -0.096752 0.36742 -0.19242 -0.32281 0.47464 -0.54359 0.24832
Marquardt	0.43579 -0.27946 -0.64914 -0.55038 -0.27625 -0.11422 -0.10273 0.16601 -0.013333 -0.2311 0.12135 0.0097646 -0.10133 -0.55866 0.31905 -0.18595 -0.030425 0.65304 0.15841 -0.60021 -0.30878 -0.48478 0.55469 0.84571 0.78234 0.080232 0.38265 -0.037094 -0.43286 0.44803 -0.25673 0.17298 0.23326 -0.041021 -0.23287 0.28198 0.31029 0.30925 -0.0025933 0.024515 -0.29483 0.17292 -0.1578 0.065494 -0.17 0.1795 -0.056962 0.18301 -0.25637 0.6548 -0.04627 0.018565 0.17335 0.40186 -0.21062 0.20043 0.025928 -0.18534 -1.3603 -0.43245 0.35254 -0.59226 0.28259 -0.015666 -0.087273 -0.3422 -0.062562 0.20594 -0.44417 0.046108 -0.01048 -0.17944 0.44962 -0.22553 0.042849 0.078625 0.29813 -0.55182 -0.09506 0.24049 -0.01273 -0.43933 0.072875 -0.14348 0.27626 -0.1694 0.25702 -0.58782 -0.34528 -0.2325 0.075071 -0.056863 0.48474 -0.0037208 0.35736 0.038188 0.21055 0.2249 -0.32624 0.68628
Optimizer	-0.29685 0.59475 0.4746 -0.11835 0.32403 0.55505 -0.38546 -0.21587 0.32649 0.25272 0.068257 -0.28231 -0.52911 -0.63167 -0.4597 0.21272 -0.10645 0.61376 0.30194 0.042009 -0.8078 -0.99817 -0.83066 0.11206 0.32445 0.38881 -0.046723 1.0266 -0.10969 -0.18965 -0.52154 0.44481 -0.031531 0.20231 0.47604 -0.084718 -0.046969 -0.4448 0.32423 -0.57488 -0.29732 0.053794 -0.26884 -0.022808 0.0027875 0.044467 0.067046 0.017895 0.059348 0.27622 -0.43433 0.32963 0.18111 0.28053 0.21807 0.50126 0.12546 0.056736 -0.19987 -0.062615 -0.040405 -0.84336 0.23897 0.48912 -0.30108 0.17079 -0.21862 -0.48624 -0.081876 0.072206 0.11012 -0.024721 0.2956 0.79721 -0.14915 -0.32999 -0.22562 0.38877 0.013647 -0.25896 -0.13485 -0.36784 -0.0095646 -0.53729 0.67377 0.59344 0.80421 0.12066 -0.23098 0.12518 0.19044 0.72469 -0.51397 0.28001 0.57346 0.20433 0.061858 -0.22946 -0.1223 0.20217

method	-0.41796 0.53241 -0.33693 0.69262 0.068686 -0.087566 0.27663 -0.071203 -0.3353 0.33365 -0.52407 -0.53341 0.04046 -0.16659 0.45481 -0.34785 0.24926 0.022734 0.4212 0.0062452 -0.13359 -0.51309 0.21382 -0.24943 -0.36553 -0.01069 0.25961 -0.2909 -0.7678 0.037387 -0.46895 0.89278 -0.53101 -0.38841 0.35913 -0.4793 -0.33601 -0.20371 0.39182 -0.95175 -0.62779 0.17753 -0.035282 -0.12463 -0.84179 -0.34632 -0.19631 -0.84428 -0.54253 -0.19322 0.25287 -0.01299 -0.0014 1.4574 -0.76291 -1.5731 -0.23982 0.22269 0.87785 -0.034078 -0.036702 -0.31008 0.80324 0.61032 1.3546 -0.14522 -0.19501 -0.68654 -0.096186 -0.50487 -1.0144 0.37278 0.63403 0.66473 0.33144 -0.62283 -0.11496 -0.60323 -0.46632 -0.17908 0.23923 0.25257 -1.1826 -0.60126 -1.8759 0.92491 0.87735 -0.62709 -0.26522 -0.10025 -0.58459 0.12821 0.3471 0.52632 0.74769 -0.33396 -0.36954 -0.75431 0.34056 0.28563
LevenbergMarquardtOptimizer	
getIterations	
report	-0.59537 -0.32836 0.58577 -0.74072 -0.09532 -0.74893 -0.28177 0.52217 0.31904 0.083793 0.50095 0.10168 0.31447 0.26187 -0.11273 0.76669 0.044041 -0.58808 -0.51672 -0.14013 0.24544 -0.678 -0.24864 0.87743 -0.64057 -0.62382 0.36739 -0.20345 -0.50641 0.52411 0.28528 -0.11386 -0.47109 0.26002 -0.46366 0.27499 0.06741 0.31625 -0.22564 0.029032 -1.3492 0.19262 -0.66144 0.20876 0.24751 -0.33938 -0.18857 -0.88209 -0.46367 -1.3514 1.2399 -0.080302 0.14926 0.70604 -0.50818 -2.225 -0.20132 -0.33361 1.8033 0.066711 -0.49835 0.027327 -0.30273 -0.60213 0.4461 -0.4295 -0.091883 0.57811 0.58537 0.4652 0.11657 0.36907 -0.3127 -0.35623 0.30122 0.35685 0.043412 0.054971 -1.9139 -0.094874 0.59941 0.60765 -0.64818 -0.39301 -1.1928 -1.3394 0.54517 -0.33547 -0.20778 -0.020578 0.63703 -0.41109 -0.12349 -0.29479 -0.032713 0.83004 -0.0063338 -0.46121 0.52141 0.16243
correct	-0.42353 0.015434 0.80792 0.632 -0.67265 -0.1566 0.32585 0.20396 0.090629 0.738 0.24955 0.52341 0.076482 0.059933 0.23876 0.25896 -0.095213 -0.46585 -0.32519 0.16045 -0.11664 -0.83848 0.061479 -0.0013031 -0.38165 -0.51826 -0.11978 -0.13733 0.29849 0.040132 0.29609 0.6677 -0.25964 -0.21514 -0.0012159 -0.13747 -0.81444 -0.25006 -0.10096 -0.15147 -0.29668 0.14655 -0.22017 -0.50157 -0.96013 -0.27073 -0.014319 -0.42051 -0.99362 -1.2697 0.94779 0.12329 0.1766 0.43339 -0.45925 -1.3536 0.60969 0.15825 1.4291 -0.15649 -0.56282 0.12701 -0.64863 0.22807 0.94565 -0.43435 -0.28775 -0.1794 -0.46697 -0.50885 -0.43532 0.65667 0.054082 -0.14311 1.3446 -0.25475 -0.40203 0.16337 -0.37873 -0.59173 -0.39615 -0.34033 -0.79722 -0.23125 -1.1982 -0.055201 0.023574 -0.16263 -0.49377 -0.058384 -0.52387 0.37151 0.16937 -0.53943 -0.12633 -0.28581 -0.023533 -1.04 -0.12783 0.085076
number	-0.45491 0.70878 0.052253 0.43452 0.49128 0.26042 -0.09712 0.0068731 0.039583 0.020627 0.39695 -0.12315 0.45283 0.070128 0.3735 -0.1067 -0.018949 0.41535 -0.084856 0.50866 0.87814 -0.3561 0.17487 0.11043 -0.013347 -0.93837 1.134 -0.48278 0.25784 -0.21401 0.07738 0.16889 0.18686 0.095164 0.00041873 0.18117 -0.47591 0.23026 -0.42482 -0.073454 -0.36366 -0.20183 0.21305 0.19168 0.6503 -0.25375 -0.083304 -0.47567 -0.26261 0.029469 0.048801 -0.27775 -0.21443 1.0527 -0.12616 -2.0923 0.23163 -0.22628 1.6792 1.1899 -0.29056 0.39359 -0.038179 0.42282 1.1047 -0.010826 0.091952 0.35868 1.1337 0.15289 -0.24242 -0.10993 -0.20155 0.14546 0.66681 0.32207 0.18396 -0.36868 -0.86877 -0.22897 1.3476 -0.56402 -0.13284 -0.18372 -1.8314 -0.65542 0.21221 -1.0741 -0.32264 0.43934 -0.53892 0.61369 -0.13816 -0.14751 -1.1355 -0.2183 -0.74298 -0.42292 0.58595 -0.42407
iterations	-0.5979 0.045235 -0.18973 0.39459 0.17653 0.24053 0.20704 0.36615 -0.045302 0.16264 0.5913 0.11386 0.30029 0.019608 0.30148 -0.10997 -0.56615 0.98688 0.49498 0.21761 0.20331 -0.17458 -0.49698 0.41132 -0.027526 -0.13436 1.0052 0.17189 0.061287 -0.40186 -0.015832 -0.24657 -0.36951 -0.18854 0.12283 0.60293 -0.47144 -1.083 -0.010964 -0.46449 -0.061296 -0.11712 -0.15792 0.72599 -0.81309 0.48958 0.14269 -0.28283 0.20352 0.78998 -0.11111 -0.25784 0.34452 -0.12535 0.23277 0.23574 0.15848 0.27724 -0.52655 0.12572 -0.5351 0.0034495 0.0089104 0.88157 0.36321 -0.12453 -0.59148 -1.0459 0.1703 -0.29764 -0.074901 0.34603 0.041886 -0.23962 -0.17548 -0.26813 -0.27027 -0.48439 -0.44581 -0.36668 -0.12608 -0.2315 -0.27832 0.14726 -0.96016 0.75454 0.1213 -0.56234 -0.38997 -0.079411 -0.33382 0.8606 -0.75433 -0.017816 -0.08635 -0.5678 -0.11034 0.049097 0.091189 0.024434
Levenberg	0.090854 -0.3015 -0.87188 -0.35261 0.087421 -0.39187 -0.095896 -0.48159 0.12982 -0.39191 0.30098 0.29326 -0.36675 -0.67938 -0.10924 0.4027 -0.50789 0.35193 0.25035 -0.28131 -0.76436 -0.11324 0.25129 0.068178 -0.30118 -0.034061 0.34176 0.45324 0.0092531 0.36567 -0.13562 -0.29105 0.10147 -0.11971 -0.37587 -0.51616 0.23199 0.19297 0.068785 0.46633 0.27735 0.044899 -0.21731 0.20452 -0.12946 0.20991 0.12789 0.10635 -0.06884 0.71267 -0.044637 -0.2215 -0.13023 -0.48877 0.084868 0.38402 0.023777 0.090642 -1.0221 -0.5072 -0.010663 -0.38138 0.46556 -0.52935 -0.053972 -0.14293 -0.75757 -0.1963 -0.53757 -0.2189 0.16474 0.16356 0.11794 0.27161 -0.40972 -0.075457 0.08141 -0.070427 0.35681 0.1934 0.1914 0.031523 0.078937 -0.45014 0.50164 0.043395 0.0037011 -0.4926 0.17826 0.63328 0.32946 0.44445 0.45977 -0.096752 0.36742 -0.19242 -0.32281 0.47464 -0.54359 0.24832
Marquardt	0.43579 -0.27946 -0.64914 -0.55038 -0.27625 -0.11422 -0.10273 0.16601 -0.013333 -0.2311 0.12135 0.0097646 -0.10133 -0.55866 0.31905 -0.18595 -0.030425 0.65304 0.15841 -0.60021 -0.30878 -0.48478 0.55469 0.84571 0.78234 0.080232 0.38265 -0.037094 -0.43286 0.44803 -0.25673 0.17298 0.23326 -0.041021 -0.23287 0.28198 0.31029 0.30925 -0.0025933 0.024515 -0.29483 0.17292 -0.1578 0.065494 -0.17 0.1795 -0.056962 0.18301 -0.25637 0.6548 -0.04627 0.018565 0.17335 0.40186 -0.21062 0.20043 0.025928 -0.18534 -1.3603 -0.43245 0.35254 -0.59226 0.28259 -0.015666 -0.087273 -0.3422 -0.062562 0.20594 -0.44417 0.046108 -0.01048 -0.17944 0.44962 -0.22553 0.042849 0.078625 0.29813 -0.55182 -0.09506 0.24049 -0.01273 -0.43933 0.072875 -0.14348 0.27626 -0.1694 0.25702 -0.58782 -0.34528 -0.2325 0.075071 -0.056863 0.48474 -0.0037208 0.35736 0.038188 0.21055 0.2249 -0.32624 0.68628
Optimizer	-0.29685 0.59475 0.4746 -0.11835 0.32403 0.55505 -0.38546 -0.21587 0.32649 0.25272 0.068257 -0.28231 -0.52911 -0.63167 -0.4597 0.21272 -0.10645 0.61376 0.30194 0.042009 -0.8078 -0.99817 -0.83066 0.11206 0.32445 0.38881 -0.046723 1.0266 -0.10969 -0.18965 -0.52154 0.44481 -0.031531 0.20231 0.47604 -0.084718 -0.046969 -0.4448 0.32423 -0.57488 -0.29732 0.053794 -0.26884 -0.022808 0.0027875 0.044467 0.067046 0.017895 0.059348 0.27622 -0.43433 0.32963 0.18111 0.28053 0.21807 0.50126 0.12546 0.056736 -0.19987 -0.062615 -0.040405 -0.84336 0.23897 0.48912 -0.30108 0.17079 -0.21862 -0.48624 -0.081876 0.072206 0.11012 -0.024721 0.2956 0.79721 -0.14915 -0.32999 -0.22562 0.38877 0.013647 -0.25896 -0.13485 -0.36784 -0.0095646 -0.53729 0.67377 0.59344 0.80421 0.12066 -0.23098 0.12518 0.19044 0.72469 -0.51397 0.28001 0.57346 0.20433 0.061858 -0.22946 -0.1223 0.20217
Iterations	-0.5979 0.045235 -0.18973 0.39459 0.17653 0.24053 0.20704 0.36615 -0.045302 0.16264 0.5913 0.11386 0.30029 0.019608 0.30148 -0.10997 -0.56615 0.98688 0.49498 0.21761 0.20331 -0.17458 -0.49698 0.41132 -0.027526 -0.13436 1.0052 0.17189 0.061287 -0.40186 -0.015832 -0.24657 -0.36951 -0.18854 0.12283 0.60293 -0.47144 -1.083 -0.010964 -0.46449 -0.061296 -0.11712 -0.15792 0.72599 -0.81309 0.48958 0.14269 -0.28283 0.20352 0.78998 -0.11111 -0.25784 0.34452 -0.12535 0.23277 0.23574 0.15848 0.27724 -0.52655 0.12572 -0.5351 0.0034495 0.0089104 0.88157 0.36321 -0.12453 -0.59148 -1.0459 0.1703 -0.29764 -0.074901 0.34603 0.041886 -0.23962 -0.17548 -0.26813 -0.27027 -0.48439 -0.44581 -0.36668 -0.12608 -0.2315 -0.27832 0.14726 -0.96016 0.75454 0.1213 -0.56234 -0.38997 -0.079411 -0.33382 0.8606 -0.75433 -0.017816 -0.08635 -0.5678 -0.11034 0.049097 0.091189 0.024434

returns	-0.26184 -0.068321 0.65651 -0.27272 0.22419 0.1484 -0.33381 0.22672 -0.36067 -0.42468 -0.39923 0.73907 0.10366 0.36317 0.081879 0.084346 0.27524 0.67599 0.74671 1.0309 0.11076 -0.36427 -0.38258 0.49518 -0.032814 -0.0063464 -0.30953 -0.14888 0.36374 -0.22739 0.139 0.29234 -0.38969 -0.064195 0.2059 0.13504 -0.097669 0.11701 -0.70768 -0.34341 -0.52104 -0.67879 0.11025 0.13458 0.013898 -0.24682 -0.71823 -0.52327 0.67018 -0.7898 0.23642 -0.33111 0.56724 0.71656 0.49129 -1.9061 -0.18881 -0.43991 1.1717 0.25765 -0.33979 -0.0081994 -0.31008 -0.12085 0.13278 0.12132 0.066898 -0.18057 -0.038645 0.21147 0.035013 -0.20757 -0.25776 -0.14444 0.5436 -0.050902 -0.59413 -0.34768 -0.28127 -0.099312 0.64265 1.1849 -0.45768 -0.70964 -0.3966 -0.47697 0.17949 -0.49912 0.01562 -0.43558 -0.35591 0.14599 0.50145 0.081388 -0.68451 0.29315 0.73244 0.29537 0.0050102 -0.10547

quick	-0.43146 -0.22037 -0.22684 -0.10215 -0.31863 -0.11809 -0.093402 -0.069789 -0.29029 -0.34006 0.099652 -0.059301 -0.43764 0.19464 0.36997 0.73648 -0.53429 -0.3469 -0.21415 0.62954 0.54868 0.29429 -0.32889 -0.61771 -0.039648 0.91639 -0.64046 0.28725 0.095922 -0.38774 -0.62958 0.33443 -0.4856 -0.2287 0.84277 -0.2204 -0.13264 -0.18188 0.077686 0.080045 -0.018909 -0.26018 0.29542 -0.89173 -0.39373 -0.35662 0.011656 -0.37658 0.64576 -0.86503 0.12615 0.18984 -0.26936 0.56216 0.38218 -2.1389 -0.0096116 0.15041 1.2586 -0.35475 -0.33285 0.07292 -0.077262 0.049068 0.90212 -0.27539 -0.20839 0.26349 -0.26515 -0.70593 -0.68474 0.38424 -0.21889 -0.88545 0.38583 0.26481 -0.7641 -0.037501 -0.020606 -0.71318 1.1045 0.0453 -0.41902 -0.47667 -1.4088 -0.50376 0.88062 0.0072194 -0.42083 -0.62586 0.59608 0.30444 -0.40999 -0.28204 -0.52321 -0.44695 0.21083 -0.010209 0.0086056 0.63263
code	0.040031 -0.24448 0.73053 -0.78522 0.10176 1.1329 -0.54574 -0.16502 -0.22271 0.26857 -0.0028017 -0.53323 0.23771 -0.013369 -0.31623 0.31315 1.4045 0.3017 -0.3337 0.026709 -0.23063 -0.35121 0.3957 -0.048798 0.20233 -0.42681 0.086992 -0.32299 -0.51931 -0.39928 0.40101 1.0389 0.11716 -0.29213 0.40621 0.34681 -0.21982 -0.99274 0.27808 0.30669 -0.15944 -0.43364 0.10627 0.13963 -0.47956 -0.080051 -0.062879 -0.10151 -0.20968 -0.19341 0.45186 0.61042 -0.064944 0.96259 -0.85312 -1.127 0.15543 -0.13428 2.2155 0.61877 -0.20611 -0.513 -0.68671 -0.048113 0.87501 -0.11171 -0.40812 -0.042767 0.6316 0.14233 -0.23214 0.036219 0.32677 0.13164 0.37036 0.17449 0.12896 0.12132 -0.88154 0.11403 -0.24804 -1.2929 -0.34626 -0.30557 -1.4405 1.2882 0.31974 -1.2983 -0.18529 0.85937 -0.19239 0.83516 -0.56495 0.0085904 0.70475 -0.095823 -0.26036 -0.95226 -0.059152 -0.19183
SimplexOptimizer	
calls	-0.18073 -0.057721 0.25982 -0.059962 0.2866 0.47944 -0.47454 0.05252 0.055557 -0.27819 -0.26569 -0.16877 -0.13785 0.31135 0.10778 0.14935 -0.45656 -0.06544 -0.4099 0.36928 -0.023031 -0.14793 -0.22291 -0.26173 0.27936 0.15517 -0.34893 0.0065596 0.40989 0.20432 0.11775 0.87857 0.053475 0.54552 -0.099936 0.20185 0.11925 -0.81307 0.082881 0.10822 -1.1223 0.11801 0.38048 -0.092392 -0.19862 -0.37441 -0.7412 -0.18621 0.25654 -0.41961 0.58079 0.054683 0.17354 0.69202 -0.21265 -1.855 0.24907 -0.19409 1.5087 0.25175 0.30164 -0.39421 0.23646 -0.6507 0.58124 -0.1333 0.023159 0.37015 0.51134 -0.15314 0.2641 -0.20512 -0.72258 -0.92913 0.2948 0.31164 0.14346 0.017919 -1.3463 0.058027 1.1443 -0.66006 -0.26227 -0.19509 -1.5343 0.03045 0.32023 -0.093847 0.11296 -0.46167 0.18355 0.49967 -0.33732 -0.20971 -0.39456 -0.043811 -0.57676 0.36132 0.46517 0.26794
BaseOptimizer	
incrementEvaluationsCount	
test	-0.58342 0.48631 0.7423 0.17875 -1.5873 -0.37499 0.37902 0.70767 -1.5402 0.74851 -0.0069018 -0.44981 -0.11125 0.17395 0.26005 0.27065 0.78731 0.84877 -0.099277 0.017688 0.44389 -0.873 0.4964 -0.1843 0.24894 0.24073 0.08446 0.070786 -0.23216 0.26685 -0.23519 0.45211 -0.39982 0.24936 0.73548 -0.072352 -0.81008 -0.15256 -1.0313 0.23067 -1.1634 0.20387 0.42369 -1.0589 0.29905 0.20036 0.63371 -0.57507 -0.4373 -0.55908 0.50811 0.32673 -0.4371 1.0702 -0.10418 -2.4432 -1.0739 0.10881 1.5446 -0.15633 -0.37779 0.15111 0.58397 0.5498 0.23775 0.8869 -0.1022 -0.041313 -0.19496 -0.1376 -0.00013191 0.6949 0.06623 -0.25647 -0.10539 0.5695 0.17414 -0.59899 -0.86757 -0.31254 0.5456 -0.092359 -0.12294 -0.19419 -1.9168 -0.044395 0.68561 0.2003 -0.37791 0.67436 -0.77218 0.49596 0.005819 0.53833 0.33367 0.97822 0.31984 -0.12619 -0.017724 0.18389
case	0.41052 0.058649 0.28515 -0.099504 0.076813 0.15387 0.36206 -0.10112 0.093865 -0.23309 -0.13663 0.54577 0.0138 0.38415 -0.39695 0.16228 0.099602 0.24988 -0.33659 0.039019 0.33905 -0.66241 0.37472 0.21631 0.16886 0.18165 0.55425 -0.6101 -0.85227 0.36984 0.6891 0.45316 0.082091 0.10839 -0.24239 0.15888 0.11656 -0.060652 0.57618 -0.3042 -0.65261 -0.38063 0.58332 -1.0504 -0.095388 0.014547 0.59942 -0.55361 0.17132 -0.69451 0.99215 -0.39131 0.31876 1.1508 -0.57279 -1.8148 -0.39404 -0.5783 1.9226 0.59717 -0.76435 0.59466 0.28298 -0.25469 1.4569 -0.41196 0.43957 0.74745 -0.67474 0.43792 -0.0045149 -0.03932 -0.03232 0.18805 0.73553 0.14875 -0.066224 -0.56274 -0.92785 0.22184 0.81973 0.0065571 -0.046961 -0.31358 -1.5983 -0.52369 -0.016562 0.094486 -0.15641 -0.66476 -0.14292 -0.47557 -0.44785 0.10048 1.1182 0.54136 -0.030505 -0.37898 0.33021 -0.27462
Simplex	-0.1298 -0.072438 -0.30691 0.39542 -0.54686 0.25327 0.73822 -0.40344 0.60307 -0.13405 0.53929 0.14827 -0.26151 0.45977 0.46271 0.23036 -0.27876 -0.15376 1.163 -0.34095 0.15276 -0.20169 0.33138 0.84443 0.62646 -0.16777 1.4562 0.32543 -0.67108 -0.23581 -0.42274 0.50988 0.094585 0.17178 0.49317 0.47991 0.05225 -0.47297 1.2636 -0.28743 0.19845 0.35311 -0.65453 -0.14895 0.49897 1.4986 0.26173 0.015971 0.25107 0.95285 -0.17041 0.07453 -0.62853 0.38801 -0.36869 0.33076 0.049554 1.0494 0.14902 -0.15831 0.074426 -0.50105 -0.29995 0.27779 0.91909 0.51537 -0.10699 0.20754 0.038565 0.14277 -0.72529 -0.32588 0.37735 0.46295 1.0308 0.00031527 -0.34796 -0.13677 -0.51799 0.32209 -0.17209 -0.64398 -0.025179 -0.088284 0.016061 0.70667 -0.26087 0.17829 -0.17719 -0.15065 -0.88398 0.27025 0.59267 0.1801 0.98245 -0.33175 -0.38591 -0.86509 0.057415 -0.2147
Optimizer	-0.29685 0.59475 0.4746 -0.11835 0.32403 0.55505 -0.38546 -0.21587 0.32649 0.25272 0.068257 -0.28231 -0.52911 -0.63167 -0.4597 0.21272 -0.10645 0.61376 0.30194 0.042009 -0.8078 -0.99817 -0.83066 0.11206 0.32445 0.38881 -0.046723 1.0266 -0.10969 -0.18965 -0.52154 0.44481 -0.031531 0.20231 0.47604 -0.084718 -0.046969 -0.4448 0.32423 -0.57488 -0.29732 0.053794 -0.26884 -0.022808 0.0027875 0.044467 0.067046 0.017895 0.059348 0.27622 -0.43433 0.32963 0.18111 0.28053 0.21807 0.50126 0.12546 0.056736 -0.19987 -0.062615 -0.040405 -0.84336 0.23897 0.48912 -0.30108 0.17079 -0.21862 -0.48624 -0.081876 0.072206 0.11012 -0.024721 0.2956 0.79721 -0.14915 -0.32999 -0.22562 0.38877 0.013647 -0.25896 -0.13485 -0.36784 -0.0095646 -0.53729 0.67377 0.59344 0.80421 0.12066 -0.23098 0.12518 0.19044 0.72469 -0.51397 0.28001 0.57346 0.20433 0.061858 -0.22946 -0.1223 0.20217
Base	-1.5242 0.82006 0.33013 0.2035 -0.081256 -0.24813 -0.19839 -0.47013 -0.78654 1.0942 0.51658 -0.25007 0.35978 0.058756 0.71624 -0.39653 0.47561 -0.068133 -0.13594 0.3058 0.79749 0.58512 -0.040418 0.24655 -0.32709 0.15112 0.25476 -0.33793 0.71605 0.27047 0.18895 0.70528 0.36973 0.065395 0.69779 0.38139 0.19241 0.34667 0.23093 -0.15837 0.23179 -1.0179 0.68786 0.032849 0.47987 -0.1079 -0.035377 -0.38937 -0.080615 -0.2269 -0.42772 0.17325 -0.60162 1.261 -0.55141 -1.8364 -0.19076 -1.105 2.3832 1.0342 -0.24444 0.35988 0.16813 0.3738 0.089343 -0.41264 -0.18375 -0.86637 -0.51972 1.1225 -0.12689 -0.47725 -0.49085 -0.79678 0.32505 -0.12798 0.69755 0.27596 -0.18217 0.72657 -0.141 0.71975 -0.45881 -0.53078 -0.24334 -0.012957 1.3404 0.11425 0.35313 0.39118 0.048065 -0.35888 0.034265 0.10754 -0.31809 0.35993 -0.037708 -0.13866 0.51137 0.57413
Optimizer	-0.29685 0.59475 0.4746 -0.11835 0.32403 0.55505 -0.38546 -0.21587 0.32649 0.25272 0.068257 -0.28231 -0.52911 -0.63167 -0.4597 0.21272 -0.10645 0.61376 0.30194 0.042009 -0.8078 -0.99817 -0.83066 0.11206 0.32445 0.38881 -0.046723 1.0266 -0.10969 -0.18965 -0.52154 0.44481 -0.031531 0.20231 0.47604 -0.084718 -0.046969 -0.4448 0.32423 -0.57488 -0.29732 0.053794 -0.26884 -0.022808 0.0027875 0.044467 0.067046 0.017895 0.059348 0.27622 -0.43433 0.32963 0.18111 0.28053 0.21807 0.50126 0.12546 0.056736 -0.19987 -0.062615 -0.040405 -0.84336 0.23897 0.48912 -0.30108 0.17079 -0.21862 -0.48624 -0.081876 0.072206 0.11012 -0.024721 0.2956 0.79721 -0.14915 -0.32999 -0.22562 0.38877 0.013647 -0.25896 -0.13485 -0.36784 -0.0095646 -0.53729 0.67377 0.59344 0.80421 0.12066 -0.23098 0.12518 0.19044 0.72469 -0.51397 0.28001 0.57346 0.20433 0.061858 -0.22946 -0.1223 0.20217
increment	-0.23068 0.24215 -0.15348 0.11152 -0.0064296 -0.032656 0.0743 0.29822 -0.16862 0.97496 0.11013 0.31293 -0.34576 -0.28044 0.30095 -0.16787 -0.0017768 0.5035 0.47389 0.27097 -0.18226 -0.54918 -1.2381 0.47329 0.25404 -0.38428 0.5858 -0.16039 -0.49908 -1.1641 -0.61157 -0.42188 0.35854 0.12615 0.013614 0.31195 0.4004 -0.10901 0.43642 -0.3068 0.35981 -0.46029 0.42197 0.37204 -0.34253 -0.39641 -0.3267 -0.11549 -0.29078 0.034557 -0.82981 -0.19441 0.09976 0.77301 -0.73935 0.52734 0.36613 -0.66544 0.74629 0.05138 0.1525 -0.68529 -0.57912 0.33344 0.25729 -0.40409 -0.094718 -0.81649 0.98394 -0.6823 -0.24868 -0.78818 0.22605 0.28393 -0.020776 0.090277 -0.10564 -0.48868 -0.24383 0.29533 -0.46672 -0.20106 -0.35089 -0.69267 0.30729 0.22525 0.081461 -0.18071 0.1674 -0.67731 -0.40779 -0.17132 -0.96649 -0.52347 0.45608 -0.016823 1.1332 0.26425 -0.29472 -0.58303
Evaluations	-0.095903 -0.046592 -0.39106 0.044445 -0.77604 -0.070166 0.0092722 0.61319 -0.89908 0.86415 0.17555 -0.37515 0.62045 0.084063 0.28335 0.13836 0.25319 0.53058 0.27113 0.62537 -0.39787 -0.80733 -0.60795 0.56651 -0.9046 -0.60173 0.045774 0.29334 -0.46144 -0.3187 0.025596 -0.36597 -0.25263 0.43968 -0.063441 0.42325 -0.28935 0.17299 -0.86528 -0.55065 -0.16613 0.40192 -0.78279 0.20656 -0.6207 -0.27257 -0.34498 -0.6653 -0.34469 -0.29861 0.27166 -0.24957 -0.93233 0.569 0.39202 0.22974 0.87188 -0.62616 0.42572 -0.10548 -0.027792 0.59496 0.41409 0.38674 0.13952 -0.44494 0.12032 -0.16668 0.12236 0.13528 -0.027079 0.49747 0.50138 -0.15558 -0.17793 0.37067 -0.20428 -0.25473 -0.42713 -0.69154 0.21029 0.41179 -0.43326 -0.16004 -1.636 -0.1531 0.20558 0.031185 -0.55159 -0.52513 -0.5134 0.057548 -0.3427 0.2463 0.9649 1.1631 0.54325 0.012323 -0.25935 0.45101
Count	-0.29664 -0.083969 0.64583 0.16915 -0.26365 0.85579 0.34441 -0.15768 -0.5498 -0.021618 0.017653 0.46306 -0.1771 0.045645 0.27201 -0.3707 0.074057 0.0067476 -0.13417 0.73767 -0.14336 -0.35796 0.58186 0.062527 -0.25285 -0.60365 -0.40286 -0.3995 0.92661 -0.4727 0.63815 -0.73097 0.65542 -0.26578 0.35721 -0.23463 0.20827 -0.48026 0.12399 0.28 0.30804 0.040766 0.00029155 -0.99708 -0.74376 -1.2864 -0.1584 -1.6539 -0.5964 -0.52591 0.51922 -0.046311 -0.15565 0.84776 -0.33309 -1.2508 -0.43434 0.43737 0.84141 0.42705 -0.10402 0.089174 -0.12029 0.1628 0.5084 -0.057422 -0.4551 0.26357 0.13606 0.36933 -0.1002 -0.38521 0.16901 -0.36624 0.41212 0.58021 -0.38027 -0.49239 -0.25847 0.62725 0.76372 0.9145 -1.0265 -0.094892 -1.4044 -0.93143 0.095343 -1.2972 0.27589 -0.58118 -0.44588 -0.55301 0.58856 0.22914 0.3185 -0.21879 0.10596 -0.094906 0.41845 -0.89403

Notice	0.1377 -0.50407 -0.10825 -0.24993 -0.2414 0.37488 -0.59768 0.40889 0.31982 -0.42655 0.21968 0.046739 -0.024137 -0.32951 0.15052 -0.019726 -0.079473 0.38083 -0.084097 0.060019 -0.27227 0.35638 -0.50888 -0.52724 0.17633 0.083691 -0.024426 -0.026102 0.23839 -0.62711 0.47577 0.0080013 0.19785 -0.20948 -0.42434 0.50117 -0.21612 -0.70967 -0.068078 -0.12871 -0.21561 0.65047 0.3222 -0.48433 0.1309 -0.28876 -0.024639 -0.17111 0.26556 -1.0098 1.1561 -0.27061 -0.17188 0.44894 0.0501 -1.2639 -0.026029 -0.6504 1.7581 0.10591 -0.35419 0.85388 -0.52109 0.054676 0.84835 -0.18195 -0.25612 0.16759 -0.24522 -0.049498 -0.44713 -0.21599 0.20364 -0.52343 0.33643 0.95389 -0.042714 -0.31999 -0.9549 -0.42728 0.14535 -1.0337 -0.54581 -0.26929 -1.0983 -0.43663 0.33129 -0.040679 0.10304 0.17243 0.057029 -0.29187 0.012422 -0.32158 0.037469 0.61936 -0.01076 0.065232 -0.30731 0.14084
evaluations	-0.095903 -0.046592 -0.39106 0.044445 -0.77604 -0.070166 0.0092722 0.61319 -0.89908 0.86415 0.17555 -0.37515 0.62045 0.084063 0.28335 0.13836 0.25319 0.53058 0.27113 0.62537 -0.39787 -0.80733 -0.60795 0.56651 -0.9046 -0.60173 0.045774 0.29334 -0.46144 -0.3187 0.025596 -0.36597 -0.25263 0.43968 -0.063441 0.42325 -0.28935 0.17299 -0.86528 -0.55065 -0.16613 0.40192 -0.78279 0.20656 -0.6207 -0.27257 -0.34498 -0.6653 -0.34469 -0.29861 0.27166 -0.24957 -0.93233 0.569 0.39202 0.22974 0.87188 -0.62616 0.42572 -0.10548 -0.027792 0.59496 0.41409 0.38674 0.13952 -0.44494 0.12032 -0.16668 0.12236 0.13528 -0.027079 0.49747 0.50138 -0.15558 -0.17793 0.37067 -0.20428 -0.25473 -0.42713 -0.69154 0.21029 0.41179 -0.43326 -0.16004 -1.636 -0.1531 0.20558 0.031185 -0.55159 -0.52513 -0.5134 0.057548 -0.3427 0.2463 0.9649 1.1631 0.54325 0.012323 -0.25935 0.45101
count	-0.29664 -0.083969 0.64583 0.16915 -0.26365 0.85579 0.34441 -0.15768 -0.5498 -0.021618 0.017653 0.46306 -0.1771 0.045645 0.27201 -0.3707 0.074057 0.0067476 -0.13417 0.73767 -0.14336 -0.35796 0.58186 0.062527 -0.25285 -0.60365 -0.40286 -0.3995 0.92661 -0.4727 0.63815 -0.73097 0.65542 -0.26578 0.35721 -0.23463 0.20827 -0.48026 0.12399 0.28 0.30804 0.040766 0.00029155 -0.99708 -0.74376 -1.2864 -0.1584 -1.6539 -0.5964 -0.52591 0.51922 -0.046311 -0.15565 0.84776 -0.33309 -1.2508 -0.43434 0.43737 0.84141 0.42705 -0.10402 0.089174 -0.12029 0.1628 0.5084 -0.057422 -0.4551 0.26357 0.13606 0.36933 -0.1002 -0.38521 0.16901 -0.36624 0.41212 0.58021 -0.38027 -0.49239 -0.25847 0.62725 0.76372 0.9145 -1.0265 -0.094892 -1.4044 -0.93143 0.095343 -1.2972 0.27589 -0.58118 -0.44588 -0.55301 0.58856 0.22914 0.3185 -0.21879 0.10596 -0.094906 0.41845 -0.89403
correctly	-0.53502 0.095757 0.33658 0.40876 -0.38716 0.24138 -0.0089747 -0.33031 0.33515 0.067747 0.056111 0.5802 0.31186 -0.27361 0.095428 -0.47785 0.21644 0.90932 -0.54405 -0.68443 -0.076511 -0.37036 -0.20985 -0.54347 -0.32445 -0.84136 -0.54702 -0.020935 0.0066947 -0.10563 0.24692 0.74947 -0.027213 0.096215 0.70622 0.21556 -0.69759 -0.02886 -0.12844 -0.61485 -0.237 0.13973 -0.35997 -0.2348 -0.98919 -0.16286 0.28151 -0.77868 -1.0049 -0.88122 0.39939 -0.17058 0.91496 0.7732 -0.44569 -0.44593 0.013523 0.33091 0.090373 0.32633 -0.22377 0.58147 -0.31791 -0.10657 0.029142 -0.092223 -0.25217 0.14442 -0.40358 0.49555 -0.47809 0.9003 0.6239 0.017696 0.74738 -0.17361 -0.78122 -0.38788 -0.21246 -0.37883 0.18637 -0.40299 -1.6988 -0.094481 -1.1622 -0.56797 0.53587 -0.19901 -0.43529 0.0051463 -0.63295 0.45277 -0.081267 -0.56808 0.19994 0.26272 0.046422 -0.23065 0.032426 -0.22379
incremented	-0.64941 0.79848 -0.12354 0.25697 0.38992 1.0361 0.058946 -0.13115 0.25528 -0.53861 -0.069978 0.50394 0.37836 -0.37875 0.65495 -0.11586 -0.60557 0.81018 -0.065477 -0.42586 -0.15704 -0.66828 -0.30624 0.44925 -0.12487 -0.18478 0.22658 0.059067 -0.13619 -0.036857 -0.24715 0.0010902 0.65006 0.20079 0.51769 -0.044056 -0.44748 -0.61753 -0.28681 -0.5736 0.34287 0.051668 -0.19038 0.20567 0.59907 -0.15351 0.1909 -0.14807 -0.63409 0.33011 -0.06665 0.30355 0.17644 0.028886 -0.12476 0.61638 0.20002 -0.003381 -0.26918 -0.95446 0.4085 -0.51976 -0.060647 0.29014 -0.20758 -0.55637 -0.15141 0.29502 0.17705 0.21115 -0.20539 0.10952 0.11269 0.68972 0.037457 0.022524 -0.13376 -0.48658 0.099175 0.047989 -0.68318 -0.2796 -0.30865 -0.28962 0.06953 -0.4736 -0.14752 0.22321 -0.26538 -0.17304 -0.94472 0.82405 -0.1581 -0.086866 0.26061 -0.21667 0.68894 0.025296 -0.35212 0.067301
iterations	-0.5979 0.045235 -0.18973 0.39459 0.17653 0.24053 0.20704 0.36615 -0.045302 0.16264 0.5913 0.11386 0.30029 0.019608 0.30148 -0.10997 -0.56615 0.98688 0.49498 0.21761 0.20331 -0.17458 -0.49698 0.41132 -0.027526 -0.13436 1.0052 0.17189 0.061287 -0.40186 -0.015832 -0.24657 -0.36951 -0.18854 0.12283 0.60293 -0.47144 -1.083 -0.010964 -0.46449 -0.061296 -0.11712 -0.15792 0.72599 -0.81309 0.48958 0.14269 -0.28283 0.20352 0.78998 -0.11111 -0.25784 0.34452 -0.12535 0.23277 0.23574 0.15848 0.27724 -0.52655 0.12572 -0.5351 0.0034495 0.0089104 0.88157 0.36321 -0.12453 -0.59148 -1.0459 0.1703 -0.29764 -0.074901 0.34603 0.041886 -0.23962 -0.17548 -0.26813 -0.27027 -0.48439 -0.44581 -0.36668 -0.12608 -0.2315 -0.27832 0.14726 -0.96016 0.75454 0.1213 -0.56234 -0.38997 -0.079411 -0.33382 0.8606 -0.75433 -0.017816 -0.08635 -0.5678 -0.11034 0.049097 0.091189 0.024434
count	-0.29664 -0.083969 0.64583 0.16915 -0.26365 0.85579 0.34441 -0.15768 -0.5498 -0.021618 0.017653 0.46306 -0.1771 0.045645 0.27201 -0.3707 0.074057 0.0067476 -0.13417 0.73767 -0.14336 -0.35796 0.58186 0.062527 -0.25285 -0.60365 -0.40286 -0.3995 0.92661 -0.4727 0.63815 -0.73097 0.65542 -0.26578 0.35721 -0.23463 0.20827 -0.48026 0.12399 0.28 0.30804 0.040766 0.00029155 -0.99708 -0.74376 -1.2864 -0.1584 -1.6539 -0.5964 -0.52591 0.51922 -0.046311 -0.15565 0.84776 -0.33309 -1.2508 -0.43434 0.43737 0.84141 0.42705 -0.10402 0.089174 -0.12029 0.1628 0.5084 -0.057422 -0.4551 0.26357 0.13606 0.36933 -0.1002 -0.38521 0.16901 -0.36624 0.41212 0.58021 -0.38027 -0.49239 -0.25847 0.62725 0.76372 0.9145 -1.0265 -0.094892 -1.4044 -0.93143 0.095343 -1.2972 0.27589 -0.58118 -0.44588 -0.55301 0.58856 0.22914 0.3185 -0.21879 0.10596 -0.094906 0.41845 -0.89403
noformat	
Test	-0.58342 0.48631 0.7423 0.17875 -1.5873 -0.37499 0.37902 0.70767 -1.5402 0.74851 -0.0069018 -0.44981 -0.11125 0.17395 0.26005 0.27065 0.78731 0.84877 -0.099277 0.017688 0.44389 -0.873 0.4964 -0.1843 0.24894 0.24073 0.08446 0.070786 -0.23216 0.26685 -0.23519 0.45211 -0.39982 0.24936 0.73548 -0.072352 -0.81008 -0.15256 -1.0313 0.23067 -1.1634 0.20387 0.42369 -1.0589 0.29905 0.20036 0.63371 -0.57507 -0.4373 -0.55908 0.50811 0.32673 -0.4371 1.0702 -0.10418 -2.4432 -1.0739 0.10881 1.5446 -0.15633 -0.37779 0.15111 0.58397 0.5498 0.23775 0.8869 -0.1022 -0.041313 -0.19496 -0.1376 -0.00013191 0.6949 0.06623 -0.25647 -0.10539 0.5695 0.17414 -0.59899 -0.86757 -0.31254 0.5456 -0.092359 -0.12294 -0.19419 -1.9168 -0.044395 0.68561 0.2003 -0.37791 0.67436 -0.77218 0.49596 0.005819 0.53833 0.33367 0.97822 0.31984 -0.12619 -0.017724 0.18389
public	0.27528 0.22559 -0.29646 -0.19067 0.18936 0.61855 -0.89264 0.28183 0.40389 -0.065414 -0.50938 -0.08886 -0.20152 -0.13439 -0.021077 -0.24169 0.54612 0.65442 -0.48053 0.39893 -0.28369 0.13064 0.28003 -0.58927 -0.35813 -0.58996 0.20764 0.030577 -0.24032 0.17751 0.38048 0.5518 -0.043817 0.59522 -0.83406 0.62643 -0.3808 0.0078803 -0.3535 0.4471 -0.30419 -0.55965 -0.28996 0.19426 0.20166 -0.27511 0.49588 -0.42664 0.10917 -0.87574 0.23565 -0.68206 0.22442 0.74806 -0.19348 -2.6988 0.71671 -0.45328 2.2088 0.02737 -0.099598 0.16888 0.14004 0.13678 0.78804 0.045185 0.42819 -0.036869 1.0838 0.062532 -0.040702 -0.27305 0.29982 -0.58137 -0.20059 0.29416 0.35478 0.28035 -1.3558 -0.53859 1.0382 0.010252 0.44126 0.46009 -1.5 -0.34445 -0.65755 0.6388 0.18468 -0.70406 0.25236 -0.50973 -0.17074 0.42255 -0.44975 0.63835 0.28452 -0.4795 0.59833 0.2318
void	0.45048 -0.29114 0.35896 -0.36875 -0.14341 0.21088 -0.40443 0.078197 0.66459 0.087894 -0.23002 -0.057786 0.31533 -0.63093 0.1943 -0.74203 0.60223 1.1905 0.26044 0.076813 -0.14641 0.19698 0.0020339 -0.32311 0.98226 -0.34056 0.52469 0.18156 0.2685 -0.24016 0.70354 -0.2537 -0.17451 -0.6449 -0.69952 -0.0025782 0.31347 0.10532 -0.53005 -0.38257 -0.0086198 0.12806 0.20828 -0.61822 -0.009817 -0.13673 -0.2286 0.88521 -0.66454 0.38073 0.19823 -0.013422 0.37759 0.7803 0.15908 -1.2115 0.49671 -0.27838 0.97573 0.49127 -0.33934 -0.24914 -0.39227 -0.15778 0.73134 -0.27663 0.75974 -0.48518 -0.85091 -0.78924 0.38686 -0.13663 -0.015907 -0.001638 0.2515 0.13338 -0.17415 0.067033 -0.080699 0.38118 -0.43479 -0.29665 0.032879 0.04926 -0.53724 -0.34685 0.63794 -0.1478 -0.13172 -0.43358 -0.56382 0.19125 -0.48291 0.71199 0.67556 0.28766 0.46217 0.36144 -0.50362 0.062256
testGetIterations	
setup	-0.25536 0.20097 0.49681 -0.54355 -0.59471 -0.025956 0.19683 0.29788 -0.21614 0.35637 0.28907 -0.30884 0.22986 -0.43327 0.64489 0.18954 -0.069115 -0.1083 0.31088 0.12629 -0.42574 -0.47988 0.0064594 -0.54485 0.48997 -0.72417 -0.15457 0.072843 -0.40288 -0.39251 -0.22785 0.66771 -0.046018 -0.27854 0.58687 -0.046892 -0.7461 -0.19976 0.64975 -0.73284 0.78167 0.32031 0.60705 -0.14304 -0.39366 0.031421 0.12951 -0.42149 0.088791 0.10333 -0.17298 -0.061948 -0.55825 0.46993 0.16667 -0.99236 -0.3254 0.34329 0.96311 0.57217 -0.167 -0.029001 -0.056508 0.061581 0.34585 -0.48849 -0.025111 -0.36559 -0.44738 0.091867 0.24064 -0.19108 -0.23475 -0.41406 0.29684 0.31357 -0.25474 0.23345 0.67977 -0.10924 -0.3463 -0.012638 -0.16138 -0.22295 -1.3314 1.2105 0.1873 0.12825 -0.26043 -0.29465 -0.34159 0.10409 -0.081378 0.21734 1.0232 0.050411 0.01187 -0.034225 0.61811 0.18456
LevenbergMarquardtOptimizer	
otim	-0.086964 -0.28523 -0.56883 0.2203 -0.039176 -0.67766 0.15192 0.17369 0.43163 -0.26403 -0.21353 0.28582 -0.072185 -0.61189 0.49331 0.18538 -0.24549 0.090669 -0.2971 -0.20704 -0.41263 -0.22648 -0.27967 -0.18821 0.030243 0.21791 0.31488 -0.007629 -0.37645 0.26602 -0.012017 -0.33276 0.35129 0.21543 -0.1441 -0.069207 0.026596 0.019903 0.12295 0.22251 0.036756 0.32569 -0.48312 0.39369 -0.13713 -0.0078494 -0.090025 0.28229 0.044073 0.16077 0.015021 -0.11819 -0.17719 -0.28855 0.033284 0.92216 0.24276 0.20375 -0.70543 -0.062924 0.17394 -0.70669 0.3584 -0.27157 -0.53361 -0.17325 -0.16675 -0.052753 -0.50903 0.16223 0.20158 0.057924 0.06252 -0.072345 -0.18439 -0.016278 0.26659 0.19666 0.14065 0.16427 -0.087079 -0.18365 0.12372 -0.5651 0.6839 -0.2202 -0.022382 -0.058839 -0.090656 0.26278 0.15643 -0.059306 0.19893 -0.05069 0.13011 0.0030316 -0.068018 -0.22549 -0.76936 -0.32679
LevenbergMarquardtOptimizer	
action	0.15361 -0.23028 -0.13785 -0.33381 -0.1692 0.20648 -0.52062 0.050359 -0.45622 0.067293 0.12352 -0.47326 -0.3427 -0.3881 -0.055537 0.60252 -0.28944 0.24895 -0.32947 0.18733 1.0086 -0.52094 -0.052571 -0.14725 0.01307 0.87812 0.035201 -0.019695 -0.27827 -0.10851 -0.095032 0.51762 -0.43206 -0.10844 0.39139 -0.33039 0.23574 -0.3967 -0.59938 0.045518 -1.0133 0.085907 -0.085442 -0.27218 0.17341 -0.43363 -0.22604 -0.26621 -0.46305 -0.52453 0.23799 0.26374 0.038353 1.1776 0.081402 -2.1597 0.22973 -0.47575 1.7648 0.61523 -0.24286 0.68164 -0.2642 0.025848 1.1915 -0.2301 -0.43394 0.50849 -0.15991 -0.11117 0.5634 -0.82533 -0.44134 -0.3453 0.30304 0.10728 -0.24844 0.29823 -0.87395 -0.11774 0.30231 -0.48432 0.0070773 0.21348 -1.5359 0.041693 -0.30095 0.22936 0.19566 -0.87984 -0.23097 -0.49056 -0.57858 0.48505 0.43462 0.33035 0.38916 -0.068042 0.77315 0.064355
otim	-0.086964 -0.28523 -0.56883 0.2203 -0.039176 -0.67766 0.15192 0.17369 0.43163 -0.26403 -0.21353 0.28582 -0.072185 -0.61189 0.49331 0.18538 -0.24549 0.090669 -0.2971 -0.20704 -0.41263 -0.22648 -0.27967 -0.18821 0.030243 0.21791 0.31488 -0.007629 -0.37645 0.26602 -0.012017 -0.33276 0.35129 0.21543 -0.1441 -0.069207 0.026596 0.019903 0.12295 0.22251 0.036756 0.32569 -0.48312 0.39369 -0.13713 -0.0078494 -0.090025 0.28229 0.044073 0.16077 0.015021 -0.11819 -0.17719 -0.28855 0.033284 0.92216 0.24276 0.20375 -0.70543 -0.062924 0.17394 -0.70669 0.3584 -0.27157 -0.53361 -0.17325 -0.16675 -0.052753 -0.50903 0.16223 0.20158 0.057924 0.06252 -0.072345 -0.18439 -0.016278 0.26659 0.19666 0.14065 0.16427 -0.087079 -0.18365 0.12372 -0.5651 0.6839 -0.2202 -0.022382 -0.058839 -0.090656 0.26278 0.15643 -0.059306 0.19893 -0.05069 0.13011 0.0030316 -0.068018 -0.22549 -0.76936 -0.32679
optimize	-0.30027 -0.055488 -0.54583 0.91671 -0.41565 -0.21959 -0.66766 0.32379 -0.13826 1.1972 0.0064776 0.042596 0.32375 -0.62964 -0.11496 -0.09708 0.19091 0.34632 -0.11713 0.27677 -0.74642 -0.72902 0.063838 0.28285 -0.77472 -0.42884 -0.54604 0.4532 -0.14614 -0.092544 -0.86152 0.83273 -0.35098 -0.017607 -0.17705 0.14155 -0.46777 0.23264 -0.2625 -0.89099 0.20715 -0.23975 -0.96489 0.20574 -0.51202 0.8044 -0.38944 -0.29428 -0.1549 -0.3694 -0.67726 0.82467 -0.79428 0.64338 0.17284 0.2685 0.51549 -0.4762 0.65058 -0.76453 -0.79522 -0.23264 -0.42775 0.54583 0.0049653 -0.48292 0.16547 -0.36537 0.66184 -0.26794 1.0281 -0.32799 0.68104 -0.24265 0.31294 -0.31532 -0.22766 -0.16579 0.35033 0.0437 0.15296 0.59438 -0.76217 -0.11994 -0.72125 0.73509 0.15642 -0.27636 -0.66641 0.26108 -0.37923 0.41845 0.25172 -0.7562 0.43665 -0.53718 0.61117 -1.0058 0.41045 -0.11139
MaxEval	
Target	-0.15213 -0.044452 0.062464 -0.14832 0.19455 -0.52543 -0.29669 -0.38321 -0.29423 1.1856 0.32491 -0.069849 -0.087439 -0.43516 0.65873 0.2818 -0.5481 0.3012 -0.45379 0.50176 0.6899 -0.64897 0.10446 0.21802 -0.32945 0.30337 -0.071496 -0.071442 -0.46081 -0.03361 0.34273 0.43431 0.31544 -0.077866 0.98962 -0.019323 0.13972 -0.13907 0.040031 0.083656 -0.014406 0.094499 0.3105 0.54956 0.69413 0.097833 0.30576 -0.10744 -1.1771 -0.61104 0.32683 -0.073247 0.036507 1.1431 -0.11888 -2.1822 -0.48277 -0.34 1.6367 0.11302 0.15581 0.023359 -0.019304 0.33077 0.43931 -0.042532 -0.29528 0.30711 0.45575 -0.29398 0.006419 -0.73579 0.024784 -0.29618 -0.45029 -0.53582 0.12596 -0.22207 -0.82844 -0.15498 0.54896 0.25416 -0.95597 -0.37342 -1.0319 -0.5602 0.29458 0.32593 0.12214 0.21685 -0.48585 0.84429 0.61489 -0.57408 -0.6715 0.042833 -0.11258 0.37082 0.53503 0.15321
double	0.22832 0.34314 0.34916 -0.062292 0.58088 0.076693 -0.033078 0.18288 -0.43578 0.46312 0.22758 0.0066902 -0.090716 1.0973 0.29967 0.14418 -0.60248 0.47535 -0.037224 -0.36675 1.1219 -0.1294 -0.50331 0.58335 0.79264 -0.26178 -0.23382 -0.48055 0.087966 -0.75332 -0.1899 0.44444 0.0093678 0.044959 0.68601 -0.091632 -0.67163 0.54273 0.26784 0.64011 0.60244 -0.19369 0.082975 0.10601 0.49757 0.13826 0.43512 -1.303 -0.30877 -0.63144 -0.31466 -0.025677 -0.47305 0.57616 -0.17668 -2.8022 0.39615 0.33021 1.5153 1.039 -0.31545 -0.17695 -0.12297 -0.13058 0.30818 -0.34138 0.33992 0.14005 -0.21849 -0.5885 -0.74803 0.4034 -0.38642 -0.001092 0.20563 0.47726 -0.038138 -0.52337 0.082651 0.049846 0.62978 0.33405 -0.41248 -0.048782 -0.92659 -0.27725 0.24716 -0.44634 -0.093081 -0.039981 -0.42962 0.00028856 -0.36535 -0.63623 -0.027466 -0.53548 0.13744 -0.41304 0.43853 -0.97321
Weight	0.049391 0.57841 0.042613 0.15402 -1.1793 -0.049339 -0.31698 -0.034714 -0.65362 0.54661 0.40948 -0.091543 0.075315 -0.30509 0.11866 -0.1482 -0.76319 0.41971 0.12254 -0.62683 0.25998 0.026288 -0.47645 0.044146 0.38156 0.65086 -0.3247 -0.97131 0.092772 0.49102 0.35501 -0.082857 -0.24402 -0.18778 -0.094213 0.062297 0.64977 1.1433 -0.54318 0.56565 0.10298 -0.69154 -0.025361 -1.2587 -0.27075 0.033644 -0.13208 -0.27943 -0.89206 -0.31943 0.47652 -0.031928 -0.022359 1.5557 0.91262 -1.7721 -0.045665 -0.13823 1.4084 0.41112 0.71446 0.29048 -0.16477 0.84665 0.28403 0.3288 -0.0077739 -0.54344 0.33345 -0.056057 -0.095873 -0.36661 0.50238 1.273 0.25768 0.30544 -0.72644 -0.60304 -0.29277 -0.0060451 -0.25647 -0.31702 -0.47089 -0.42947 -0.91459 -0.56394 0.34339 -0.58674 -0.82687 0.25375 -0.40586 0.11072 0.53778 -0.14829 -0.079888 -0.40473 -0.087451 -0.7775 1.2621 0.38193
double	0.22832 0.34314 0.34916 -0.062292 0.58088 0.076693 -0.033078 0.18288 -0.43578 0.46312 0.22758 0.0066902 -0.090716 1.0973 0.29967 0.14418 -0.60248 0.47535 -0.037224 -0.36675 1.1219 -0.1294 -0.50331 0.58335 0.79264 -0.26178 -0.23382 -0.48055 0.087966 -0.75332 -0.1899 0.44444 0.0093678 0.044959 0.68601 -0.091632 -0.67163 0.54273 0.26784 0.64011 0.60244 -0.19369 0.082975 0.10601 0.49757 0.13826 0.43512 -1.303 -0.30877 -0.63144 -0.31466 -0.025677 -0.47305 0.57616 -0.17668 -2.8022 0.39615 0.33021 1.5153 1.039 -0.31545 -0.17695 -0.12297 -0.13058 0.30818 -0.34138 0.33992 0.14005 -0.21849 -0.5885 -0.74803 0.4034 -0.38642 -0.001092 0.20563 0.47726 -0.038138 -0.52337 0.082651 0.049846 0.62978 0.33405 -0.41248 -0.048782 -0.92659 -0.27725 0.24716 -0.44634 -0.093081 -0.039981 -0.42962 0.00028856 -0.36535 -0.63623 -0.027466 -0.53548 0.13744 -0.41304 0.43853 -0.97321
InitialGuess	
double	0.22832 0.34314 0.34916 -0.062292 0.58088 0.076693 -0.033078 0.18288 -0.43578 0.46312 0.22758 0.0066902 -0.090716 1.0973 0.29967 0.14418 -0.60248 0.47535 -0.037224 -0.36675 1.1219 -0.1294 -0.50331 0.58335 0.79264 -0.26178 -0.23382 -0.48055 0.087966 -0.75332 -0.1899 0.44444 0.0093678 0.044959 0.68601 -0.091632 -0.67163 0.54273 0.26784 0.64011 0.60244 -0.19369 0.082975 0.10601 0.49757 0.13826 0.43512 -1.303 -0.30877 -0.63144 -0.31466 -0.025677 -0.47305 0.57616 -0.17668 -2.8022 0.39615 0.33021 1.5153 1.039 -0.31545 -0.17695 -0.12297 -0.13058 0.30818 -0.34138 0.33992 0.14005 -0.21849 -0.5885 -0.74803 0.4034 -0.38642 -0.001092 0.20563 0.47726 -0.038138 -0.52337 0.082651 0.049846 0.62978 0.33405 -0.41248 -0.048782 -0.92659 -0.27725 0.24716 -0.44634 -0.093081 -0.039981 -0.42962 0.00028856 -0.36535 -0.63623 -0.027466 -0.53548 0.13744 -0.41304 0.43853 -0.97321
ModelFunction	
MultivariateVectorFunction	
Override	-0.41995 -0.54195 0.90953 0.31527 -0.23928 0.32807 -0.59189 -0.0014713 0.39047 -0.5267 -0.37091 0.082242 -0.72208 -0.33301 -0.60206 -0.23594 -0.12289 1.1418 0.17972 -0.57364 -0.070473 -0.90909 0.58138 -0.25594 0.46171 -0.49262 -0.48538 -0.38112 0.026385 -0.34846 1.0094 -0.036515 0.066833 0.36144 -0.20521 0.8643 0.3445 -0.66178 0.16093 0.66139 0.029242 -0.53328 0.35513 -0.52527 -0.97479 -0.51194 0.57935 -0.87339 -1.204 -0.12496 -0.73291 0.86973 -0.34726 0.17268 0.73783 -0.05084 1.1373 -0.0055439 0.45677 -0.35208 0.017543 -0.26002 0.7217 0.77776 0.1384 -0.066486 -0.029335 -0.14445 -0.39927 -1.0211 -0.038455 0.29068 0.01386 -0.15493 0.15418 -0.093046 -1.0234 -0.13646 -0.89098 -0.017737 0.10537 -0.9628 -0.60925 -0.28805 -1.0014 0.23208 1.3091 0.77867 0.21022 -0.80899 0.4466 -0.078953 -0.27907 0.54229 -0.60078 0.42063 -0.028589 -0.2489 0.36333 -0.91271
public	0.27528 0.22559 -0.29646 -0.19067 0.18936 0.61855 -0.89264 0.28183 0.40389 -0.065414 -0.50938 -0.08886 -0.20152 -0.13439 -0.021077 -0.24169 0.54612 0.65442 -0.48053 0.39893 -0.28369 0.13064 0.28003 -0.58927 -0.35813 -0.58996 0.20764 0.030577 -0.24032 0.17751 0.38048 0.5518 -0.043817 0.59522 -0.83406 0.62643 -0.3808 0.0078803 -0.3535 0.4471 -0.30419 -0.55965 -0.28996 0.19426 0.20166 -0.27511 0.49588 -0.42664 0.10917 -0.87574 0.23565 -0.68206 0.22442 0.74806 -0.19348 -2.6988 0.71671 -0.45328 2.2088 0.02737 -0.099598 0.16888 0.14004 0.13678 0.78804 0.045185 0.42819 -0.036869 1.0838 0.062532 -0.040702 -0.27305 0.29982 -0.58137 -0.20059 0.29416 0.35478 0.28035 -1.3558 -0.53859 1.0382 0.010252 0.44126 0.46009 -1.5 -0.34445 -0.65755 0.6388 0.18468 -0.70406 0.25236 -0.50973 -0.17074 0.42255 -0.44975 0.63835 0.28452 -0.4795 0.59833 0.2318
double	0.22832 0.34314 0.34916 -0.062292 0.58088 0.076693 -0.033078 0.18288 -0.43578 0.46312 0.22758 0.0066902 -0.090716 1.0973 0.29967 0.14418 -0.60248 0.47535 -0.037224 -0.36675 1.1219 -0.1294 -0.50331 0.58335 0.79264 -0.26178 -0.23382 -0.48055 0.087966 -0.75332 -0.1899 0.44444 0.0093678 0.044959 0.68601 -0.091632 -0.67163 0.54273 0.26784 0.64011 0.60244 -0.19369 0.082975 0.10601 0.49757 0.13826 0.43512 -1.303 -0.30877 -0.63144 -0.31466 -0.025677 -0.47305 0.57616 -0.17668 -2.8022 0.39615 0.33021 1.5153 1.039 -0.31545 -0.17695 -0.12297 -0.13058 0.30818 -0.34138 0.33992 0.14005 -0.21849 -0.5885 -0.74803 0.4034 -0.38642 -0.001092 0.20563 0.47726 -0.038138 -0.52337 0.082651 0.049846 0.62978 0.33405 -0.41248 -0.048782 -0.92659 -0.27725 0.24716 -0.44634 -0.093081 -0.039981 -0.42962 0.00028856 -0.36535 -0.63623 -0.027466 -0.53548 0.13744 -0.41304 0.43853 -0.97321
double	0.22832 0.34314 0.34916 -0.062292 0.58088 0.076693 -0.033078 0.18288 -0.43578 0.46312 0.22758 0.0066902 -0.090716 1.0973 0.29967 0.14418 -0.60248 0.47535 -0.037224 -0.36675 1.1219 -0.1294 -0.50331 0.58335 0.79264 -0.26178 -0.23382 -0.48055 0.087966 -0.75332 -0.1899 0.44444 0.0093678 0.044959 0.68601 -0.091632 -0.67163 0.54273 0.26784 0.64011 0.60244 -0.19369 0.082975 0.10601 0.49757 0.13826 0.43512 -1.303 -0.30877 -0.63144 -0.31466 -0.025677 -0.47305 0.57616 -0.17668 -2.8022 0.39615 0.33021 1.5153 1.039 -0.31545 -0.17695 -0.12297 -0.13058 0.30818 -0.34138 0.33992 0.14005 -0.21849 -0.5885 -0.74803 0.4034 -0.38642 -0.001092 0.20563 0.47726 -0.038138 -0.52337 0.082651 0.049846 0.62978 0.33405 -0.41248 -0.048782 -0.92659 -0.27725 0.24716 -0.44634 -0.093081 -0.039981 -0.42962 0.00028856 -0.36535 -0.63623 -0.027466 -0.53548 0.13744 -0.41304 0.43853 -0.97321
point	0.17269 -0.027609 0.49901 0.3359 -0.17481 -0.45102 0.28994 0.095743 0.077675 -0.2915 0.086901 0.33124 -0.96975 -0.23638 0.49925 -0.12579 -0.091084 -0.11228 -0.46179 0.059011 0.99952 0.20905 -0.36568 0.026814 0.91803 -0.20686 -0.3063 -0.52311 0.05531 -0.39373 -0.24968 0.19493 0.40001 0.29533 0.05328 -0.061191 -0.24176 0.50774 0.44168 -0.44659 -0.64886 -0.51773 0.16947 -0.095477 -0.15267 0.15894 0.40236 -0.081701 -0.20263 -0.3982 0.68833 -0.41834 0.021512 1.3422 -0.010876 -2.6738 0.010857 -0.84325 1.7849 0.81014 -0.45253 0.093734 -0.22753 0.45456 0.53085 -0.10996 0.2547 0.29388 0.28844 0.28078 -0.61907 0.2029 0.49334 -0.4813 -0.018985 -0.40039 -0.084888 -0.10308 -0.41933 -0.082902 -0.073936 0.32672 -1.2724 -0.35077 -1.2825 -0.16007 -0.09911 0.20165 0.62445 -0.21343 -1.2574 0.39347 -0.48857 0.25024 -0.85545 -0.32242 -0.39019 -0.36885 0.24223 0.6136
throws	0.35576 -0.33438 0.4917 -0.55866 -0.095661 0.53395 0.077418 -0.31087 -0.65219 -0.23952 0.40965 0.11571 -0.86083 0.50136 0.20936 0.56206 -1.0422 0.64226 -0.53836 0.44674 0.33129 0.27248 -0.25997 -0.084802 0.9561 0.039719 -1.283 -0.061871 -0.1041 -0.13875 -0.14981 0.80023 0.12525 -0.21259 -0.2098 -0.49158 0.085354 -0.088923 -0.30432 0.66767 -0.52037 -0.041692 0.49437 -0.8011 -0.98521 -0.41667 -0.63861 -0.14747 -0.090033 -0.056524 -0.22023 0.20886 0.17026 0.48436 0.31981 -1.3845 -0.70793 0.1861 0.51477 0.89605 -0.71843 0.18448 -0.43407 0.8068 -0.39738 -0.32239 0.57906 -0.56353 -0.80997 0.084515 -0.21024 -0.07607 0.34142 0.6919 0.47819 0.44798 -0.87119 -0.42667 0.49032 0.54361 0.055297 0.72997 -0.92763 -0.1127 -0.29639 -0.3549 0.63824 0.20379 0.63032 0.24101 0.027861 -0.22498 -0.58631 -0.69918 -0.17787 -0.031047 -0.14085 0.15588 -0.046856 0.39895
IllegalArgumentException	
return	0.10483 -0.20148 0.20761 -0.24741 -0.13387 0.1678 -0.17015 0.31613 -0.085635 0.22753 -0.12968 0.66281 0.34332 0.11174 -0.062333 -0.47705 0.38937 0.17352 -0.1497 0.57772 0.20197 -0.19238 -0.21633 0.33175 0.2554 0.12737 -0.29661 -0.38718 0.93222 -0.23178 -0.41018 0.25106 -0.44001 0.048755 0.078251 0.2067 0.32111 0.39704 -0.78405 -0.65491 -0.82952 -0.45039 0.5385 -0.37227 0.31965 -2.9134e-05 -0.37973 -0.54251 0.68472 -0.81818 0.35916 -0.017955 0.28055 0.70254 0.22264 -2.3298 -0.29809 -0.81741 1.8447 0.39505 -0.36728 0.2835 -0.70904 -0.37948 0.76066 -0.1291 -0.02278 0.29353 -0.63138 -0.25353 -0.082943 -0.4101 -0.5194 -0.7351 0.17988 0.14519 -0.45157 0.077171 -0.49515 0.064367 0.7602 0.5762 -0.22859 0.0007965 -0.79401 0.16778 0.6392 0.087073 -0.078949 -0.63338 -0.34562 -0.053887 0.24041 0.0053984 -0.98415 -0.47787 0.46757 0.56396 0.070056 -0.21982
double	0.22832 0.34314 0.34916 -0.062292 0.58088 0.076693 -0.033078 0.18288 -0.43578 0.46312 0.22758 0.0066902 -0.090716 1.0973 0.29967 0.14418 -0.60248 0.47535 -0.037224 -0.36675 1.1219 -0.1294 -0.50331 0.58335 0.79264 -0.26178 -0.23382 -0.48055 0.087966 -0.75332 -0.1899 0.44444 0.0093678 0.044959 0.68601 -0.091632 -0.67163 0.54273 0.26784 0.64011 0.60244 -0.19369 0.082975 0.10601 0.49757 0.13826 0.43512 -1.303 -0.30877 -0.63144 -0.31466 -0.025677 -0.47305 0.57616 -0.17668 -2.8022 0.39615 0.33021 1.5153 1.039 -0.31545 -0.17695 -0.12297 -0.13058 0.30818 -0.34138 0.33992 0.14005 -0.21849 -0.5885 -0.74803 0.4034 -0.38642 -0.001092 0.20563 0.47726 -0.038138 -0.52337 0.082651 0.049846 0.62978 0.33405 -0.41248 -0.048782 -0.92659 -0.27725 0.24716 -0.44634 -0.093081 -0.039981 -0.42962 0.00028856 -0.36535 -0.63623 -0.027466 -0.53548 0.13744 -0.41304 0.43853 -0.97321
FastMath	
pow	0.097731 1.1237 0.061011 -0.87845 -0.56919 -0.73957 -0.49729 -0.81202 1.0235 0.13012 0.96561 0.44757 0.22946 0.96657 0.3426 0.01689 1.0531 -0.86744 -0.12064 -0.27438 0.85862 0.81426 -0.74985 0.62261 -0.57931 0.036538 -0.44948 0.36763 0.70587 -0.53968 -0.13627 -0.49692 0.10052 1.2441 0.38108 0.08217 -0.31457 0.55052 0.36248 -0.87729 -0.26017 0.17502 0.12465 0.25847 0.19635 0.089746 -0.91409 0.31983 -0.21387 -0.20194 -0.41851 -0.24086 0.091464 0.69177 -0.29457 0.24056 0.84961 -0.95069 0.35629 0.23299 -0.34126 0.87175 -0.17768 -0.34547 0.62735 0.12881 0.20111 0.54091 -0.55533 1.3863 -0.24658 -0.28674 -0.31733 0.42382 -0.27616 0.72612 -0.71789 -0.35558 0.023454 0.11703 0.25159 -0.046542 1.8544 0.52522 -0.55568 0.58409 0.16918 -0.51147 0.61333 -0.46644 0.16215 -0.22912 0.28924 0.55814 1.2849 -0.48775 0.50499 0.59945 -0.11124 -0.030787
point	0.17269 -0.027609 0.49901 0.3359 -0.17481 -0.45102 0.28994 0.095743 0.077675 -0.2915 0.086901 0.33124 -0.96975 -0.23638 0.49925 -0.12579 -0.091084 -0.11228 -0.46179 0.059011 0.99952 0.20905 -0.36568 0.026814 0.91803 -0.20686 -0.3063 -0.52311 0.05531 -0.39373 -0.24968 0.19493 0.40001 0.29533 0.05328 -0.061191 -0.24176 0.50774 0.44168 -0.44659 -0.64886 -0.51773 0.16947 -0.095477 -0.15267 0.15894 0.40236 -0.081701 -0.20263 -0.3982 0.68833 -0.41834 0.021512 1.3422 -0.010876 -2.6738 0.010857 -0.84325 1.7849 0.81014 -0.45253 0.093734 -0.22753 0.45456 0.53085 -0.10996 0.2547 0.29388 0.28844 0.28078 -0.61907 0.2029 0.49334 -0.4813 -0.018985 -0.40039 -0.084888 -0.10308 -0.41933 -0.082902 -0.073936 0.32672 -1.2724 -0.35077 -1.2825 -0.16007 -0.09911 0.20165 0.62445 -0.21343 -1.2574 0.39347 -0.48857 0.25024 -0.85545 -0.32242 -0.39019 -0.36885 0.24223 0.6136
ModelFunctionJacobian	
MultivariateMatrixFunction	
Override	-0.41995 -0.54195 0.90953 0.31527 -0.23928 0.32807 -0.59189 -0.0014713 0.39047 -0.5267 -0.37091 0.082242 -0.72208 -0.33301 -0.60206 -0.23594 -0.12289 1.1418 0.17972 -0.57364 -0.070473 -0.90909 0.58138 -0.25594 0.46171 -0.49262 -0.48538 -0.38112 0.026385 -0.34846 1.0094 -0.036515 0.066833 0.36144 -0.20521 0.8643 0.3445 -0.66178 0.16093 0.66139 0.029242 -0.53328 0.35513 -0.52527 -0.97479 -0.51194 0.57935 -0.87339 -1.204 -0.12496 -0.73291 0.86973 -0.34726 0.17268 0.73783 -0.05084 1.1373 -0.0055439 0.45677 -0.35208 0.017543 -0.26002 0.7217 0.77776 0.1384 -0.066486 -0.029335 -0.14445 -0.39927 -1.0211 -0.038455 0.29068 0.01386 -0.15493 0.15418 -0.093046 -1.0234 -0.13646 -0.89098 -0.017737 0.10537 -0.9628 -0.60925 -0.28805 -1.0014 0.23208 1.3091 0.77867 0.21022 -0.80899 0.4466 -0.078953 -0.27907 0.54229 -0.60078 0.42063 -0.028589 -0.2489 0.36333 -0.91271
public	0.27528 0.22559 -0.29646 -0.19067 0.18936 0.61855 -0.89264 0.28183 0.40389 -0.065414 -0.50938 -0.08886 -0.20152 -0.13439 -0.021077 -0.24169 0.54612 0.65442 -0.48053 0.39893 -0.28369 0.13064 0.28003 -0.58927 -0.35813 -0.58996 0.20764 0.030577 -0.24032 0.17751 0.38048 0.5518 -0.043817 0.59522 -0.83406 0.62643 -0.3808 0.0078803 -0.3535 0.4471 -0.30419 -0.55965 -0.28996 0.19426 0.20166 -0.27511 0.49588 -0.42664 0.10917 -0.87574 0.23565 -0.68206 0.22442 0.74806 -0.19348 -2.6988 0.71671 -0.45328 2.2088 0.02737 -0.099598 0.16888 0.14004 0.13678 0.78804 0.045185 0.42819 -0.036869 1.0838 0.062532 -0.040702 -0.27305 0.29982 -0.58137 -0.20059 0.29416 0.35478 0.28035 -1.3558 -0.53859 1.0382 0.010252 0.44126 0.46009 -1.5 -0.34445 -0.65755 0.6388 0.18468 -0.70406 0.25236 -0.50973 -0.17074 0.42255 -0.44975 0.63835 0.28452 -0.4795 0.59833 0.2318
double	0.22832 0.34314 0.34916 -0.062292 0.58088 0.076693 -0.033078 0.18288 -0.43578 0.46312 0.22758 0.0066902 -0.090716 1.0973 0.29967 0.14418 -0.60248 0.47535 -0.037224 -0.36675 1.1219 -0.1294 -0.50331 0.58335 0.79264 -0.26178 -0.23382 -0.48055 0.087966 -0.75332 -0.1899 0.44444 0.0093678 0.044959 0.68601 -0.091632 -0.67163 0.54273 0.26784 0.64011 0.60244 -0.19369 0.082975 0.10601 0.49757 0.13826 0.43512 -1.303 -0.30877 -0.63144 -0.31466 -0.025677 -0.47305 0.57616 -0.17668 -2.8022 0.39615 0.33021 1.5153 1.039 -0.31545 -0.17695 -0.12297 -0.13058 0.30818 -0.34138 0.33992 0.14005 -0.21849 -0.5885 -0.74803 0.4034 -0.38642 -0.001092 0.20563 0.47726 -0.038138 -0.52337 0.082651 0.049846 0.62978 0.33405 -0.41248 -0.048782 -0.92659 -0.27725 0.24716 -0.44634 -0.093081 -0.039981 -0.42962 0.00028856 -0.36535 -0.63623 -0.027466 -0.53548 0.13744 -0.41304 0.43853 -0.97321
double	0.22832 0.34314 0.34916 -0.062292 0.58088 0.076693 -0.033078 0.18288 -0.43578 0.46312 0.22758 0.0066902 -0.090716 1.0973 0.29967 0.14418 -0.60248 0.47535 -0.037224 -0.36675 1.1219 -0.1294 -0.50331 0.58335 0.79264 -0.26178 -0.23382 -0.48055 0.087966 -0.75332 -0.1899 0.44444 0.0093678 0.044959 0.68601 -0.091632 -0.67163 0.54273 0.26784 0.64011 0.60244 -0.19369 0.082975 0.10601 0.49757 0.13826 0.43512 -1.303 -0.30877 -0.63144 -0.31466 -0.025677 -0.47305 0.57616 -0.17668 -2.8022 0.39615 0.33021 1.5153 1.039 -0.31545 -0.17695 -0.12297 -0.13058 0.30818 -0.34138 0.33992 0.14005 -0.21849 -0.5885 -0.74803 0.4034 -0.38642 -0.001092 0.20563 0.47726 -0.038138 -0.52337 0.082651 0.049846 0.62978 0.33405 -0.41248 -0.048782 -0.92659 -0.27725 0.24716 -0.44634 -0.093081 -0.039981 -0.42962 0.00028856 -0.36535 -0.63623 -0.027466 -0.53548 0.13744 -0.41304 0.43853 -0.97321
point	0.17269 -0.027609 0.49901 0.3359 -0.17481 -0.45102 0.28994 0.095743 0.077675 -0.2915 0.086901 0.33124 -0.96975 -0.23638 0.49925 -0.12579 -0.091084 -0.11228 -0.46179 0.059011 0.99952 0.20905 -0.36568 0.026814 0.91803 -0.20686 -0.3063 -0.52311 0.05531 -0.39373 -0.24968 0.19493 0.40001 0.29533 0.05328 -0.061191 -0.24176 0.50774 0.44168 -0.44659 -0.64886 -0.51773 0.16947 -0.095477 -0.15267 0.15894 0.40236 -0.081701 -0.20263 -0.3982 0.68833 -0.41834 0.021512 1.3422 -0.010876 -2.6738 0.010857 -0.84325 1.7849 0.81014 -0.45253 0.093734 -0.22753 0.45456 0.53085 -0.10996 0.2547 0.29388 0.28844 0.28078 -0.61907 0.2029 0.49334 -0.4813 -0.018985 -0.40039 -0.084888 -0.10308 -0.41933 -0.082902 -0.073936 0.32672 -1.2724 -0.35077 -1.2825 -0.16007 -0.09911 0.20165 0.62445 -0.21343 -1.2574 0.39347 -0.48857 0.25024 -0.85545 -0.32242 -0.39019 -0.36885 0.24223 0.6136
throws	0.35576 -0.33438 0.4917 -0.55866 -0.095661 0.53395 0.077418 -0.31087 -0.65219 -0.23952 0.40965 0.11571 -0.86083 0.50136 0.20936 0.56206 -1.0422 0.64226 -0.53836 0.44674 0.33129 0.27248 -0.25997 -0.084802 0.9561 0.039719 -1.283 -0.061871 -0.1041 -0.13875 -0.14981 0.80023 0.12525 -0.21259 -0.2098 -0.49158 0.085354 -0.088923 -0.30432 0.66767 -0.52037 -0.041692 0.49437 -0.8011 -0.98521 -0.41667 -0.63861 -0.14747 -0.090033 -0.056524 -0.22023 0.20886 0.17026 0.48436 0.31981 -1.3845 -0.70793 0.1861 0.51477 0.89605 -0.71843 0.18448 -0.43407 0.8068 -0.39738 -0.32239 0.57906 -0.56353 -0.80997 0.084515 -0.21024 -0.07607 0.34142 0.6919 0.47819 0.44798 -0.87119 -0.42667 0.49032 0.54361 0.055297 0.72997 -0.92763 -0.1127 -0.29639 -0.3549 0.63824 0.20379 0.63032 0.24101 0.027861 -0.22498 -0.58631 -0.69918 -0.17787 -0.031047 -0.14085 0.15588 -0.046856 0.39895
IllegalArgumentException	
return	0.10483 -0.20148 0.20761 -0.24741 -0.13387 0.1678 -0.17015 0.31613 -0.085635 0.22753 -0.12968 0.66281 0.34332 0.11174 -0.062333 -0.47705 0.38937 0.17352 -0.1497 0.57772 0.20197 -0.19238 -0.21633 0.33175 0.2554 0.12737 -0.29661 -0.38718 0.93222 -0.23178 -0.41018 0.25106 -0.44001 0.048755 0.078251 0.2067 0.32111 0.39704 -0.78405 -0.65491 -0.82952 -0.45039 0.5385 -0.37227 0.31965 -2.9134e-05 -0.37973 -0.54251 0.68472 -0.81818 0.35916 -0.017955 0.28055 0.70254 0.22264 -2.3298 -0.29809 -0.81741 1.8447 0.39505 -0.36728 0.2835 -0.70904 -0.37948 0.76066 -0.1291 -0.02278 0.29353 -0.63138 -0.25353 -0.082943 -0.4101 -0.5194 -0.7351 0.17988 0.14519 -0.45157 0.077171 -0.49515 0.064367 0.7602 0.5762 -0.22859 0.0007965 -0.79401 0.16778 0.6392 0.087073 -0.078949 -0.63338 -0.34562 -0.053887 0.24041 0.0053984 -0.98415 -0.47787 0.46757 0.56396 0.070056 -0.21982
double	0.22832 0.34314 0.34916 -0.062292 0.58088 0.076693 -0.033078 0.18288 -0.43578 0.46312 0.22758 0.0066902 -0.090716 1.0973 0.29967 0.14418 -0.60248 0.47535 -0.037224 -0.36675 1.1219 -0.1294 -0.50331 0.58335 0.79264 -0.26178 -0.23382 -0.48055 0.087966 -0.75332 -0.1899 0.44444 0.0093678 0.044959 0.68601 -0.091632 -0.67163 0.54273 0.26784 0.64011 0.60244 -0.19369 0.082975 0.10601 0.49757 0.13826 0.43512 -1.303 -0.30877 -0.63144 -0.31466 -0.025677 -0.47305 0.57616 -0.17668 -2.8022 0.39615 0.33021 1.5153 1.039 -0.31545 -0.17695 -0.12297 -0.13058 0.30818 -0.34138 0.33992 0.14005 -0.21849 -0.5885 -0.74803 0.4034 -0.38642 -0.001092 0.20563 0.47726 -0.038138 -0.52337 0.082651 0.049846 0.62978 0.33405 -0.41248 -0.048782 -0.92659 -0.27725 0.24716 -0.44634 -0.093081 -0.039981 -0.42962 0.00028856 -0.36535 -0.63623 -0.027466 -0.53548 0.13744 -0.41304 0.43853 -0.97321
FastMath	
pow	0.097731 1.1237 0.061011 -0.87845 -0.56919 -0.73957 -0.49729 -0.81202 1.0235 0.13012 0.96561 0.44757 0.22946 0.96657 0.3426 0.01689 1.0531 -0.86744 -0.12064 -0.27438 0.85862 0.81426 -0.74985 0.62261 -0.57931 0.036538 -0.44948 0.36763 0.70587 -0.53968 -0.13627 -0.49692 0.10052 1.2441 0.38108 0.08217 -0.31457 0.55052 0.36248 -0.87729 -0.26017 0.17502 0.12465 0.25847 0.19635 0.089746 -0.91409 0.31983 -0.21387 -0.20194 -0.41851 -0.24086 0.091464 0.69177 -0.29457 0.24056 0.84961 -0.95069 0.35629 0.23299 -0.34126 0.87175 -0.17768 -0.34547 0.62735 0.12881 0.20111 0.54091 -0.55533 1.3863 -0.24658 -0.28674 -0.31733 0.42382 -0.27616 0.72612 -0.71789 -0.35558 0.023454 0.11703 0.25159 -0.046542 1.8544 0.52522 -0.55568 0.58409 0.16918 -0.51147 0.61333 -0.46644 0.16215 -0.22912 0.28924 0.55814 1.2849 -0.48775 0.50499 0.59945 -0.11124 -0.030787
point	0.17269 -0.027609 0.49901 0.3359 -0.17481 -0.45102 0.28994 0.095743 0.077675 -0.2915 0.086901 0.33124 -0.96975 -0.23638 0.49925 -0.12579 -0.091084 -0.11228 -0.46179 0.059011 0.99952 0.20905 -0.36568 0.026814 0.91803 -0.20686 -0.3063 -0.52311 0.05531 -0.39373 -0.24968 0.19493 0.40001 0.29533 0.05328 -0.061191 -0.24176 0.50774 0.44168 -0.44659 -0.64886 -0.51773 0.16947 -0.095477 -0.15267 0.15894 0.40236 -0.081701 -0.20263 -0.3982 0.68833 -0.41834 0.021512 1.3422 -0.010876 -2.6738 0.010857 -0.84325 1.7849 0.81014 -0.45253 0.093734 -0.22753 0.45456 0.53085 -0.10996 0.2547 0.29388 0.28844 0.28078 -0.61907 0.2029 0.49334 -0.4813 -0.018985 -0.40039 -0.084888 -0.10308 -0.41933 -0.082902 -0.073936 0.32672 -1.2724 -0.35077 -1.2825 -0.16007 -0.09911 0.20165 0.62445 -0.21343 -1.2574 0.39347 -0.48857 0.25024 -0.85545 -0.32242 -0.39019 -0.36885 0.24223 0.6136
verify	-0.43551 -0.53187 0.48501 0.69883 -1.0894 -0.083597 -0.21072 0.32178 1.402 0.86365 0.65451 0.43317 1.1696 -0.28471 -0.071198 0.25415 1.3326 0.34025 -0.62388 -0.21923 -0.31403 -0.28501 0.49882 -0.54009 -0.56958 -0.40912 -0.44022 0.15632 0.065157 -0.57871 0.29659 -0.56939 -0.34886 0.50036 0.17819 -0.45775 0.21845 -0.4165 -0.55999 -0.68019 -0.43482 0.50244 -0.38732 0.10102 -0.43819 -0.46751 -0.10068 -1.0003 -0.33744 -0.40414 0.844 0.49222 -0.16988 0.56657 0.19365 -0.24989 0.17725 -0.65126 0.98781 -0.32686 -0.15556 -0.22334 0.21851 -0.18684 1.1337 0.094404 0.31958 0.66646 -0.21855 -0.0043777 -0.14796 0.44535 -0.06453 -0.81422 1.2041 -0.012291 0.092188 -1.0196 -1.0134 -0.52024 0.99536 0.062383 -0.25858 -0.21356 -0.79092 0.020916 1.1177 0.44318 -0.96062 0.3899 -0.50842 1.0183 -0.025662 -0.41298 -0.050034 -0.049797 0.09149 0.058677 0.10017 -0.082896
assertThat	
otim	-0.086964 -0.28523 -0.56883 0.2203 -0.039176 -0.67766 0.15192 0.17369 0.43163 -0.26403 -0.21353 0.28582 -0.072185 -0.61189 0.49331 0.18538 -0.24549 0.090669 -0.2971 -0.20704 -0.41263 -0.22648 -0.27967 -0.18821 0.030243 0.21791 0.31488 -0.007629 -0.37645 0.26602 -0.012017 -0.33276 0.35129 0.21543 -0.1441 -0.069207 0.026596 0.019903 0.12295 0.22251 0.036756 0.32569 -0.48312 0.39369 -0.13713 -0.0078494 -0.090025 0.28229 0.044073 0.16077 0.015021 -0.11819 -0.17719 -0.28855 0.033284 0.92216 0.24276 0.20375 -0.70543 -0.062924 0.17394 -0.70669 0.3584 -0.27157 -0.53361 -0.17325 -0.16675 -0.052753 -0.50903 0.16223 0.20158 0.057924 0.06252 -0.072345 -0.18439 -0.016278 0.26659 0.19666 0.14065 0.16427 -0.087079 -0.18365 0.12372 -0.5651 0.6839 -0.2202 -0.022382 -0.058839 -0.090656 0.26278 0.15643 -0.059306 0.19893 -0.05069 0.13011 0.0030316 -0.068018 -0.22549 -0.76936 -0.32679
getEvaluations	
greaterThan	
test	-0.58342 0.48631 0.7423 0.17875 -1.5873 -0.37499 0.37902 0.70767 -1.5402 0.74851 -0.0069018 -0.44981 -0.11125 0.17395 0.26005 0.27065 0.78731 0.84877 -0.099277 0.017688 0.44389 -0.873 0.4964 -0.1843 0.24894 0.24073 0.08446 0.070786 -0.23216 0.26685 -0.23519 0.45211 -0.39982 0.24936 0.73548 -0.072352 -0.81008 -0.15256 -1.0313 0.23067 -1.1634 0.20387 0.42369 -1.0589 0.29905 0.20036 0.63371 -0.57507 -0.4373 -0.55908 0.50811 0.32673 -0.4371 1.0702 -0.10418 -2.4432 -1.0739 0.10881 1.5446 -0.15633 -0.37779 0.15111 0.58397 0.5498 0.23775 0.8869 -0.1022 -0.041313 -0.19496 -0.1376 -0.00013191 0.6949 0.06623 -0.25647 -0.10539 0.5695 0.17414 -0.59899 -0.86757 -0.31254 0.5456 -0.092359 -0.12294 -0.19419 -1.9168 -0.044395 0.68561 0.2003 -0.37791 0.67436 -0.77218 0.49596 0.005819 0.53833 0.33367 0.97822 0.31984 -0.12619 -0.017724 0.18389
Iterations	-0.5979 0.045235 -0.18973 0.39459 0.17653 0.24053 0.20704 0.36615 -0.045302 0.16264 0.5913 0.11386 0.30029 0.019608 0.30148 -0.10997 -0.56615 0.98688 0.49498 0.21761 0.20331 -0.17458 -0.49698 0.41132 -0.027526 -0.13436 1.0052 0.17189 0.061287 -0.40186 -0.015832 -0.24657 -0.36951 -0.18854 0.12283 0.60293 -0.47144 -1.083 -0.010964 -0.46449 -0.061296 -0.11712 -0.15792 0.72599 -0.81309 0.48958 0.14269 -0.28283 0.20352 0.78998 -0.11111 -0.25784 0.34452 -0.12535 0.23277 0.23574 0.15848 0.27724 -0.52655 0.12572 -0.5351 0.0034495 0.0089104 0.88157 0.36321 -0.12453 -0.59148 -1.0459 0.1703 -0.29764 -0.074901 0.34603 0.041886 -0.23962 -0.17548 -0.26813 -0.27027 -0.48439 -0.44581 -0.36668 -0.12608 -0.2315 -0.27832 0.14726 -0.96016 0.75454 0.1213 -0.56234 -0.38997 -0.079411 -0.33382 0.8606 -0.75433 -0.017816 -0.08635 -0.5678 -0.11034 0.049097 0.091189 0.024434
Levenberg	0.090854 -0.3015 -0.87188 -0.35261 0.087421 -0.39187 -0.095896 -0.48159 0.12982 -0.39191 0.30098 0.29326 -0.36675 -0.67938 -0.10924 0.4027 -0.50789 0.35193 0.25035 -0.28131 -0.76436 -0.11324 0.25129 0.068178 -0.30118 -0.034061 0.34176 0.45324 0.0092531 0.36567 -0.13562 -0.29105 0.10147 -0.11971 -0.37587 -0.51616 0.23199 0.19297 0.068785 0.46633 0.27735 0.044899 -0.21731 0.20452 -0.12946 0.20991 0.12789 0.10635 -0.06884 0.71267 -0.044637 -0.2215 -0.13023 -0.48877 0.084868 0.38402 0.023777 0.090642 -1.0221 -0.5072 -0.010663 -0.38138 0.46556 -0.52935 -0.053972 -0.14293 -0.75757 -0.1963 -0.53757 -0.2189 0.16474 0.16356 0.11794 0.27161 -0.40972 -0.075457 0.08141 -0.070427 0.35681 0.1934 0.1914 0.031523 0.078937 -0.45014 0.50164 0.043395 0.0037011 -0.4926 0.17826 0.63328 0.32946 0.44445 0.45977 -0.096752 0.36742 -0.19242 -0.32281 0.47464 -0.54359 0.24832
Marquardt	0.43579 -0.27946 -0.64914 -0.55038 -0.27625 -0.11422 -0.10273 0.16601 -0.013333 -0.2311 0.12135 0.0097646 -0.10133 -0.55866 0.31905 -0.18595 -0.030425 0.65304 0.15841 -0.60021 -0.30878 -0.48478 0.55469 0.84571 0.78234 0.080232 0.38265 -0.037094 -0.43286 0.44803 -0.25673 0.17298 0.23326 -0.041021 -0.23287 0.28198 0.31029 0.30925 -0.0025933 0.024515 -0.29483 0.17292 -0.1578 0.065494 -0.17 0.1795 -0.056962 0.18301 -0.25637 0.6548 -0.04627 0.018565 0.17335 0.40186 -0.21062 0.20043 0.025928 -0.18534 -1.3603 -0.43245 0.35254 -0.59226 0.28259 -0.015666 -0.087273 -0.3422 -0.062562 0.20594 -0.44417 0.046108 -0.01048 -0.17944 0.44962 -0.22553 0.042849 0.078625 0.29813 -0.55182 -0.09506 0.24049 -0.01273 -0.43933 0.072875 -0.14348 0.27626 -0.1694 0.25702 -0.58782 -0.34528 -0.2325 0.075071 -0.056863 0.48474 -0.0037208 0.35736 0.038188 0.21055 0.2249 -0.32624 0.68628
Optimizer	-0.29685 0.59475 0.4746 -0.11835 0.32403 0.55505 -0.38546 -0.21587 0.32649 0.25272 0.068257 -0.28231 -0.52911 -0.63167 -0.4597 0.21272 -0.10645 0.61376 0.30194 0.042009 -0.8078 -0.99817 -0.83066 0.11206 0.32445 0.38881 -0.046723 1.0266 -0.10969 -0.18965 -0.52154 0.44481 -0.031531 0.20231 0.47604 -0.084718 -0.046969 -0.4448 0.32423 -0.57488 -0.29732 0.053794 -0.26884 -0.022808 0.0027875 0.044467 0.067046 0.017895 0.059348 0.27622 -0.43433 0.32963 0.18111 0.28053 0.21807 0.50126 0.12546 0.056736 -0.19987 -0.062615 -0.040405 -0.84336 0.23897 0.48912 -0.30108 0.17079 -0.21862 -0.48624 -0.081876 0.072206 0.11012 -0.024721 0.2956 0.79721 -0.14915 -0.32999 -0.22562 0.38877 0.013647 -0.25896 -0.13485 -0.36784 -0.0095646 -0.53729 0.67377 0.59344 0.80421 0.12066 -0.23098 0.12518 0.19044 0.72469 -0.51397 0.28001 0.57346 0.20433 0.061858 -0.22946 -0.1223 0.20217
Levenberg	0.090854 -0.3015 -0.87188 -0.35261 0.087421 -0.39187 -0.095896 -0.48159 0.12982 -0.39191 0.30098 0.29326 -0.36675 -0.67938 -0.10924 0.4027 -0.50789 0.35193 0.25035 -0.28131 -0.76436 -0.11324 0.25129 0.068178 -0.30118 -0.034061 0.34176 0.45324 0.0092531 0.36567 -0.13562 -0.29105 0.10147 -0.11971 -0.37587 -0.51616 0.23199 0.19297 0.068785 0.46633 0.27735 0.044899 -0.21731 0.20452 -0.12946 0.20991 0.12789 0.10635 -0.06884 0.71267 -0.044637 -0.2215 -0.13023 -0.48877 0.084868 0.38402 0.023777 0.090642 -1.0221 -0.5072 -0.010663 -0.38138 0.46556 -0.52935 -0.053972 -0.14293 -0.75757 -0.1963 -0.53757 -0.2189 0.16474 0.16356 0.11794 0.27161 -0.40972 -0.075457 0.08141 -0.070427 0.35681 0.1934 0.1914 0.031523 0.078937 -0.45014 0.50164 0.043395 0.0037011 -0.4926 0.17826 0.63328 0.32946 0.44445 0.45977 -0.096752 0.36742 -0.19242 -0.32281 0.47464 -0.54359 0.24832
Marquardt	0.43579 -0.27946 -0.64914 -0.55038 -0.27625 -0.11422 -0.10273 0.16601 -0.013333 -0.2311 0.12135 0.0097646 -0.10133 -0.55866 0.31905 -0.18595 -0.030425 0.65304 0.15841 -0.60021 -0.30878 -0.48478 0.55469 0.84571 0.78234 0.080232 0.38265 -0.037094 -0.43286 0.44803 -0.25673 0.17298 0.23326 -0.041021 -0.23287 0.28198 0.31029 0.30925 -0.0025933 0.024515 -0.29483 0.17292 -0.1578 0.065494 -0.17 0.1795 -0.056962 0.18301 -0.25637 0.6548 -0.04627 0.018565 0.17335 0.40186 -0.21062 0.20043 0.025928 -0.18534 -1.3603 -0.43245 0.35254 -0.59226 0.28259 -0.015666 -0.087273 -0.3422 -0.062562 0.20594 -0.44417 0.046108 -0.01048 -0.17944 0.44962 -0.22553 0.042849 0.078625 0.29813 -0.55182 -0.09506 0.24049 -0.01273 -0.43933 0.072875 -0.14348 0.27626 -0.1694 0.25702 -0.58782 -0.34528 -0.2325 0.075071 -0.056863 0.48474 -0.0037208 0.35736 0.038188 0.21055 0.2249 -0.32624 0.68628
Optimizer	-0.29685 0.59475 0.4746 -0.11835 0.32403 0.55505 -0.38546 -0.21587 0.32649 0.25272 0.068257 -0.28231 -0.52911 -0.63167 -0.4597 0.21272 -0.10645 0.61376 0.30194 0.042009 -0.8078 -0.99817 -0.83066 0.11206 0.32445 0.38881 -0.046723 1.0266 -0.10969 -0.18965 -0.52154 0.44481 -0.031531 0.20231 0.47604 -0.084718 -0.046969 -0.4448 0.32423 -0.57488 -0.29732 0.053794 -0.26884 -0.022808 0.0027875 0.044467 0.067046 0.017895 0.059348 0.27622 -0.43433 0.32963 0.18111 0.28053 0.21807 0.50126 0.12546 0.056736 -0.19987 -0.062615 -0.040405 -0.84336 0.23897 0.48912 -0.30108 0.17079 -0.21862 -0.48624 -0.081876 0.072206 0.11012 -0.024721 0.2956 0.79721 -0.14915 -0.32999 -0.22562 0.38877 0.013647 -0.25896 -0.13485 -0.36784 -0.0095646 -0.53729 0.67377 0.59344 0.80421 0.12066 -0.23098 0.12518 0.19044 0.72469 -0.51397 0.28001 0.57346 0.20433 0.061858 -0.22946 -0.1223 0.20217
Max	0.33565 0.12465 0.20992 -0.086777 0.21934 -0.68033 0.061912 0.24192 -0.54262 -0.57274 0.26555 -0.14648 -1.0335 -0.16845 -0.074589 0.1714 0.68265 -0.11963 -0.49841 0.019034 0.24599 0.14635 0.89767 0.18017 0.28998 0.15991 0.18196 -0.33097 0.67532 0.595 -0.34499 0.67752 -0.39294 0.16358 -0.49008 0.28333 0.11334 0.025012 0.19719 0.24081 0.28687 -0.16212 -0.14631 0.059077 -1.0204 0.1693 -0.3522 -0.061396 0.32891 0.89924 0.42846 -0.059807 -0.37297 0.4329 0.35922 -1.8269 -0.42954 0.94145 -0.30023 0.28432 1.0934 0.29719 -0.66702 0.37195 1.3223 -0.1351 0.45743 0.85868 0.79297 0.45994 0.16244 -0.85051 -0.48492 0.17117 0.26897 0.39759 0.72053 -0.90713 0.27388 0.20514 -0.002243 -0.13619 -0.37674 -0.52834 -0.58256 0.22823 -0.29786 -0.25706 -0.2076 -0.4404 0.563 -0.10467 0.68584 0.6947 0.10906 -0.23994 0.0041504 -0.096644 0.26211 -0.80438
Eval	-0.7833 -0.24262 -1.1598 0.27018 -0.34161 0.49563 0.25516 -0.48088 0.30196 0.022403 -0.17983 -0.21666 -0.22212 0.092451 0.0827 -0.050207 -0.014467 -0.26988 0.76566 0.012884 -0.39133 -0.38182 -0.31228 -0.02702 -0.32926 -0.31967 0.56433 0.69189 -0.091854 0.39919 -0.044176 -0.058255 0.090186 0.44265 -0.21994 -0.12464 -0.1262 0.15116 -0.33284 -0.37358 -0.21836 -0.087021 -0.36264 -0.31847 -0.1807 0.17118 0.19781 0.11314 0.037607 0.39013 0.15403 0.43329 0.4925 -0.28752 -0.16034 -0.40244 0.11758 -0.2059 -0.5363 -0.63668 0.37349 -0.49013 -0.60879 -0.22147 -0.76382 0.20605 -0.16367 -0.083228 -0.13922 -0.11691 -0.69482 -0.39083 0.5993 -0.40451 0.32243 -0.40385 0.086492 0.24037 0.97924 -0.21592 -0.69156 -0.096171 0.16673 0.25558 -0.078547 -0.23962 0.55871 -0.24787 0.046662 0.96297 -0.62598 0.52522 0.10949 0.84689 0.57668 -0.010329 0.79329 -0.28377 -0.37484 -0.53656
Initial	0.23076 0.067123 -0.45651 0.43672 -0.42325 -0.54544 0.21002 0.42847 -0.22801 0.42498 0.26596 0.15482 0.076068 -0.56669 0.31991 -0.013473 -0.68762 0.071373 0.69052 0.06449 0.17901 -0.60774 -0.46602 0.53278 -0.46061 -0.20873 0.35642 0.29824 -0.0099487 -0.52965 -0.022453 0.095897 -0.29673 0.21742 -0.19103 0.016355 0.18014 -0.1997 0.047893 0.20733 -0.19708 -0.056121 0.45505 0.30941 0.63579 -0.10956 0.071841 -0.58915 0.1272 -0.74452 0.64783 -0.11673 0.64942 0.46516 0.21412 -2.2059 0.074047 -0.78915 1.6833 0.32227 0.15354 0.5006 0.039577 0.32062 0.89305 -0.31501 -0.56072 0.19356 0.049759 0.080949 -0.37548 0.62712 -0.27003 -0.46479 -0.26992 0.5108 -0.46768 -0.34671 -1.3791 -0.31012 0.55235 0.38587 -0.19803 -0.12785 -1.2815 -0.40071 0.44744 -0.30579 -0.22274 0.32649 0.037437 0.30464 -0.41614 0.16977 -0.11015 0.23392 -0.020744 -0.12356 0.55093 -0.027284
Guess	0.21836 0.18509 0.87531 -0.32468 -1.1215 -0.025622 0.21732 -0.0035074 0.2565 0.045821 0.31812 0.39764 0.3441 -0.38566 0.10871 -0.41908 -0.57202 0.67897 -0.31453 0.61625 0.14998 0.36822 -0.24764 -0.7307 -0.14767 0.25788 -0.043522 -0.57275 0.29819 -0.58088 -0.10919 0.68246 0.58772 -0.28866 0.11559 0.51543 -0.52147 0.34158 0.74247 -0.94061 0.10665 0.30097 -0.21211 -0.70484 -1.1554 -0.38201 0.24623 -0.44155 -0.50293 -1.0382 0.098543 -0.07773 0.27391 0.27367 -0.24166 -1.33 0.06218 0.36121 0.55964 0.22171 -0.085787 0.89481 -0.52597 0.0045457 0.82991 -0.1167 0.3612 0.27222 -0.37384 0.11995 0.0272 0.38223 0.053955 -0.2475 0.050237 0.31099 0.14604 -0.29499 -0.038173 -0.21447 0.17978 -0.11637 -0.80202 -0.39142 -1.1458 -0.57601 -0.26455 -0.3021 -0.48966 -0.14489 -0.00068803 -0.04079 0.37546 -0.4459 -0.32166 0.037693 -0.029376 0.094198 -0.25482 0.66539
Model	-0.27663 0.55094 0.13618 0.59683 -0.24868 -0.34311 0.7466 0.12718 -0.28819 0.78735 -0.020772 -0.48316 0.23378 -0.0064957 0.33922 0.042282 0.54477 0.60575 0.27294 0.13011 -0.0439 -0.51364 0.2555 0.33046 0.43983 -0.22455 0.092492 -1.239 -0.58248 0.29795 0.12634 1.3109 -0.22366 -0.18947 0.83993 0.38651 0.41031 -0.047329 0.3379 -0.43655 -0.19865 -0.30696 0.12327 0.22901 -0.34216 0.1925 0.15737 -0.3082 -0.39696 0.080463 -0.28006 0.081266 0.15054 1.3843 0.39917 -1.997 -0.74011 0.59262 1.09 -0.11469 0.092272 0.33024 -0.61947 0.63913 1.1857 -0.042564 -0.60858 -0.3032 0.16855 0.56586 0.36661 0.12138 -0.060965 -0.057785 0.47064 -0.1027 1.1243 -0.026558 -0.81186 -0.94244 -0.093354 0.15091 0.34407 -0.24106 -0.92045 0.34697 0.39647 -1.1369 -0.3357 -0.8408 0.16441 0.21245 0.40468 -0.35804 0.48279 -0.11034 -0.81101 -0.63821 1.0284 0.053952
Function	-0.70849 -0.019107 -0.59205 0.8237 -0.10769 0.69166 -0.34555 0.41812 0.21395 0.12474 -0.35594 -0.57262 0.58207 0.23888 -0.14986 0.0086386 -0.36698 1.3188 0.80471 -0.21054 -0.36433 -1.1229 -0.2566 -0.36258 0.13778 -0.29942 0.34317 -0.063593 0.087204 -0.14876 0.54699 0.624 -0.19873 0.13391 0.34466 -0.043508 0.24333 0.58914 -0.14814 -0.57168 0.28315 -0.4802 0.1234 -0.39462 0.10543 0.48846 0.035328 0.17875 -0.96065 -0.35982 0.54616 -0.23069 0.72719 0.99592 0.17513 -1.4591 -0.23761 -0.41938 1.3701 0.7148 -0.36186 -0.11285 -0.038547 -0.39648 0.85066 0.63595 -0.08941 -0.34382 1.0404 0.03199 -0.35843 -0.27925 0.70568 -0.51411 1.0711 -0.97475 -0.26158 -0.41035 -0.077634 -0.4684 -0.18744 -0.46304 -1.2327 -0.17264 -1.5927 0.99711 0.57638 -0.59362 -0.26752 -0.42766 -0.79945 0.42937 0.38756 0.79567 0.69211 -0.21263 0.37171 -1.2005 0.36418 0.16705
Multivariate	-0.12236 -0.27817 -0.11979 0.28775 -0.12875 0.56306 0.48833 1.0286 -0.31819 0.38175 -1.0961 -0.59862 0.21047 0.52565 0.25491 0.25723 0.47991 0.65074 2.1392 -0.46269 0.1189 -0.13824 0.28553 0.42096 -0.46851 0.20296 1.296 -0.19742 -0.63309 0.66493 -0.80256 -0.30271 -0.71239 0.27653 0.057609 0.22543 0.57719 0.043938 0.33603 -0.24113 0.293 -0.043654 -0.6176 0.19086 -1.1917 0.58471 0.3137 -0.88533 0.015432 -0.056591 1.1028 -0.35152 -0.39735 -0.59864 0.57847 0.62179 0.46158 0.13577 0.085952 -0.35953 -1.2132 -0.51805 -0.44 -0.1964 0.95584 0.40498 -0.71106 -0.45633 0.37424 0.83423 -0.9902 0.39255 0.57079 0.6635 0.78862 -0.15064 -0.041787 -0.48779 -0.29266 0.23836 -0.3515 0.39019 -0.94793 -0.10889 -0.42456 1.4514 0.49515 -0.021894 -0.62922 -0.40261 -0.23886 0.080367 -0.57341 -0.74758 0.99158 -0.65241 -0.15647 0.24807 -0.72502 0.27014
Vector	-0.56771 0.91216 -0.2829 0.5578 0.050398 0.40665 0.3673 -0.36428 -0.98524 0.26007 0.018096 -0.63123 -0.063122 -0.18705 0.57547 0.23842 -0.25555 1.069 1.0302 -0.83849 0.75157 -0.68062 0.12004 0.29099 0.78576 0.48795 1.2945 0.67044 -0.36405 -0.42256 0.21618 0.3502 -0.14259 0.53681 0.82246 0.15446 -0.07861 0.41013 0.086787 -0.84371 0.44019 -0.7558 -0.44159 -0.094715 0.032807 0.8449 -0.18331 0.27648 -0.72416 1.2323 0.785 -0.32615 0.76546 1.0035 0.6576 -0.017172 0.16064 0.33622 1.148 0.16761 0.072649 -0.46968 -0.13508 -0.066288 1.3862 1.0864 -0.040472 0.80728 0.37592 0.90444 -0.9964 0.13507 0.46792 -0.36232 1.5683 -0.74236 -0.03565 0.11809 -0.59792 0.37407 -0.2829 -0.58131 -1.7029 0.028298 -0.088614 0.57591 0.33803 -0.76718 0.45252 -1.5267 -1.1651 -0.049588 0.48192 -0.037205 0.91121 -0.41625 0.42605 -0.28347 0.25458 0.28664
Function	-0.70849 -0.019107 -0.59205 0.8237 -0.10769 0.69166 -0.34555 0.41812 0.21395 0.12474 -0.35594 -0.57262 0.58207 0.23888 -0.14986 0.0086386 -0.36698 1.3188 0.80471 -0.21054 -0.36433 -1.1229 -0.2566 -0.36258 0.13778 -0.29942 0.34317 -0.063593 0.087204 -0.14876 0.54699 0.624 -0.19873 0.13391 0.34466 -0.043508 0.24333 0.58914 -0.14814 -0.57168 0.28315 -0.4802 0.1234 -0.39462 0.10543 0.48846 0.035328 0.17875 -0.96065 -0.35982 0.54616 -0.23069 0.72719 0.99592 0.17513 -1.4591 -0.23761 -0.41938 1.3701 0.7148 -0.36186 -0.11285 -0.038547 -0.39648 0.85066 0.63595 -0.08941 -0.34382 1.0404 0.03199 -0.35843 -0.27925 0.70568 -0.51411 1.0711 -0.97475 -0.26158 -0.41035 -0.077634 -0.4684 -0.18744 -0.46304 -1.2327 -0.17264 -1.5927 0.99711 0.57638 -0.59362 -0.26752 -0.42766 -0.79945 0.42937 0.38756 0.79567 0.69211 -0.21263 0.37171 -1.2005 0.36418 0.16705
Illegal	1.0639 -0.36481 -0.34184 -0.56299 0.47228 0.34661 -0.27781 0.68054 1.0294 0.47624 -0.25015 0.45602 -0.024083 0.18175 0.18977 0.45373 0.5033 -0.061391 -0.1942 0.5746 1.1336 0.40268 0.57757 -0.35709 -0.32563 -0.18915 0.22138 -0.69363 -0.11931 0.19671 -0.09293 0.20082 0.016961 -0.20583 0.28195 -0.47054 -0.0016935 -0.41963 -0.022716 -0.24924 -1.1792 -0.21807 0.45488 -0.045161 0.41051 -0.76589 -0.18597 -0.37837 -0.50173 -0.33017 0.4338 0.47696 -0.0043918 0.65818 -0.27848 -0.7939 -0.15668 -0.65296 2.428 0.01069 -1.0238 -0.22055 0.33037 -0.3366 0.65466 0.17629 1.126 -0.32822 0.86573 -0.66064 0.092309 -1.13 -0.18144 0.41566 0.26345 -0.35565 -0.5809 0.50556 -1.0443 0.55955 1.9853 -0.41935 -0.047935 0.042347 -1.3544 -0.40289 0.514 0.18718 -0.35121 -0.5576 -0.9169 -0.39273 0.10377 -0.22738 0.52252 -0.55567 -0.76308 0.39167 0.87565 -0.55912
Argument	0.22851 0.50123 0.25299 0.53639 -0.22989 0.23842 0.21058 -0.36339 0.20825 -0.26943 -0.33781 0.039856 -0.68988 0.13544 -0.018281 -0.059663 -0.64233 0.51563 -0.050085 -0.0069195 0.69494 -0.6665 0.19093 -0.28899 0.37809 0.0075351 -0.17051 -0.39552 -0.77151 0.24085 0.23655 0.59761 0.2009 -0.19208 -0.21413 0.1479 -0.25482 -0.12347 0.64776 -0.31399 -0.45962 0.027851 0.48956 -0.31598 -0.29356 -1.1452 0.25786 -0.16177 -0.4249 -0.64477 0.7313 -0.08306 0.51734 1.1045 0.24806 -1.5097 0.51903 -0.66134 1.0151 0.22961 -0.22863 -0.084467 0.46977 -0.13662 1.0496 -0.53467 0.16316 0.20912 -0.74661 0.070454 0.12658 0.17215 0.71802 -0.37343 -0.12879 0.013615 -0.1631 -0.4269 -0.95237 0.20026 -0.093685 -0.091184 -0.43274 -0.65462 -1.229 -0.21386 -0.58527 0.26926 0.057984 -0.65268 0.23224 -0.29661 -0.48859 0.37012 0.75567 0.13436 -0.052698 -0.14857 0.56713 0.9796
Exception	0.018977 0.20343 0.51521 -0.10723 0.18065 0.12331 -0.15804 0.11424 0.03167 -0.64671 -0.010638 -0.43316 0.19038 0.17583 0.035071 -0.027728 0.2262 0.14682 -0.18915 0.47476 0.33566 0.27888 -0.21996 0.10146 0.28032 -0.3842 0.18258 -0.50839 -0.35652 -0.33523 0.17786 0.11341 -0.036747 -0.23953 -0.088431 0.46591 0.19665 -0.0027544 -0.013453 -0.25648 0.087086 0.1118 0.4933 0.1239 0.25282 -0.10723 0.81902 -0.10497 -0.69268 -0.5915 0.43756 0.19418 0.22259 0.37208 -0.037613 -1.2992 0.020897 -0.40147 1.2586 0.15621 -0.49972 -0.085182 0.065586 0.27406 1.0264 -0.54902 0.13317 -0.34417 -0.12317 0.1398 -0.46829 -0.19733 -0.034079 0.45159 0.39558 0.18438 -0.432 -0.22367 -0.1309 -0.32784 -0.039537 -0.58863 0.26447 -0.28228 -0.93648 0.31135 0.06557 -0.17484 0.37004 0.031478 -0.15041 -0.23924 -0.09215 -0.031035 -0.42726 0.45871 -0.35031 -0.21297 0.22867 -0.2934
Fast	-0.29428 0.25787 0.011717 -0.17985 -0.36054 -0.24693 -0.46744 -0.074908 -0.59788 0.023629 0.24543 -0.24263 -0.15302 -0.32632 0.27063 -0.41692 -0.53232 0.067077 -0.11251 0.25403 0.87933 0.60451 0.26375 -0.66206 0.36511 1.1593 -0.80014 -0.54176 -0.46005 0.60518 -0.60287 0.57486 -0.14712 -0.69648 0.65833 -0.018851 -0.083176 -0.23039 -0.093874 0.057157 -0.21744 0.13993 0.13621 -0.27003 0.21129 0.014057 0.33412 -0.051747 0.95018 -0.95344 0.16066 0.28266 0.0040011 0.63946 0.40329 -2.0304 -0.71399 0.99484 1.8929 0.055106 -0.43624 0.21601 0.16858 0.11695 0.54723 0.52183 -0.016353 -0.001128 0.62834 -0.2157 0.032744 -0.13322 0.12737 -0.33746 0.59192 -0.10416 -0.48434 -0.25466 0.46166 -0.5278 0.70844 -0.17581 -0.76447 0.42097 -1.1805 -0.16835 0.32361 -0.58442 -0.69939 -0.21042 0.21826 0.71773 -0.26079 -0.26494 -0.45767 -0.51785 0.21204 -0.14329 0.44774 0.38847
Math	0.15734 1.257 0.60331 0.50044 -0.82824 0.11006 0.12216 -0.18235 -0.25037 1.6259 0.21748 -1.0867 -0.47452 -0.098961 -0.37746 0.073246 -0.023446 0.99699 -0.25388 0.75971 -0.65526 -0.28404 0.60163 -0.021639 -0.56963 -0.90914 -0.51 -0.54366 -0.42035 -0.4662 -0.78386 0.46748 -0.30662 -0.30034 -0.14636 0.19633 -1.3988 -0.04512 0.5195 0.38131 -0.57313 0.60068 -0.95901 -0.71151 -0.63201 0.24312 0.016162 -0.015358 -0.39189 -0.067402 -0.42879 -0.5833 -0.43894 0.44133 -0.33234 -1.1747 0.66391 -0.089269 0.48889 0.093464 0.15706 0.26854 -0.51152 -0.25011 -0.49045 0.58264 0.78832 0.096092 0.46904 0.77098 -0.095119 0.95805 0.53733 0.20741 -0.9359 1.3078 -0.58077 0.21764 -0.17439 -0.66605 -0.13381 0.29631 -0.49327 -1.4127 -1.687 0.67278 -0.39849 -1.1623 0.084772 0.1559 -0.81095 0.47562 -0.35047 0.99207 -0.12087 -0.019675 0.26124 -0.75364 0.044015 0.21041
Model	-0.27663 0.55094 0.13618 0.59683 -0.24868 -0.34311 0.7466 0.12718 -0.28819 0.78735 -0.020772 -0.48316 0.23378 -0.0064957 0.33922 0.042282 0.54477 0.60575 0.27294 0.13011 -0.0439 -0.51364 0.2555 0.33046 0.43983 -0.22455 0.092492 -1.239 -0.58248 0.29795 0.12634 1.3109 -0.22366 -0.18947 0.83993 0.38651 0.41031 -0.047329 0.3379 -0.43655 -0.19865 -0.30696 0.12327 0.22901 -0.34216 0.1925 0.15737 -0.3082 -0.39696 0.080463 -0.28006 0.081266 0.15054 1.3843 0.39917 -1.997 -0.74011 0.59262 1.09 -0.11469 0.092272 0.33024 -0.61947 0.63913 1.1857 -0.042564 -0.60858 -0.3032 0.16855 0.56586 0.36661 0.12138 -0.060965 -0.057785 0.47064 -0.1027 1.1243 -0.026558 -0.81186 -0.94244 -0.093354 0.15091 0.34407 -0.24106 -0.92045 0.34697 0.39647 -1.1369 -0.3357 -0.8408 0.16441 0.21245 0.40468 -0.35804 0.48279 -0.11034 -0.81101 -0.63821 1.0284 0.053952
Function	-0.70849 -0.019107 -0.59205 0.8237 -0.10769 0.69166 -0.34555 0.41812 0.21395 0.12474 -0.35594 -0.57262 0.58207 0.23888 -0.14986 0.0086386 -0.36698 1.3188 0.80471 -0.21054 -0.36433 -1.1229 -0.2566 -0.36258 0.13778 -0.29942 0.34317 -0.063593 0.087204 -0.14876 0.54699 0.624 -0.19873 0.13391 0.34466 -0.043508 0.24333 0.58914 -0.14814 -0.57168 0.28315 -0.4802 0.1234 -0.39462 0.10543 0.48846 0.035328 0.17875 -0.96065 -0.35982 0.54616 -0.23069 0.72719 0.99592 0.17513 -1.4591 -0.23761 -0.41938 1.3701 0.7148 -0.36186 -0.11285 -0.038547 -0.39648 0.85066 0.63595 -0.08941 -0.34382 1.0404 0.03199 -0.35843 -0.27925 0.70568 -0.51411 1.0711 -0.97475 -0.26158 -0.41035 -0.077634 -0.4684 -0.18744 -0.46304 -1.2327 -0.17264 -1.5927 0.99711 0.57638 -0.59362 -0.26752 -0.42766 -0.79945 0.42937 0.38756 0.79567 0.69211 -0.21263 0.37171 -1.2005 0.36418 0.16705
Jacobian	-0.27878 0.18175 0.11969 0.40275 -0.23755 0.062309 -0.26832 0.29685 -0.93464 -0.36234 -0.45993 -0.4696 0.31228 -0.17817 -0.011888 0.75938 0.37802 0.90475 0.73384 0.080243 -0.68989 -0.44688 -0.93094 -1.045 0.52215 0.55967 2.0256 0.31053 -0.47912 -0.30282 0.17457 0.56174 -0.01784 -0.22453 0.16696 0.28603 0.57243 0.095238 0.13792 -0.17109 0.18946 -0.12212 -0.2643 -0.21643 0.84459 1.1106 -0.10143 0.049089 -0.46536 0.51046 0.049012 -0.89107 0.0012376 -0.080169 0.43871 0.2553 -0.72792 0.16005 -0.42635 -0.60331 -0.43605 0.10961 -0.25961 -0.28622 0.59818 -0.43315 0.0081947 -0.48969 0.11832 0.27048 -0.56118 0.23649 -0.52531 0.46593 -0.27843 -0.78515 -0.83417 -0.11156 0.21838 -0.42609 -0.42941 -0.35811 -1.1322 0.2016 0.5065 -0.36341 0.5089 -0.41646 0.053027 0.06751 -0.84427 0.61571 -0.72823 0.45533 0.5852 -0.92298 0.54062 -0.41807 -0.4947 0.63385
Multivariate	-0.12236 -0.27817 -0.11979 0.28775 -0.12875 0.56306 0.48833 1.0286 -0.31819 0.38175 -1.0961 -0.59862 0.21047 0.52565 0.25491 0.25723 0.47991 0.65074 2.1392 -0.46269 0.1189 -0.13824 0.28553 0.42096 -0.46851 0.20296 1.296 -0.19742 -0.63309 0.66493 -0.80256 -0.30271 -0.71239 0.27653 0.057609 0.22543 0.57719 0.043938 0.33603 -0.24113 0.293 -0.043654 -0.6176 0.19086 -1.1917 0.58471 0.3137 -0.88533 0.015432 -0.056591 1.1028 -0.35152 -0.39735 -0.59864 0.57847 0.62179 0.46158 0.13577 0.085952 -0.35953 -1.2132 -0.51805 -0.44 -0.1964 0.95584 0.40498 -0.71106 -0.45633 0.37424 0.83423 -0.9902 0.39255 0.57079 0.6635 0.78862 -0.15064 -0.041787 -0.48779 -0.29266 0.23836 -0.3515 0.39019 -0.94793 -0.10889 -0.42456 1.4514 0.49515 -0.021894 -0.62922 -0.40261 -0.23886 0.080367 -0.57341 -0.74758 0.99158 -0.65241 -0.15647 0.24807 -0.72502 0.27014
Matrix	-0.26638 0.44491 0.32743 0.43459 0.10528 0.31703 -0.34503 0.18147 -0.14878 0.84897 0.4721 -1.1558 0.099759 0.062035 0.47041 1.0013 0.018791 1.311 1.3388 -0.50075 0.32534 -0.84829 -0.40882 -0.18405 0.71325 0.03127 1.9998 0.59029 -0.21204 -0.44343 0.68245 0.94438 -0.119 -0.32573 1.083 0.20224 0.9864 0.44538 0.23942 -0.91462 0.32708 0.036551 -0.091388 -0.4554 -0.41849 0.5451 -0.5648 0.12676 -0.29724 0.39565 0.43511 -0.83701 0.10056 0.81198 0.07657 -0.50079 -0.63924 0.25515 0.56498 0.26425 -0.29232 0.2291 -0.23567 0.52685 1.6412 0.22546 0.99099 -0.083019 0.8046 0.14957 -0.18681 0.29335 -0.15312 -0.43332 0.36968 -1.0212 0.046447 -0.061121 -0.30038 -0.32563 -0.34144 0.47618 -0.8345 -0.047333 -0.35806 0.67309 0.66781 -0.92899 -0.13483 -0.27056 -1.1066 0.35388 -0.26355 0.59609 1.1334 -1.1025 0.77682 -0.17267 -0.53726 0.158
Function	-0.70849 -0.019107 -0.59205 0.8237 -0.10769 0.69166 -0.34555 0.41812 0.21395 0.12474 -0.35594 -0.57262 0.58207 0.23888 -0.14986 0.0086386 -0.36698 1.3188 0.80471 -0.21054 -0.36433 -1.1229 -0.2566 -0.36258 0.13778 -0.29942 0.34317 -0.063593 0.087204 -0.14876 0.54699 0.624 -0.19873 0.13391 0.34466 -0.043508 0.24333 0.58914 -0.14814 -0.57168 0.28315 -0.4802 0.1234 -0.39462 0.10543 0.48846 0.035328 0.17875 -0.96065 -0.35982 0.54616 -0.23069 0.72719 0.99592 0.17513 -1.4591 -0.23761 -0.41938 1.3701 0.7148 -0.36186 -0.11285 -0.038547 -0.39648 0.85066 0.63595 -0.08941 -0.34382 1.0404 0.03199 -0.35843 -0.27925 0.70568 -0.51411 1.0711 -0.97475 -0.26158 -0.41035 -0.077634 -0.4684 -0.18744 -0.46304 -1.2327 -0.17264 -1.5927 0.99711 0.57638 -0.59362 -0.26752 -0.42766 -0.79945 0.42937 0.38756 0.79567 0.69211 -0.21263 0.37171 -1.2005 0.36418 0.16705
Illegal	1.0639 -0.36481 -0.34184 -0.56299 0.47228 0.34661 -0.27781 0.68054 1.0294 0.47624 -0.25015 0.45602 -0.024083 0.18175 0.18977 0.45373 0.5033 -0.061391 -0.1942 0.5746 1.1336 0.40268 0.57757 -0.35709 -0.32563 -0.18915 0.22138 -0.69363 -0.11931 0.19671 -0.09293 0.20082 0.016961 -0.20583 0.28195 -0.47054 -0.0016935 -0.41963 -0.022716 -0.24924 -1.1792 -0.21807 0.45488 -0.045161 0.41051 -0.76589 -0.18597 -0.37837 -0.50173 -0.33017 0.4338 0.47696 -0.0043918 0.65818 -0.27848 -0.7939 -0.15668 -0.65296 2.428 0.01069 -1.0238 -0.22055 0.33037 -0.3366 0.65466 0.17629 1.126 -0.32822 0.86573 -0.66064 0.092309 -1.13 -0.18144 0.41566 0.26345 -0.35565 -0.5809 0.50556 -1.0443 0.55955 1.9853 -0.41935 -0.047935 0.042347 -1.3544 -0.40289 0.514 0.18718 -0.35121 -0.5576 -0.9169 -0.39273 0.10377 -0.22738 0.52252 -0.55567 -0.76308 0.39167 0.87565 -0.55912
Argument	0.22851 0.50123 0.25299 0.53639 -0.22989 0.23842 0.21058 -0.36339 0.20825 -0.26943 -0.33781 0.039856 -0.68988 0.13544 -0.018281 -0.059663 -0.64233 0.51563 -0.050085 -0.0069195 0.69494 -0.6665 0.19093 -0.28899 0.37809 0.0075351 -0.17051 -0.39552 -0.77151 0.24085 0.23655 0.59761 0.2009 -0.19208 -0.21413 0.1479 -0.25482 -0.12347 0.64776 -0.31399 -0.45962 0.027851 0.48956 -0.31598 -0.29356 -1.1452 0.25786 -0.16177 -0.4249 -0.64477 0.7313 -0.08306 0.51734 1.1045 0.24806 -1.5097 0.51903 -0.66134 1.0151 0.22961 -0.22863 -0.084467 0.46977 -0.13662 1.0496 -0.53467 0.16316 0.20912 -0.74661 0.070454 0.12658 0.17215 0.71802 -0.37343 -0.12879 0.013615 -0.1631 -0.4269 -0.95237 0.20026 -0.093685 -0.091184 -0.43274 -0.65462 -1.229 -0.21386 -0.58527 0.26926 0.057984 -0.65268 0.23224 -0.29661 -0.48859 0.37012 0.75567 0.13436 -0.052698 -0.14857 0.56713 0.9796
Exception	0.018977 0.20343 0.51521 -0.10723 0.18065 0.12331 -0.15804 0.11424 0.03167 -0.64671 -0.010638 -0.43316 0.19038 0.17583 0.035071 -0.027728 0.2262 0.14682 -0.18915 0.47476 0.33566 0.27888 -0.21996 0.10146 0.28032 -0.3842 0.18258 -0.50839 -0.35652 -0.33523 0.17786 0.11341 -0.036747 -0.23953 -0.088431 0.46591 0.19665 -0.0027544 -0.013453 -0.25648 0.087086 0.1118 0.4933 0.1239 0.25282 -0.10723 0.81902 -0.10497 -0.69268 -0.5915 0.43756 0.19418 0.22259 0.37208 -0.037613 -1.2992 0.020897 -0.40147 1.2586 0.15621 -0.49972 -0.085182 0.065586 0.27406 1.0264 -0.54902 0.13317 -0.34417 -0.12317 0.1398 -0.46829 -0.19733 -0.034079 0.45159 0.39558 0.18438 -0.432 -0.22367 -0.1309 -0.32784 -0.039537 -0.58863 0.26447 -0.28228 -0.93648 0.31135 0.06557 -0.17484 0.37004 0.031478 -0.15041 -0.23924 -0.09215 -0.031035 -0.42726 0.45871 -0.35031 -0.21297 0.22867 -0.2934
Fast	-0.29428 0.25787 0.011717 -0.17985 -0.36054 -0.24693 -0.46744 -0.074908 -0.59788 0.023629 0.24543 -0.24263 -0.15302 -0.32632 0.27063 -0.41692 -0.53232 0.067077 -0.11251 0.25403 0.87933 0.60451 0.26375 -0.66206 0.36511 1.1593 -0.80014 -0.54176 -0.46005 0.60518 -0.60287 0.57486 -0.14712 -0.69648 0.65833 -0.018851 -0.083176 -0.23039 -0.093874 0.057157 -0.21744 0.13993 0.13621 -0.27003 0.21129 0.014057 0.33412 -0.051747 0.95018 -0.95344 0.16066 0.28266 0.0040011 0.63946 0.40329 -2.0304 -0.71399 0.99484 1.8929 0.055106 -0.43624 0.21601 0.16858 0.11695 0.54723 0.52183 -0.016353 -0.001128 0.62834 -0.2157 0.032744 -0.13322 0.12737 -0.33746 0.59192 -0.10416 -0.48434 -0.25466 0.46166 -0.5278 0.70844 -0.17581 -0.76447 0.42097 -1.1805 -0.16835 0.32361 -0.58442 -0.69939 -0.21042 0.21826 0.71773 -0.26079 -0.26494 -0.45767 -0.51785 0.21204 -0.14329 0.44774 0.38847
Math	0.15734 1.257 0.60331 0.50044 -0.82824 0.11006 0.12216 -0.18235 -0.25037 1.6259 0.21748 -1.0867 -0.47452 -0.098961 -0.37746 0.073246 -0.023446 0.99699 -0.25388 0.75971 -0.65526 -0.28404 0.60163 -0.021639 -0.56963 -0.90914 -0.51 -0.54366 -0.42035 -0.4662 -0.78386 0.46748 -0.30662 -0.30034 -0.14636 0.19633 -1.3988 -0.04512 0.5195 0.38131 -0.57313 0.60068 -0.95901 -0.71151 -0.63201 0.24312 0.016162 -0.015358 -0.39189 -0.067402 -0.42879 -0.5833 -0.43894 0.44133 -0.33234 -1.1747 0.66391 -0.089269 0.48889 0.093464 0.15706 0.26854 -0.51152 -0.25011 -0.49045 0.58264 0.78832 0.096092 0.46904 0.77098 -0.095119 0.95805 0.53733 0.20741 -0.9359 1.3078 -0.58077 0.21764 -0.17439 -0.66605 -0.13381 0.29631 -0.49327 -1.4127 -1.687 0.67278 -0.39849 -1.1623 0.084772 0.1559 -0.81095 0.47562 -0.35047 0.99207 -0.12087 -0.019675 0.26124 -0.75364 0.044015 0.21041
assert	-0.19059 -0.44578 0.15766 0.7015 -0.1341 0.2891 -1.0561 -0.69427 0.31795 0.21459 -0.46638 0.40445 0.094866 -0.36593 -0.71545 -0.14749 0.41403 0.17088 -0.84226 -7.0514e-07 0.4136 -0.31711 0.21547 -0.15201 -0.4753 -0.53525 -0.20696 -0.34228 0.11678 -0.25005 0.366 0.18316 -0.48592 -0.0014746 -0.23675 -0.046102 0.0017353 0.26814 -0.037108 -0.016397 -0.52234 0.32181 -0.13531 -0.26124 -0.69445 -0.70291 0.67474 -0.037809 -0.051181 -0.49642 -0.14028 0.74239 0.15842 1.0788 0.56887 -0.55635 0.50459 -0.92062 0.095294 -0.11771 -0.03434 0.020342 0.27589 -0.04289 0.50265 0.17807 0.27571 0.16102 -0.69721 -0.16515 0.50198 0.25841 -0.30055 -0.40496 -0.032764 -0.88898 -0.56175 -0.36018 -0.77595 -0.053518 -0.24391 -0.35764 -0.31659 0.41928 -0.48078 -0.38196 0.29501 0.76383 -0.003329 -0.028754 -0.054077 -0.40097 -0.20808 -0.52206 0.14523 -0.35767 -0.45376 -0.10878 0.18716 0.46686
Evaluations	-0.095903 -0.046592 -0.39106 0.044445 -0.77604 -0.070166 0.0092722 0.61319 -0.89908 0.86415 0.17555 -0.37515 0.62045 0.084063 0.28335 0.13836 0.25319 0.53058 0.27113 0.62537 -0.39787 -0.80733 -0.60795 0.56651 -0.9046 -0.60173 0.045774 0.29334 -0.46144 -0.3187 0.025596 -0.36597 -0.25263 0.43968 -0.063441 0.42325 -0.28935 0.17299 -0.86528 -0.55065 -0.16613 0.40192 -0.78279 0.20656 -0.6207 -0.27257 -0.34498 -0.6653 -0.34469 -0.29861 0.27166 -0.24957 -0.93233 0.569 0.39202 0.22974 0.87188 -0.62616 0.42572 -0.10548 -0.027792 0.59496 0.41409 0.38674 0.13952 -0.44494 0.12032 -0.16668 0.12236 0.13528 -0.027079 0.49747 0.50138 -0.15558 -0.17793 0.37067 -0.20428 -0.25473 -0.42713 -0.69154 0.21029 0.41179 -0.43326 -0.16004 -1.636 -0.1531 0.20558 0.031185 -0.55159 -0.52513 -0.5134 0.057548 -0.3427 0.2463 0.9649 1.1631 0.54325 0.012323 -0.25935 0.45101
greater	-0.14471 -0.16199 0.32201 0.79056 0.41845 -0.42938 -1.1759 -0.29589 -0.29759 0.31202 -0.90897 -0.26276 -0.09649 -0.026413 0.26833 -0.76579 -0.39476 0.29882 -0.71515 0.42106 0.061787 0.10195 -0.75105 -0.54249 -0.17525 0.13127 0.29025 -0.27829 -0.064917 -0.095284 0.25912 0.22806 -0.13962 0.013549 0.47956 -0.42568 0.92421 0.6654 -0.63769 0.46098 -0.28924 -0.82379 -0.024738 -0.7458 0.026292 -0.15056 1.3731 -0.48979 -0.19293 -0.28239 -0.20675 0.12548 -0.57321 0.88322 0.37409 -2.1248 0.33869 -1.2603 1.4491 -0.41792 0.068244 0.31072 -1.1232 -0.0307 0.74356 0.15355 -0.47774 -0.35084 0.92321 0.21293 0.25014 -0.36026 -0.34419 -0.2213 0.75728 -0.037537 0.043166 -0.70263 -0.59938 0.040503 0.36201 0.1533 -0.28954 -0.052028 -1.3228 0.22108 0.20117 -0.19789 0.38749 -0.05553 0.09982 -0.58817 -0.26649 -0.25804 -0.5352 -0.31934 0.1489 -0.33075 1.0151 0.34785

assertThat	
otim	-0.086964 -0.28523 -0.56883 0.2203 -0.039176 -0.67766 0.15192 0.17369 0.43163 -0.26403 -0.21353 0.28582 -0.072185 -0.61189 0.49331 0.18538 -0.24549 0.090669 -0.2971 -0.20704 -0.41263 -0.22648 -0.27967 -0.18821 0.030243 0.21791 0.31488 -0.007629 -0.37645 0.26602 -0.012017 -0.33276 0.35129 0.21543 -0.1441 -0.069207 0.026596 0.019903 0.12295 0.22251 0.036756 0.32569 -0.48312 0.39369 -0.13713 -0.0078494 -0.090025 0.28229 0.044073 0.16077 0.015021 -0.11819 -0.17719 -0.28855 0.033284 0.92216 0.24276 0.20375 -0.70543 -0.062924 0.17394 -0.70669 0.3584 -0.27157 -0.53361 -0.17325 -0.16675 -0.052753 -0.50903 0.16223 0.20158 0.057924 0.06252 -0.072345 -0.18439 -0.016278 0.26659 0.19666 0.14065 0.16427 -0.087079 -0.18365 0.12372 -0.5651 0.6839 -0.2202 -0.022382 -0.058839 -0.090656 0.26278 0.15643 -0.059306 0.19893 -0.05069 0.13011 0.0030316 -0.068018 -0.22549 -0.76936 -0.32679
getIterations	
greaterThan	
noformat	
assert	-0.19059 -0.44578 0.15766 0.7015 -0.1341 0.2891 -1.0561 -0.69427 0.31795 0.21459 -0.46638 0.40445 0.094866 -0.36593 -0.71545 -0.14749 0.41403 0.17088 -0.84226 -7.0514e-07 0.4136 -0.31711 0.21547 -0.15201 -0.4753 -0.53525 -0.20696 -0.34228 0.11678 -0.25005 0.366 0.18316 -0.48592 -0.0014746 -0.23675 -0.046102 0.0017353 0.26814 -0.037108 -0.016397 -0.52234 0.32181 -0.13531 -0.26124 -0.69445 -0.70291 0.67474 -0.037809 -0.051181 -0.49642 -0.14028 0.74239 0.15842 1.0788 0.56887 -0.55635 0.50459 -0.92062 0.095294 -0.11771 -0.03434 0.020342 0.27589 -0.04289 0.50265 0.17807 0.27571 0.16102 -0.69721 -0.16515 0.50198 0.25841 -0.30055 -0.40496 -0.032764 -0.88898 -0.56175 -0.36018 -0.77595 -0.053518 -0.24391 -0.35764 -0.31659 0.41928 -0.48078 -0.38196 0.29501 0.76383 -0.003329 -0.028754 -0.054077 -0.40097 -0.20808 -0.52206 0.14523 -0.35767 -0.45376 -0.10878 0.18716 0.46686
Iterations	-0.5979 0.045235 -0.18973 0.39459 0.17653 0.24053 0.20704 0.36615 -0.045302 0.16264 0.5913 0.11386 0.30029 0.019608 0.30148 -0.10997 -0.56615 0.98688 0.49498 0.21761 0.20331 -0.17458 -0.49698 0.41132 -0.027526 -0.13436 1.0052 0.17189 0.061287 -0.40186 -0.015832 -0.24657 -0.36951 -0.18854 0.12283 0.60293 -0.47144 -1.083 -0.010964 -0.46449 -0.061296 -0.11712 -0.15792 0.72599 -0.81309 0.48958 0.14269 -0.28283 0.20352 0.78998 -0.11111 -0.25784 0.34452 -0.12535 0.23277 0.23574 0.15848 0.27724 -0.52655 0.12572 -0.5351 0.0034495 0.0089104 0.88157 0.36321 -0.12453 -0.59148 -1.0459 0.1703 -0.29764 -0.074901 0.34603 0.041886 -0.23962 -0.17548 -0.26813 -0.27027 -0.48439 -0.44581 -0.36668 -0.12608 -0.2315 -0.27832 0.14726 -0.96016 0.75454 0.1213 -0.56234 -0.38997 -0.079411 -0.33382 0.8606 -0.75433 -0.017816 -0.08635 -0.5678 -0.11034 0.049097 0.091189 0.024434
greater	-0.14471 -0.16199 0.32201 0.79056 0.41845 -0.42938 -1.1759 -0.29589 -0.29759 0.31202 -0.90897 -0.26276 -0.09649 -0.026413 0.26833 -0.76579 -0.39476 0.29882 -0.71515 0.42106 0.061787 0.10195 -0.75105 -0.54249 -0.17525 0.13127 0.29025 -0.27829 -0.064917 -0.095284 0.25912 0.22806 -0.13962 0.013549 0.47956 -0.42568 0.92421 0.6654 -0.63769 0.46098 -0.28924 -0.82379 -0.024738 -0.7458 0.026292 -0.15056 1.3731 -0.48979 -0.19293 -0.28239 -0.20675 0.12548 -0.57321 0.88322 0.37409 -2.1248 0.33869 -1.2603 1.4491 -0.41792 0.068244 0.31072 -1.1232 -0.0307 0.74356 0.15355 -0.47774 -0.35084 0.92321 0.21293 0.25014 -0.36026 -0.34419 -0.2213 0.75728 -0.037537 0.043166 -0.70263 -0.59938 0.040503 0.36201 0.1533 -0.28954 -0.052028 -1.3228 0.22108 0.20117 -0.19789 0.38749 -0.05553 0.09982 -0.58817 -0.26649 -0.25804 -0.5352 -0.31934 0.1489 -0.33075 1.0151 0.34785

