Report	-0.59537 -0.32836 0.58577 -0.74072 -0.09532 -0.74893 -0.28177 0.52217 0.31904 0.083793 0.50095 0.10168 0.31447 0.26187 -0.11273 0.76669 0.044041 -0.58808 -0.51672 -0.14013 0.24544 -0.678 -0.24864 0.87743 -0.64057 -0.62382 0.36739 -0.20345 -0.50641 0.52411 0.28528 -0.11386 -0.47109 0.26002 -0.46366 0.27499 0.06741 0.31625 -0.22564 0.029032 -1.3492 0.19262 -0.66144 0.20876 0.24751 -0.33938 -0.18857 -0.88209 -0.46367 -1.3514 1.2399 -0.080302 0.14926 0.70604 -0.50818 -2.225 -0.20132 -0.33361 1.8033 0.066711 -0.49835 0.027327 -0.30273 -0.60213 0.4461 -0.4295 -0.091883 0.57811 0.58537 0.4652 0.11657 0.36907 -0.3127 -0.35623 0.30122 0.35685 0.043412 0.054971 -1.9139 -0.094874 0.59941 0.60765 -0.64818 -0.39301 -1.1928 -1.3394 0.54517 -0.33547 -0.20778 -0.020578 0.63703 -0.41109 -0.12349 -0.29479 -0.032713 0.83004 -0.0063338 -0.46121 0.52141 0.16243
viewer	-0.2946 0.27875 0.73325 0.27579 -0.025844 0.78302 -0.63404 -0.002878 0.76258 -0.27628 -0.18515 -0.15956 0.26743 -1.3196 0.59594 0.32019 -0.50981 0.61436 0.57873 0.66796 -0.89815 -0.30598 -0.040631 -0.47364 0.93317 -0.46473 0.53547 0.74241 0.54139 -0.70763 0.36486 1.0768 -0.17308 0.49537 0.64368 0.10273 -0.22888 -0.091939 0.13983 -0.25133 -0.069005 0.17127 -0.63714 0.18309 -0.75406 -0.41233 -0.35782 -0.61358 0.46312 -0.17403 0.24408 -0.17106 -0.16207 0.43521 0.19793 -1.1034 0.25084 -0.7542 0.93215 -0.3146 0.29889 0.84547 -0.034661 0.4007 0.81164 0.024951 -0.034177 -0.77655 -0.25403 0.50032 0.17729 0.39508 0.57764 -0.30586 0.30349 0.39429 -0.049931 -0.38857 0.044208 -0.58424 -0.22152 0.29286 -0.53004 -0.20136 -0.80426 -0.84174 -0.58988 0.3258 0.39676 -0.28005 0.15966 0.77329 0.67113 -0.51928 0.56634 -0.17652 0.24855 -0.34567 0.25365 0.13753
scrolling	-0.65667 0.11864 -0.1979 0.13969 0.48113 0.76537 -0.34236 -0.56406 0.28858 0.056661 0.36451 -0.18213 0.026546 -0.8024 -0.045008 1.2782 -0.9678 -0.15895 0.2425 -0.76171 -0.12837 0.020942 -0.1509 0.11544 0.87182 -0.13626 -0.68167 0.60838 -0.47164 -0.61303 -0.13055 0.55828 -0.19216 -0.32107 1.1868 -1.0248 -0.7081 -0.45193 0.1141 -0.10669 0.2515 -0.13319 -0.9416 0.55245 -0.44365 0.78415 0.40434 -0.78634 0.48577 0.4841 0.59007 0.33155 -0.1724 0.70818 0.13789 0.028546 0.56161 0.42015 0.58419 -0.22614 -0.049467 0.94535 -0.56016 -0.065214 0.11489 0.41264 0.35057 0.090926 -0.53666 0.33439 0.032119 -0.33218 1.3832 -0.3163 -0.8883 0.24351 -0.16947 0.42427 0.91959 -0.91308 -0.32294 -0.41205 -1.0734 0.43486 0.060165 0.076289 0.15087 -0.60095 1.0097 0.14384 -0.79346 0.12512 -0.80012 -0.26497 0.83301 -0.77304 -0.11074 -0.067692 0.76402 0.041548
broken	-0.084564 0.35346 -0.16379 -0.18409 0.0036931 0.50674 -0.052212 0.409 0.45315 -0.041283 0.18745 0.38732 1.3659 1.0564 -0.34125 0.10131 -0.14462 0.037787 -0.12223 -0.38709 0.52203 -0.0050442 0.15408 -0.076458 1.297 0.09067 -0.86906 -0.39709 0.34315 0.095734 0.87503 0.35229 0.12862 -0.32433 -0.12532 -0.3923 -0.34234 -0.32296 0.018866 0.45917 0.064123 -0.27876 0.5286 -0.42159 -0.33292 0.13152 -0.04405 0.4398 0.2448 -0.44363 0.46822 0.16958 -0.1296 0.50189 0.20353 -2.1188 -0.039136 0.32108 1.2495 1.4418 0.093029 0.73064 -0.59638 0.48746 0.03887 0.2354 0.53311 -0.0054371 0.0011725 -0.62694 -0.20826 0.87288 0.58161 0.12437 0.52127 -0.10328 0.15957 0.41192 -0.30203 0.41819 0.53431 0.14843 -0.33504 0.65519 -0.81596 -0.036436 -0.051418 0.25479 -0.83728 0.3841 -0.30054 -0.39719 -0.46924 0.82971 -0.30626 0.05909 -0.05918 -0.038804 0.25907 -0.22836

Compiere	
Bug	-0.42404 -0.11038 0.94873 -0.71327 -0.19712 0.077077 0.96163 -0.35674 0.8292 -0.3676 0.15004 0.62746 0.091752 0.11142 -0.015791 0.84124 0.24467 0.023366 0.54286 -0.068057 -0.87995 -0.59202 0.18641 0.50787 0.55458 0.48448 -0.42383 0.22249 -0.8823 -0.041186 -0.049256 0.31483 0.25182 0.10876 0.45824 -0.12085 -0.96037 -0.69492 0.93473 -0.31937 -0.31673 0.24099 -0.3822 -0.72243 0.18017 0.62991 0.0030923 -0.36699 -0.21576 -0.1654 -0.55928 0.11278 -0.62944 0.56955 -0.59166 -0.92922 0.044769 0.32981 0.697 -0.13983 0.40377 1.7035 -0.68531 0.49846 0.29719 0.27865 -0.18668 -0.93605 0.66117 0.01478 -0.30582 -0.4491 -0.44983 -0.39544 -0.37577 -0.18869 0.06883 -0.04811 -0.33131 1.0204 0.32457 -0.88047 0.018825 -0.303 -0.88685 0.35682 -0.3993 -0.10512 -0.86557 0.37554 0.48771 -0.28133 0.12722 -0.56959 0.33936 0.40162 0.1109 -0.20506 0.18093 -0.23185
Tracker	-0.30506 -0.03558 0.1908 -0.2274 -0.1501 -0.13406 0.3882 -0.46984 0.13072 0.24431 -0.39106 -0.37887 0.75863 -0.71378 0.7995 0.52844 0.67533 -0.14908 1.0924 0.48868 -0.069519 0.1128 -0.42977 -0.1544 -0.18401 0.28287 -0.50611 0.9669 -0.31446 0.072116 0.42511 -0.22545 -0.55081 1.6807 0.40069 0.18381 -0.1841 0.48652 0.72026 -0.46685 0.3077 -0.22838 -1.0114 -0.10789 -0.54507 -0.94955 -0.89672 -0.85357 -0.24463 -0.0045437 -0.37423 0.32308 -0.16263 0.11498 0.22552 -0.49244 -0.56091 0.54556 0.72102 0.64068 -0.39705 -0.3011 0.52692 0.83285 -0.36341 0.090614 -0.53274 0.19019 1.2065 0.090417 0.29954 0.1167 -0.43765 -0.39528 0.15088 -0.24363 0.10638 0.28196 -0.82678 -0.28655 0.38605 0.2166 -0.014171 0.26634 0.73705 -0.054684 -0.086213 -0.3894 -0.037087 -0.56456 -0.054117 0.61908 0.20338 -0.49983 1.1031 0.021902 0.17581 -0.4064 -0.40465 -0.1524

http	-0.78276 0.80839 0.34307 -0.056739 -0.22186 0.62693 -1.1103 0.26204 0.43222 0.19659 1.0535 -1.0201 -0.63932 -0.48783 0.34218 0.86971 0.79009 -1.4131 -0.34594 0.15927 -1.0754 -0.51421 0.069214 1.5814 0.6842 0.0095959 0.481 0.68623 0.059354 -1.1807 0.50105 0.91183 0.35633 0.5449 1.2338 1.0921 -0.32087 0.35704 0.95254 -0.12311 -0.15272 0.33961 -0.098089 -0.15975 0.13301 0.17044 -0.72582 -0.063276 0.53076 0.60043 1.1527 0.72697 0.33649 0.46124 -0.91024 -0.12898 0.54072 0.30668 0.48901 -0.63584 -0.59013 -0.071582 -0.091594 -0.86752 0.15488 -1.0922 0.33943 -0.30857 0.27868 -0.86409 -1.2991 0.13353 0.41928 -0.19728 0.074828 -0.89912 -0.23144 0.80908 -0.3161 0.18095 0.34996 -0.24297 -0.50595 0.19423 0.12022 1.2143 1.4073 0.50377 -0.39768 -0.27614 -0.60669 1.0417 -0.23915 0.44705 0.79111 -0.30528 0.73449 0.083831 0.47065 0.59265
sourceforge	-0.63231 -0.05806 0.65477 -0.2846 1.1385 -0.42134 -0.13096 0.63853 0.68331 0.043504 0.20052 0.79026 -0.17759 -1.4624 -0.35739 -0.42582 0.90435 -0.039303 -0.28378 -0.29853 -1.3521 0.084798 -0.090432 0.3264 0.2484 0.031744 0.37255 0.47535 -0.17161 0.0070811 -0.48358 0.20916 0.75005 0.49499 0.12304 1.0783 -0.88335 -0.23778 0.31389 -0.64817 0.29933 0.75226 -0.5557 1.1685 0.038683 0.0064126 -0.12725 0.011246 -0.094556 0.14088 -0.10346 -0.12407 0.094995 -0.37952 -0.52027 0.10109 -0.63688 -0.68303 0.16297 -0.84736 -0.75185 -0.11444 -0.033134 -0.51508 0.12121 0.16451 -0.26084 -0.1827 0.76316 0.27976 0.10637 0.57401 0.47984 0.012302 -0.80827 0.39807 0.58346 0.18017 -0.25114 0.27813 -0.25044 -0.047521 0.47218 0.60721 0.45973 0.74931 0.23468 0.23709 -0.59404 0.8898 -0.40431 0.47705 -0.7747 0.24772 0.56217 0.057698 -0.11925 0.26364 0.80704 -0.15393
net	0.51435 0.059716 0.70215 -0.51947 0.47898 -0.0048011 0.18822 -0.30317 -0.35363 -0.34969 0.38779 0.49882 -0.2516 -0.13245 0.58114 -0.13979 -0.66392 0.3218 0.35138 0.37346 0.70857 0.43339 -0.18359 1.7049 0.10267 -0.37952 0.33583 0.19917 -0.33893 -1.2667 -0.011259 0.83463 -0.14993 -0.13931 0.24297 -0.22334 -0.46244 0.53481 -0.23889 -0.17298 0.52748 -0.56051 -0.35783 0.66836 0.14204 0.075727 -0.44825 -0.36409 -0.35273 -0.71321 -0.14912 0.40095 -0.35704 0.55478 -0.38547 -1.9744 0.018177 -0.43355 2.2304 0.48014 0.50102 -0.72207 -1.1078 0.66829 -0.56571 -0.068312 0.26556 0.029946 0.78739 -0.19843 0.27247 0.29646 0.88368 -0.45316 0.10628 -0.60375 -0.22026 0.17801 -0.37431 0.73622 0.55096 0.47428 -0.46101 -0.27068 -1.0666 -1.5399 0.46159 -0.45909 -0.11978 -0.078589 -0.085481 0.18648 0.11012 -0.70056 -0.080856 -0.13587 0.57279 -0.049566 0.68103 -0.51854
tracker	-0.30506 -0.03558 0.1908 -0.2274 -0.1501 -0.13406 0.3882 -0.46984 0.13072 0.24431 -0.39106 -0.37887 0.75863 -0.71378 0.7995 0.52844 0.67533 -0.14908 1.0924 0.48868 -0.069519 0.1128 -0.42977 -0.1544 -0.18401 0.28287 -0.50611 0.9669 -0.31446 0.072116 0.42511 -0.22545 -0.55081 1.6807 0.40069 0.18381 -0.1841 0.48652 0.72026 -0.46685 0.3077 -0.22838 -1.0114 -0.10789 -0.54507 -0.94955 -0.89672 -0.85357 -0.24463 -0.0045437 -0.37423 0.32308 -0.16263 0.11498 0.22552 -0.49244 -0.56091 0.54556 0.72102 0.64068 -0.39705 -0.3011 0.52692 0.83285 -0.36341 0.090614 -0.53274 0.19019 1.2065 0.090417 0.29954 0.1167 -0.43765 -0.39528 0.15088 -0.24363 0.10638 0.28196 -0.82678 -0.28655 0.38605 0.2166 -0.014171 0.26634 0.73705 -0.054684 -0.086213 -0.3894 -0.037087 -0.56456 -0.054117 0.61908 0.20338 -0.49983 1.1031 0.021902 0.17581 -0.4064 -0.40465 -0.1524
php	-0.3348 1.0343 -0.1828 0.058722 0.66356 0.54363 -0.47336 -0.3993 0.16435 0.23319 0.61397 -0.15489 0.067168 -0.20112 -0.40123 0.062144 -0.13423 0.29833 0.41062 1.0476 -0.6103 -0.79101 0.41242 1.3265 0.42019 0.36817 0.86232 0.6346 -1.3926 -0.71901 -0.29336 1.1007 0.13356 0.39104 0.42711 0.64348 -0.29069 0.23307 0.19279 0.31593 -0.26978 0.67336 -0.55639 0.85368 -0.46956 0.32882 0.098633 -0.014083 -0.18468 0.32146 -0.42186 0.28965 0.16042 -0.23932 0.075243 0.36113 0.16667 -0.72437 0.554 0.34221 0.52209 -0.18127 -0.7653 -0.15655 0.32095 -0.25848 0.38589 0.6389 0.38755 0.092762 -0.85553 0.24033 0.81555 0.21576 -0.57847 0.24461 -0.027632 0.80378 -0.43996 0.12085 -0.59393 -0.33397 -0.44345 -0.1416 0.47636 1.9531 1.5502 -0.073112 -0.32504 0.60542 0.70835 0.56457 -0.2648 0.43821 0.73632 -0.11473 0.12265 -0.044871 0.83517 -0.28128
func	-0.0052779 0.064066 -0.55277 0.36934 -0.46898 -0.050293 -0.093735 -0.17175 0.40192 -0.24223 0.19308 0.21165 -0.079399 0.15759 -0.30105 0.18947 -0.47762 0.050617 0.45025 -0.16984 0.056617 -0.10975 -0.28213 -0.013935 -0.049192 0.5861 -0.27343 0.19925 0.051628 -0.15944 0.22814 0.28351 -0.059529 -0.29536 0.26799 -0.19144 0.19385 -0.82016 -0.0093048 0.36313 0.20909 0.20252 0.15964 0.078009 -0.13851 -0.11892 -0.27812 0.69804 0.17492 0.49244 0.044946 0.21259 -0.25379 -0.41011 0.23829 0.55801 0.10223 0.14215 -0.27098 -0.40257 -0.13388 -0.7808 -0.045513 -0.27761 0.22708 0.59023 -0.12973 -0.034584 -0.089785 0.23079 0.34623 0.3167 -0.070341 0.035361 0.2576 -0.19154 0.51998 0.26422 0.45612 0.21087 -0.30698 -0.43207 0.18937 -0.094287 0.35202 0.14756 -0.36144 -0.016243 0.2371 0.52572 0.027682 0.3964 0.19051 -0.3885 0.53695 0.028337 0.094828 -0.039511 -0.17007 -0.022623
detail	-0.69015 0.41495 0.45237 0.6799 -0.15298 0.10894 -0.22468 0.1399 0.17371 0.28139 0.47549 0.11095 0.064048 -0.272 0.03273 0.7355 -0.18228 -0.18632 -0.30861 0.081485 -0.25254 -0.51426 -0.45423 -0.2565 -0.46153 -0.3244 -0.19277 0.2356 -0.44727 -0.57878 -0.15804 -0.48794 -0.47944 -0.38716 -0.51944 0.1734 -0.30986 -0.034376 0.0089911 0.22447 0.13938 -0.58078 0.018829 0.45353 -1.1344 0.25036 -0.07526 -0.31196 0.41184 -0.60537 1.5117 0.031108 0.36007 1.4566 -0.23245 -1.1364 0.038056 -0.47483 0.8874 0.25449 -0.1316 1.1982 -0.49553 -0.25462 1.1738 -0.48723 0.31818 -0.0023252 -0.11005 0.40534 0.019101 -0.087459 0.17342 -0.38228 0.79876 0.16319 0.11939 -0.51468 -0.30108 0.037093 0.023822 0.038232 0.63676 -0.32373 -1.5045 -0.0080834 0.082348 0.063196 -0.382 -0.13026 0.23273 -0.43962 -0.1767 -0.25499 0.066881 -0.030917 -0.499 -0.9235 0.13897 0.2925
aid	-0.073804 1.1335 0.021596 -0.071225 0.43764 -0.30892 -0.076018 0.4266 0.37144 0.093786 -0.30452 0.26274 0.091453 0.56864 -0.18465 -0.2942 0.07372 -0.70324 -0.67785 0.29413 -0.3162 0.3047 0.3419 0.35122 -0.43819 0.54104 -0.77641 -0.13515 0.053745 -0.24542 0.1985 -0.098899 -0.73875 0.19905 -0.40544 -0.044215 0.36816 0.47803 -0.54876 0.24668 -0.87782 0.05111 0.27039 0.34189 0.81635 -0.36409 -0.73857 -0.12307 -0.37008 -0.10883 -0.073423 0.79859 0.22202 0.93781 -0.13559 -1.6726 -0.18858 -1.1729 2.098 0.17845 0.38626 -0.55394 -0.22801 -0.063556 0.25895 0.02622 -0.99526 0.47762 0.78039 -0.40498 0.0054702 -1.0825 -0.77241 -0.11967 1.0173 0.91901 -0.27109 0.73952 -0.76863 -0.010821 0.86278 0.44615 -0.17783 -0.075448 -1.9547 0.82614 0.38577 0.13233 -0.79259 -0.68091 0.28192 0.11271 -0.085591 -0.60637 -0.34434 -0.018529 0.37098 0.7206 0.83567 0.13056
group	0.060976 0.38679 -0.25953 -0.45005 0.63819 0.35468 0.36497 -0.0064529 -0.49058 0.32951 0.86002 -0.5863 0.38647 -0.27503 -0.48817 0.27045 0.158 -0.91305 0.17947 0.11964 0.66995 -0.50165 0.43762 0.33298 -0.67132 -0.25389 0.14377 0.3523 0.16418 -0.16632 -0.11202 0.76496 -0.44687 0.11007 0.52306 -0.19121 0.69482 1.2401 0.10421 -0.63267 -0.59908 0.19479 0.12724 -0.037123 0.21433 -0.23203 -0.51001 1.0355 -0.32743 -0.21527 -0.50623 0.082396 -0.2465 0.80009 -0.44878 -2.6585 -0.13689 -0.30755 1.8495 1.4421 0.32334 -0.29875 0.09452 -0.349 0.7357 0.37951 0.12885 1.3724 0.85535 0.12818 -0.30751 -0.59735 -1.0629 -0.83931 -0.61702 -0.34366 0.030624 -1.0825 -1.08 -0.063582 0.64191 -0.034814 -0.16023 0.65881 -1.2872 -0.69742 -0.27271 -0.32249 0.34637 0.22391 -0.20412 -0.91463 0.15462 0.14573 -0.20632 0.41097 -0.6167 -0.41001 0.86225 0.066058
atid	-0.22206 -0.51566 -0.1025 0.29995 0.28135 0.48044 -0.01106 -0.50649 0.33461 0.090336 0.42511 -0.065243 0.092719 -0.21853 -0.084557 0.073322 0.049585 0.14914 0.56956 -0.29354 -0.41813 0.087848 -0.13204 -0.71389 -0.69614 0.038898 -0.17469 0.42007 0.1053 0.27788 0.065927 -0.089853 0.51988 0.015633 0.10424 -0.347 0.26951 -0.36718 0.15838 0.069355 0.076821 0.33039 0.39768 0.29658 -0.10853 -0.030903 -0.22533 0.50663 0.10527 0.55787 0.036565 0.064411 -0.081506 -0.36245 0.34888 0.74118 0.72669 0.74764 -0.61712 -0.15942 -0.20873 -0.26471 -0.51124 0.47617 -0.040972 0.21317 -0.83328 -0.49693 0.066809 -0.20826 0.74329 0.28304 0.16462 0.26238 0.045628 0.40442 0.25592 -0.53118 0.25822 -0.22724 -0.40223 -0.49545 0.67909 -0.082784 0.70676 -0.12094 -0.097723 0.26063 0.16993 0.70544 0.075859 0.23741 0.33996 0.0069102 0.3332 0.038744 0.33264 0.20004 -0.016281 -0.23704
Basically	-0.089409 0.18174 0.59192 0.027514 -0.030909 0.29783 0.054757 0.35339 0.44706 -0.35442 0.43931 0.24769 0.65981 -0.06032 0.049474 -0.41325 -0.4173 0.55939 0.12105 0.041432 0.30587 0.52073 -0.12573 -0.7782 -0.082588 -0.16384 -0.43655 -0.44788 -0.50973 0.16276 -0.10706 0.73118 -0.041275 -0.082099 0.4203 -0.1022 0.088506 -0.24832 0.22473 -0.69304 -0.11557 0.12935 0.089289 -0.064423 -0.55927 -0.37801 0.073832 0.23254 -0.31656 -1.1843 -0.067921 -0.35744 0.11168 0.60018 -0.11738 -1.2038 0.259 0.14727 0.88789 0.67746 0.13809 0.019532 -0.67314 -0.19143 0.79627 0.14931 0.44863 0.27718 -0.31164 -0.02068 0.57846 -0.24889 0.2395 0.16898 0.15484 0.13197 -0.23816 0.56639 -0.37383 0.015599 0.015489 -0.00077087 -0.99915 -0.12085 -1.3097 0.032418 -0.16697 -0.46499 -0.66175 -0.017258 -0.0915 -0.10844 -0.12472 -0.19422 -0.0053748 -0.13752 -0.046279 -0.45168 0.074696 0.5847
report	-0.59537 -0.32836 0.58577 -0.74072 -0.09532 -0.74893 -0.28177 0.52217 0.31904 0.083793 0.50095 0.10168 0.31447 0.26187 -0.11273 0.76669 0.044041 -0.58808 -0.51672 -0.14013 0.24544 -0.678 -0.24864 0.87743 -0.64057 -0.62382 0.36739 -0.20345 -0.50641 0.52411 0.28528 -0.11386 -0.47109 0.26002 -0.46366 0.27499 0.06741 0.31625 -0.22564 0.029032 -1.3492 0.19262 -0.66144 0.20876 0.24751 -0.33938 -0.18857 -0.88209 -0.46367 -1.3514 1.2399 -0.080302 0.14926 0.70604 -0.50818 -2.225 -0.20132 -0.33361 1.8033 0.066711 -0.49835 0.027327 -0.30273 -0.60213 0.4461 -0.4295 -0.091883 0.57811 0.58537 0.4652 0.11657 0.36907 -0.3127 -0.35623 0.30122 0.35685 0.043412 0.054971 -1.9139 -0.094874 0.59941 0.60765 -0.64818 -0.39301 -1.1928 -1.3394 0.54517 -0.33547 -0.20778 -0.020578 0.63703 -0.41109 -0.12349 -0.29479 -0.032713 0.83004 -0.0063338 -0.46121 0.52141 0.16243
viewer	-0.2946 0.27875 0.73325 0.27579 -0.025844 0.78302 -0.63404 -0.002878 0.76258 -0.27628 -0.18515 -0.15956 0.26743 -1.3196 0.59594 0.32019 -0.50981 0.61436 0.57873 0.66796 -0.89815 -0.30598 -0.040631 -0.47364 0.93317 -0.46473 0.53547 0.74241 0.54139 -0.70763 0.36486 1.0768 -0.17308 0.49537 0.64368 0.10273 -0.22888 -0.091939 0.13983 -0.25133 -0.069005 0.17127 -0.63714 0.18309 -0.75406 -0.41233 -0.35782 -0.61358 0.46312 -0.17403 0.24408 -0.17106 -0.16207 0.43521 0.19793 -1.1034 0.25084 -0.7542 0.93215 -0.3146 0.29889 0.84547 -0.034661 0.4007 0.81164 0.024951 -0.034177 -0.77655 -0.25403 0.50032 0.17729 0.39508 0.57764 -0.30586 0.30349 0.39429 -0.049931 -0.38857 0.044208 -0.58424 -0.22152 0.29286 -0.53004 -0.20136 -0.80426 -0.84174 -0.58988 0.3258 0.39676 -0.28005 0.15966 0.77329 0.67113 -0.51928 0.56634 -0.17652 0.24855 -0.34567 0.25365 0.13753
jumps	0.87831 0.76211 0.24562 -0.05516 0.10355 -0.6789 -0.36757 0.52207 -0.37174 -0.10266 1.0164 0.97297 0.028706 0.22013 0.36371 0.79072 -1.5199 0.72657 0.24994 0.07658 0.79373 0.32268 -0.28497 0.30724 0.25493 0.049801 -0.68182 0.059687 0.40362 -0.73308 -0.5968 0.2901 0.15876 0.070044 0.57204 0.70252 -0.86423 -0.1618 -0.026244 0.19154 -0.14515 0.34694 -0.62756 0.15429 -0.56114 0.15854 -0.56041 -0.39705 0.31183 -0.19028 -0.53601 0.061462 0.12484 1.3302 0.34361 -1.1603 0.10341 0.33138 0.74712 0.11517 0.17949 0.059578 0.22881 0.52396 -0.43749 0.33677 0.028801 -0.67852 0.21443 0.038026 -0.87474 -0.22532 0.020465 1.0772 0.71369 -0.14903 -0.53563 -0.049547 0.23989 -0.19058 0.13683 0.29553 -0.20244 -0.40515 -0.24246 -1.0324 0.32728 -0.46241 0.27757 -0.23512 -0.23432 0.1031 -0.54905 0.21484 -0.16597 -0.34962 -0.16015 -0.2617 0.41802 -0.055161
top	-0.64139 0.16588 1.0462 -0.085233 0.64073 -0.18599 0.29837 -0.38625 -0.54632 0.41936 0.9055 -0.10732 0.3553 0.44282 -0.56258 0.088029 0.3121 -0.65469 -0.27651 -0.12228 0.11083 0.12265 0.12285 0.0048422 0.29274 -0.13614 0.35921 -0.49721 0.35924 -0.38925 0.22698 0.046908 0.057426 0.13277 0.070313 0.85226 -0.75867 0.42957 -0.33903 0.30658 -0.28943 -0.39205 0.49891 -0.081137 0.65287 0.097967 -0.31152 -0.099737 0.034669 -0.64119 -0.37446 -0.66303 -0.83489 1.2714 -0.30646 -2.4915 -0.40497 0.68565 1.748 1.0818 -0.40413 0.31756 -0.094964 0.26509 0.57328 -0.31301 0.39356 1.2891 0.46514 0.19392 0.19892 -0.094394 -0.35666 0.066796 0.18402 -0.056227 -0.44295 -0.47292 0.058349 -0.35362 1.5464 -0.13702 -0.30913 -0.60054 -0.80227 -0.87128 -0.28521 0.62175 0.6822 -0.32482 -0.22094 0.54962 -0.48598 0.17735 -0.72483 -0.22021 -0.19318 -0.1656 1.3286 0.39538
top	-0.64139 0.16588 1.0462 -0.085233 0.64073 -0.18599 0.29837 -0.38625 -0.54632 0.41936 0.9055 -0.10732 0.3553 0.44282 -0.56258 0.088029 0.3121 -0.65469 -0.27651 -0.12228 0.11083 0.12265 0.12285 0.0048422 0.29274 -0.13614 0.35921 -0.49721 0.35924 -0.38925 0.22698 0.046908 0.057426 0.13277 0.070313 0.85226 -0.75867 0.42957 -0.33903 0.30658 -0.28943 -0.39205 0.49891 -0.081137 0.65287 0.097967 -0.31152 -0.099737 0.034669 -0.64119 -0.37446 -0.66303 -0.83489 1.2714 -0.30646 -2.4915 -0.40497 0.68565 1.748 1.0818 -0.40413 0.31756 -0.094964 0.26509 0.57328 -0.31301 0.39356 1.2891 0.46514 0.19392 0.19892 -0.094394 -0.35666 0.066796 0.18402 -0.056227 -0.44295 -0.47292 0.058349 -0.35362 1.5464 -0.13702 -0.30913 -0.60054 -0.80227 -0.87128 -0.28521 0.62175 0.6822 -0.32482 -0.22094 0.54962 -0.48598 0.17735 -0.72483 -0.22021 -0.19318 -0.1656 1.3286 0.39538
attempt	0.073441 -0.89389 -0.31993 0.126 0.20442 0.36499 0.072311 -0.64184 0.1925 0.5395 0.09818 0.63158 -0.18369 -0.34866 -0.27956 0.50707 -0.103 0.14334 -0.9279 0.13907 0.61116 -0.45708 0.40747 -0.082342 0.11692 0.016529 -0.87342 -0.3014 0.52137 -0.35352 -0.26784 0.52033 -0.020345 -0.13982 -0.14164 -0.16239 0.010663 0.025515 0.076736 0.30643 -0.81928 0.17106 -0.058683 -0.18291 -0.21725 0.095105 0.31953 -0.14566 -0.12943 -0.48819 -0.25699 0.80707 0.44905 1.4987 0.39056 -2.5767 -0.46051 -0.26849 1.5775 -0.22029 -0.74025 -0.11244 0.081251 0.31896 0.80591 -0.49593 -0.23337 0.087635 -0.63077 -0.67372 -0.21916 -0.66155 -0.55305 -0.19656 -0.50001 -0.022081 -0.19486 0.24775 -0.98842 0.44896 0.33872 0.62522 -0.09337 -0.06908 -1.4266 -0.36565 0.61347 0.86116 0.19109 -0.17668 0.076289 0.21743 -0.4824 -0.22567 -0.29371 -0.3037 -0.21191 -0.20617 -0.13987 -0.48738
scroll	-0.20967 0.61612 -0.56768 -0.57507 0.95182 0.13815 -0.69722 -0.48431 -0.25452 -0.84852 -0.032353 0.58199 0.67475 -0.15442 -0.53019 0.68239 0.23999 -0.34655 -0.026353 -0.75407 -0.33902 -0.59335 -0.60848 -0.0039573 1.7075 -0.32798 -1.0157 0.52144 -0.014704 -0.94497 0.15676 0.0044278 -0.087624 0.34409 0.1384 0.055032 -0.1517 0.13328 0.31982 -0.60558 -0.51687 -0.32094 -0.32791 -0.2715 -0.30187 -0.076582 0.33185 0.47355 -0.31489 0.28551 0.17061 0.68591 0.25309 0.76752 -1.1805 -0.31796 -0.28885 -0.043387 0.65966 0.35453 0.16867 1.1762 0.32657 0.45659 0.24929 0.65899 0.31129 0.45125 -0.11051 -0.5474 0.012599 0.52752 1.3578 -0.016084 -0.7196 0.42449 -0.18561 0.20813 0.60252 -0.77826 -0.64286 -0.32282 -0.41879 -0.26909 -0.028077 0.4386 0.57586 -1.2425 0.98862 0.43616 -0.54095 0.36953 0.50361 -0.47959 0.30692 -0.35948 -0.067786 -0.82963 0.078889 0.034195

screen	-0.2443 0.31736 0.37316 0.024728 0.47593 0.46237 -0.52878 -0.2309 0.29002 -0.26001 0.13085 -0.71615 -0.0095181 -0.079748 0.54465 0.21797 0.3206 0.76403 0.92603 -0.087922 -0.43011 -0.67706 0.16248 -0.51763 1.5561 -0.32276 0.092178 0.18626 -0.062488 -0.49408 0.78814 0.5396 0.054964 0.15587 1.1003 -0.15897 -0.23584 0.050911 0.15269 -0.25391 0.23425 -0.13317 -0.79285 0.3412 -0.034973 0.20716 -0.5549 -0.63209 0.078876 -0.22286 0.33449 -0.063357 0.34202 1.1567 0.24183 -2.2776 -0.68273 0.22377 1.3242 -0.3635 0.0022968 1.7104 -0.1626 0.35041 0.11467 0.26861 0.53955 0.14656 -0.53814 0.40044 0.49873 0.32552 0.45664 -0.1426 -0.086924 0.10273 -0.28184 0.20694 0.56841 -0.45415 -0.026015 -0.634 0.33497 0.27565 -1.8141 -0.34536 0.61824 -0.28075 0.31292 -0.24493 0.12002 0.76809 0.19801 -0.23924 0.038388 0.16166 0.098016 -0.16713 0.5813 -0.069271
small	-0.89621 0.80663 -0.69007 0.19353 0.027346 0.47775 -0.1595 0.50809 0.3385 -0.13413 -0.19104 -0.29469 0.17719 0.34367 -0.026511 -0.072662 0.21265 -0.01708 0.52737 0.41995 0.52438 0.64821 0.07787 -0.54756 0.419 -0.17842 -0.55691 -0.25369 -0.71176 0.45021 0.077941 0.1705 0.18315 -0.40991 0.59831 0.034685 0.63878 0.4351 0.57107 -0.19938 -0.2233 -0.70525 -0.064241 -0.26702 0.28778 -0.08513 0.44392 0.66984 -0.25939 0.1694 -0.36732 -0.12908 0.15972 0.57125 -0.088159 -2.7216 -0.25927 -0.55091 2.1003 0.29252 -0.24073 1.166 0.31718 0.86494 0.87777 -0.26263 0.39843 -0.19683 0.85566 -0.040796 -0.015001 -0.20317 0.22822 -0.41275 0.19831 0.24228 -0.042591 -0.21879 -0.40475 0.61087 1.0136 0.10997 -0.42007 -0.0013384 -1.0777 -0.46198 0.60134 -0.39004 0.20304 -0.21491 -0.30739 -0.2589 0.15525 -0.2165 -1.1384 -0.033027 -0.6271 -0.27229 0.92849 -0.11168
resolution	0.23781 0.063761 0.80262 0.76131 -0.10788 0.069264 -0.33105 0.27445 0.52791 -0.023961 0.13653 -1.1457 -0.098835 -0.47677 0.46536 0.62525 -0.5391 -0.25311 -0.78762 -0.7605 -0.21789 -0.4039 0.31635 -0.30274 0.28621 0.29053 -0.41255 0.38373 -0.16349 0.24823 0.40265 -0.054273 -0.23888 0.1722 0.1543 -0.046898 0.74342 -0.58658 -0.31767 -0.096136 -0.96074 -0.15967 0.48804 -0.40748 -0.80144 -0.87983 0.091348 -0.15993 -0.79923 -0.81548 0.81971 0.41919 -0.10969 1.3018 -0.23136 -1.9177 0.68407 -0.9412 1.0486 -0.44009 -0.092445 -0.61861 -0.45635 -0.54437 0.48037 0.09173 -0.62062 1.2687 -0.72864 -0.6821 0.98974 -0.31219 0.018415 -0.28606 0.24798 0.3926 -0.48948 0.34442 -1.6762 -0.50281 0.027509 -0.78234 0.53512 -0.19064 -0.97572 0.67483 1.8708 -0.78493 0.59687 -0.65159 -0.61526 0.65382 -0.77413 0.70839 -0.49041 0.8267 -0.46376 -0.021798 0.77709 -0.46956
bottom	-0.81933 0.43211 0.49601 -0.34464 -0.13556 -0.18832 -0.28777 -0.1774 -0.17849 -0.087449 0.8476 0.12001 0.2242 0.13754 -0.047436 -0.11151 -0.28053 -0.37815 0.41345 -0.11022 0.3022 0.56228 0.06689 0.059754 0.36527 -0.096142 -0.61793 -0.26681 -0.48657 -0.59923 -0.0012194 0.18989 0.29976 -0.030456 0.077549 0.6626 -0.71073 0.43472 0.13399 -0.21635 0.08636 -1.1079 -0.67944 -0.19613 0.25418 0.67098 -0.013446 0.13612 -0.12126 -0.42828 -0.12136 -0.057328 -1.0558 1.3134 -0.78033 -2.2589 0.10385 -0.50185 1.4233 1.0191 -0.62567 0.41047 -0.6164 0.24781 0.89526 0.31807 0.2636 0.28732 -0.60665 -0.74352 -0.020778 0.62051 0.58865 -0.44527 0.24337 0.3101 -0.15469 -0.42987 0.26536 0.41282 -0.11762 0.95117 -1.3301 0.0064083 -0.28169 -1.0326 -0.34882 -0.093253 0.47256 0.4545 -0.59232 0.30563 -0.14154 0.41309 0.077806 -0.33988 0.084531 0.17665 0.67018 -0.37966

posted	0.051871 -0.50062 -0.069289 -0.43477 1.1875 0.040349 -0.187 -0.063421 -0.54728 -0.15219 0.86364 -0.20401 0.12563 -0.31466 0.33018 0.48292 0.24392 -0.85123 -0.13364 0.061367 0.95951 0.079254 0.031725 1.466 -0.30445 -1.2422 0.19207 0.47491 -0.15564 -0.41116 0.40376 0.26145 -0.31411 0.45337 0.3217 0.17272 -0.58889 -0.37871 -0.30403 0.28623 0.095748 0.36979 0.23452 0.57572 0.24217 0.037469 0.033837 0.083738 0.67546 -1.4285 0.6908 0.21852 0.30984 0.52713 -0.40755 -1.5497 -0.050036 -0.23206 1.5363 0.70499 -0.44966 -0.031284 -0.53351 0.03987 -0.41925 0.22269 0.19479 0.21764 0.65499 0.64397 0.012589 0.5683 -0.049483 -0.40747 0.26906 0.92917 0.45111 0.069168 -0.55889 0.12575 0.21945 -0.28347 -0.64748 -0.058389 -0.74309 -1.3485 0.63686 -0.81199 0.27964 0.54973 -0.034696 0.25608 0.38571 -0.37386 -0.29127 0.1106 0.14401 -0.15216 0.58189 0.12767
patch	-0.57757 0.33565 0.28524 0.0092054 0.0072356 -0.27777 0.074984 0.1971 0.29803 0.21171 -0.26704 -0.14376 0.78978 -0.022087 0.76906 0.8791 1.0101 -0.62464 0.44398 -0.57665 -0.33091 -0.16856 0.10713 0.19317 -0.096625 0.58324 -0.16293 -0.25622 -0.15029 -0.010646 0.61583 0.09678 0.76229 -0.14211 0.62567 0.72891 -0.74217 0.47201 0.51484 0.17635 0.10017 -0.42564 0.12109 -0.090641 -1.0986 0.49442 -0.45642 0.8412 -0.019915 -0.21694 -0.091926 -0.1899 -0.37842 0.82149 0.20462 -1.7445 0.039351 -0.38714 1.0034 0.46311 0.61021 0.80347 -0.25682 0.41033 0.30954 -0.084178 0.65206 -0.62462 -0.042619 -0.8895 0.26685 0.38509 -0.29664 0.019508 -0.0063043 0.020641 0.092966 0.93288 0.21828 0.97562 -0.27571 -0.44738 -0.31498 0.55237 -0.45193 0.0749 0.38399 0.043901 -0.19354 0.87199 -0.11564 0.29294 -0.34356 -0.25296 0.013028 -0.086004 0.052166 0.36911 -0.26895 -0.19388
Compiere	
ages	0.32475 1.2252 0.26021 0.65361 -0.44744 0.61917 0.01921 0.39774 0.061302 0.016723 0.095109 -0.12565 0.027653 0.077154 1.346 -0.62667 -0.021599 0.057893 -1.4537 0.85958 -0.40944 -0.26491 0.39025 0.40558 -0.098757 -0.53769 0.070384 -0.035648 -0.050638 -0.16503 0.56696 0.042138 -0.062214 -1.2082 0.35723 -0.018051 -0.020699 0.50024 -0.19723 0.16091 -0.13575 0.099524 -0.62565 0.084736 -0.25824 -0.61005 0.1076 -0.14802 0.51449 -0.40013 0.20712 -0.69683 -0.75978 0.6944 -0.071847 -1.0559 -0.41817 -0.51156 0.87291 0.73315 -0.065226 1.3653 0.0030717 -0.53596 0.41112 0.20198 -0.43431 -0.50325 -0.16545 -0.084715 -0.23716 0.11993 0.065711 0.44743 -0.39824 -0.41603 -0.49953 -0.28433 -0.26036 -1.2628 0.15813 0.61514 0.031996 -0.16091 -0.53749 -0.25358 -0.65485 -0.94458 -0.22831 0.64676 -0.23892 0.17219 0.80558 -0.41018 -1.122 -0.67284 -0.93272 -0.85665 0.66552 -0.27075
response	-0.10381 -0.082375 -0.086821 -0.13018 -0.59447 0.11825 -0.17622 -0.33066 0.034904 0.21399 -0.4451 -0.8555 -0.021265 -0.33418 0.26843 0.41091 -1.1472 -0.20613 -0.52034 -0.25914 0.25232 -0.60146 -0.20488 0.0010707 -0.39901 0.54089 -0.13518 0.5018 0.037703 0.05048 0.36008 0.67894 0.11122 0.41327 -0.1391 -0.06088 0.24838 -0.17702 -0.16926 -0.0023258 -0.62514 -0.18705 -0.16103 0.18337 0.65093 -0.0098868 0.14012 -0.26406 -0.11991 -0.87642 0.88643 0.3406 0.78907 0.73629 0.060071 -2.0966 0.39127 -0.57067 1.6775 0.12437 0.013024 0.38067 0.038857 -0.15637 1.0192 -0.37899 -0.65985 0.16913 0.48347 -0.030873 0.20605 -0.27537 -0.30476 -0.73477 0.47659 0.67159 0.25799 0.22556 -0.97999 -0.22026 0.89314 -0.29289 -0.47318 0.014072 -1.5876 -0.043664 0.64145 -0.021434 -0.47513 -0.80317 0.38675 0.073342 -0.53513 0.51066 0.35277 0.50236 -0.19435 -0.20118 0.30119 0.19498

Adempiere	
post	-0.64447 -0.41982 -0.095666 -0.37461 0.19756 0.001027 -0.28792 -0.024598 -0.0029299 0.049756 0.33836 -0.38351 0.23246 0.47998 0.22758 -0.11157 0.63144 -0.91361 -0.58595 -0.59712 0.38278 0.42334 -0.41936 0.31437 -0.095852 -0.95861 0.24977 -0.4251 0.23792 -0.32512 0.24761 0.54009 0.08414 0.024697 -0.3327 -0.1476 -0.54876 -0.20759 -0.40603 -0.087496 -0.62533 -0.053261 0.21777 -0.32172 0.32052 0.55517 -0.10078 -0.49931 0.22295 -0.68326 0.4122 -0.14803 -0.048037 0.57108 -0.058232 -2.4609 -0.0023947 0.099941 1.895 0.15116 -0.24142 0.55295 -0.23147 -0.21312 0.40646 -0.48525 0.57265 -0.058112 -0.1115 0.4265 0.017999 0.68404 -0.02222 -0.48275 0.064689 -0.60421 -0.41962 0.66765 -1.1359 -0.21843 0.26637 -0.10401 0.10745 -0.15234 -0.63233 -0.50075 0.40306 -0.082006 0.17588 -0.58291 0.40707 0.47656 0.54165 0.48926 -0.56448 0.1742 1.0231 -0.018117 0.23078 0.20073
patch	-0.57757 0.33565 0.28524 0.0092054 0.0072356 -0.27777 0.074984 0.1971 0.29803 0.21171 -0.26704 -0.14376 0.78978 -0.022087 0.76906 0.8791 1.0101 -0.62464 0.44398 -0.57665 -0.33091 -0.16856 0.10713 0.19317 -0.096625 0.58324 -0.16293 -0.25622 -0.15029 -0.010646 0.61583 0.09678 0.76229 -0.14211 0.62567 0.72891 -0.74217 0.47201 0.51484 0.17635 0.10017 -0.42564 0.12109 -0.090641 -1.0986 0.49442 -0.45642 0.8412 -0.019915 -0.21694 -0.091926 -0.1899 -0.37842 0.82149 0.20462 -1.7445 0.039351 -0.38714 1.0034 0.46311 0.61021 0.80347 -0.25682 0.41033 0.30954 -0.084178 0.65206 -0.62462 -0.042619 -0.8895 0.26685 0.38509 -0.29664 0.019508 -0.0063043 0.020641 0.092966 0.93288 0.21828 0.97562 -0.27571 -0.44738 -0.31498 0.55237 -0.45193 0.0749 0.38399 0.043901 -0.19354 0.87199 -0.11564 0.29294 -0.34356 -0.25296 0.013028 -0.086004 0.052166 0.36911 -0.26895 -0.19388
patch	-0.57757 0.33565 0.28524 0.0092054 0.0072356 -0.27777 0.074984 0.1971 0.29803 0.21171 -0.26704 -0.14376 0.78978 -0.022087 0.76906 0.8791 1.0101 -0.62464 0.44398 -0.57665 -0.33091 -0.16856 0.10713 0.19317 -0.096625 0.58324 -0.16293 -0.25622 -0.15029 -0.010646 0.61583 0.09678 0.76229 -0.14211 0.62567 0.72891 -0.74217 0.47201 0.51484 0.17635 0.10017 -0.42564 0.12109 -0.090641 -1.0986 0.49442 -0.45642 0.8412 -0.019915 -0.21694 -0.091926 -0.1899 -0.37842 0.82149 0.20462 -1.7445 0.039351 -0.38714 1.0034 0.46311 0.61021 0.80347 -0.25682 0.41033 0.30954 -0.084178 0.65206 -0.62462 -0.042619 -0.8895 0.26685 0.38509 -0.29664 0.019508 -0.0063043 0.020641 0.092966 0.93288 0.21828 0.97562 -0.27571 -0.44738 -0.31498 0.55237 -0.45193 0.0749 0.38399 0.043901 -0.19354 0.87199 -0.11564 0.29294 -0.34356 -0.25296 0.013028 -0.086004 0.052166 0.36911 -0.26895 -0.19388
tracker	-0.30506 -0.03558 0.1908 -0.2274 -0.1501 -0.13406 0.3882 -0.46984 0.13072 0.24431 -0.39106 -0.37887 0.75863 -0.71378 0.7995 0.52844 0.67533 -0.14908 1.0924 0.48868 -0.069519 0.1128 -0.42977 -0.1544 -0.18401 0.28287 -0.50611 0.9669 -0.31446 0.072116 0.42511 -0.22545 -0.55081 1.6807 0.40069 0.18381 -0.1841 0.48652 0.72026 -0.46685 0.3077 -0.22838 -1.0114 -0.10789 -0.54507 -0.94955 -0.89672 -0.85357 -0.24463 -0.0045437 -0.37423 0.32308 -0.16263 0.11498 0.22552 -0.49244 -0.56091 0.54556 0.72102 0.64068 -0.39705 -0.3011 0.52692 0.83285 -0.36341 0.090614 -0.53274 0.19019 1.2065 0.090417 0.29954 0.1167 -0.43765 -0.39528 0.15088 -0.24363 0.10638 0.28196 -0.82678 -0.28655 0.38605 0.2166 -0.014171 0.26634 0.73705 -0.054684 -0.086213 -0.3894 -0.037087 -0.56456 -0.054117 0.61908 0.20338 -0.49983 1.1031 0.021902 0.17581 -0.4064 -0.40465 -0.1524
link	0.090798 0.048452 0.046583 0.21139 0.6096 -0.88428 -0.4589 -0.31861 0.53953 -0.16424 -0.20827 0.54686 0.34986 0.53587 0.79032 0.5734 0.61984 -0.73861 -0.44685 0.15191 0.0073137 -0.51944 0.064775 -0.25285 0.059885 -0.51742 0.61512 0.027669 -0.13878 0.19516 0.14075 0.64225 0.37876 0.051667 0.41691 -0.18725 0.057323 0.06326 -0.088211 0.41175 -0.11258 -0.15462 0.15731 -0.50054 -0.10973 0.48863 0.58408 -0.46349 0.14859 -0.06359 0.6142 0.87891 0.4158 0.58207 0.045835 -2.0366 0.00094367 -0.25382 1.8045 0.18965 -0.41628 0.22988 0.2196 -0.44098 0.42632 0.54391 -0.06268 0.36384 0.022768 -0.13119 -0.21408 -0.14663 0.48943 -0.61902 0.091567 -0.7034 1.2864 -0.15119 -0.42327 0.05378 0.062082 -0.0011879 -0.14063 -0.075255 -1.3046 0.38375 0.19175 0.39718 -0.41151 0.36033 -0.19424 0.38379 -0.18387 -0.33788 0.34686 -0.36407 0.15961 -0.73102 0.65219 0.15463

good	-0.030769 0.11993 0.53909 -0.43696 -0.73937 -0.15345 0.081126 -0.38559 -0.68797 -0.41632 -0.13183 -0.24922 0.441 0.085919 0.20871 -0.063582 0.062228 -0.051234 -0.13398 1.1418 0.036526 0.49029 -0.24567 -0.412 0.12349 0.41336 -0.48397 -0.54243 -0.27787 -0.26015 -0.38485 0.78656 0.1023 -0.20712 0.40751 0.32026 -0.51052 0.48362 -0.0099498 -0.38685 0.034975 -0.167 0.4237 -0.54164 -0.30323 -0.36983 0.082836 -0.52538 -0.064531 -1.398 -0.14873 -0.35327 -0.1118 1.0912 0.095864 -2.8129 0.45238 0.46213 1.6012 -0.20837 -0.27377 0.71197 -1.0754 -0.046974 0.67479 -0.065839 0.75824 0.39405 0.15507 -0.64719 0.32796 -0.031748 0.52899 -0.43886 0.67405 0.42136 -0.11981 -0.21777 -0.29756 -0.1351 0.59898 0.46529 -0.58258 -0.02323 -1.5442 0.01901 -0.015877 0.024499 -0.58017 -0.67659 -0.040379 -0.44043 0.083292 0.20035 -0.75499 0.16918 -0.26573 -0.52878 0.17584 1.065
bad	0.39456 -0.24717 1.0319 -0.61444 -1.2376 0.051794 -0.55112 -0.31014 -0.025735 -0.24709 0.25836 0.34899 0.46176 0.44237 0.354 0.21262 -0.26312 -0.17128 0.44013 1.1284 0.37259 0.41969 -0.2534 -0.051885 -0.34917 0.15298 -0.68444 -0.19514 -0.018647 0.084191 0.14569 0.3869 0.023524 -0.37861 -0.65081 0.010398 -0.50087 -0.087368 0.098617 -0.21907 -0.072412 -0.10247 -0.3148 -0.307 -0.30457 -0.14329 0.10313 -0.040487 -0.095922 -1.192 -0.063356 0.034127 -0.057674 0.56582 0.082541 -2.4617 0.48029 0.72806 1.2841 0.10672 -0.045119 1.0117 -0.97928 0.022828 0.46876 -0.026875 0.80018 -0.23101 0.086699 -0.74338 -0.38738 -0.1924 -0.13292 0.52347 0.35659 0.21065 -0.18669 0.41563 -0.50874 0.47643 0.78591 0.28015 -0.74565 -0.015569 -1.8451 -0.28427 -0.81722 -0.43254 -0.60031 -0.40052 -0.26612 -0.05855 -0.2051 0.16208 -0.25305 0.48163 -0.15905 0.0064973 0.13793 -0.06832
indifferent	0.27809 0.19428 0.64591 0.19328 -1.3198 1.2822 -0.13594 -0.2346 0.31884 -0.035147 -0.226 -0.10551 0.86942 -0.57542 -0.068076 0.13722 -0.27921 0.036426 0.5405 0.48876 -0.13649 0.44439 0.52518 -0.24915 -0.0048401 -0.13443 0.10799 0.17674 0.31452 -0.028142 -0.037566 0.28126 -0.41304 -0.11392 -0.50868 0.39894 -0.27885 -0.071934 -0.30682 0.026924 -0.4819 0.40931 -0.40635 0.16328 0.31026 -0.29695 0.61468 0.45055 -0.30097 -0.77538 0.30597 -0.14841 0.54255 0.34046 -0.069067 -0.4083 0.90331 0.079355 -0.030005 -0.53703 -0.0030072 -0.26478 -0.61157 0.030725 0.21443 -0.34684 0.20591 -0.45755 -0.16143 -0.28047 -0.06549 -0.45298 -0.067464 -0.20447 -0.043498 -0.10794 -0.25842 0.22879 0.24327 -0.53598 0.13341 1.109 -0.42993 0.58148 -0.82523 -0.60189 -0.56712 0.46677 -0.57059 -0.58465 -0.34697 0.13469 -0.073566 0.048153 -0.38633 0.22041 -0.23142 -0.07971 -0.17328 0.17237

Paul	0.12864 0.7508 -0.20228 -0.72196 0.7451 0.32388 0.11117 -0.10993 -0.69116 -0.78763 -0.48779 -0.64159 -0.26057 0.20949 0.53669 -0.80026 0.3653 0.017537 -0.96745 0.53276 -0.10829 0.30289 0.29717 0.0048648 0.17659 -0.30126 0.1316 -0.53429 0.21359 0.49992 -0.088366 0.28643 -0.43131 0.69751 -0.75227 0.040168 0.28299 0.78714 -0.082131 0.10856 -0.66557 0.0014934 0.6881 0.18937 0.0069701 -0.080898 -0.69653 -0.95433 0.11475 -0.56326 0.46669 -0.16803 -0.35929 0.046756 0.060153 -3.0797 -0.46062 0.84985 0.70562 0.085205 0.28776 0.063484 0.25789 -0.10474 -0.026806 -0.74721 -0.082394 1.0969 -0.3064 0.44042 -0.67106 0.019991 -0.87221 -0.76254 0.581 -0.86908 0.53746 0.10997 0.12361 0.17076 0.47993 -0.0048199 -0.16787 -0.2655 -0.41324 -0.55702 -0.41225 -0.71129 -0.46397 -0.18934 -0.2348 -0.75713 0.37747 0.51635 0.053565 -0.034517 -0.069359 -0.30624 -0.93658 -0.45307

