exception	0.8 0.2666666666666667 0.8333333333333334 0.0 0.0
CholeskyDecomposition	0.6 0.4 1.0 0.0 0.0
code	0.07999999999999996 0.0 0.0 0.0 0.0
methods	0.43999999999999995 0.8 0.0 0.0 0.0
decomposition	0.52 0.4666666666666667 0.0 0.0 0.0
Decomposition	0.0 0.33333333333333337 0.0 0.0 0.0
matrix	1.0 1.0 0.0 0.0 0.6666666666666667
symmetric	0.92 0.0 0.0 0.0 1.0
fine	0.72 0.0 0.0 0.0 0.16666666666666663
prior	0.56 0.0 0.0 0.0 0.0
design	0.16000000000000003 0.0 0.0 0.0 0.0
catch	0.64 0.6 0.0 0.0 0.0
possibility	0.6799999999999999 0.6666666666666667 0.0 0.0 0.0
catching	0.84 0.0 0.0 0.0 0.0
method	0.48 0.06666666666666665 0.0 0.0 0.0
test	0.24 0.8666666666666667 0.0 0.0 0.0
definite	0.19999999999999996 0.0 0.6666666666666667 0.6666666666666667 0.5
appropriately	0.040000000000000036 0.0 0.0 0.0 0.0
testing	0.0 0.0 0.0 0.0 0.33333333333333337
positive	0.4 0.0 0.5 1.0 0.8333333333333334
check	0.12 0.0 0.0 0.0 0.0
exceptions	0.96 0.19999999999999996 0.33333333333333337 0.0 0.0
opinion	0.0 0.1333333333333333 0.0 0.0 0.0
provide	0.36 0.0 0.0 0.0 0.0
cholesky	0.31999999999999995 0.5333333333333333 0.0 0.33333333333333337 0.0
returns	0.28 0.0 0.0 0.0 0.0
force	0.0 0.7333333333333334 0.0 0.0 0.0
conditions	0.88 0.9333333333333333 0.0 0.0 0.0
Cholesky	0.76 0.0 0.16666666666666663 0.0 0.0
