encode	0.8928571428571429 0.0 1.0 0.0 0.0
MAX	0.7142857142857143 0.736842105263158 0.0 0.0 0.3846153846153846
upper	0.9285714285714286 0.0 0.0 0.0 0.9230769230769231
values	0.6785714285714286 0.26315789473684215 0.0 0.0 0.07692307692307687
FitnessFunction	0.6428571428571428 0.631578947368421 0.875 1.0 0.0
generating	0.3571428571428571 0.0 0.0 0.0 0.0
decode	0.5 0.42105263157894735 0.75 0.0 0.0
result	0.3214285714285714 0.0 0.0 0.0 0.3076923076923077
Function	0.0 0.21052631578947367 0.0 0.0 0.0
optimizer	0.3928571428571429 0.5789473684210527 0.0 0.0 0.0
fitness	0.7857142857142857 0.9473684210526316 0.0 0.0 0.23076923076923073
function	0.1785714285714286 0.8421052631578947 0.0 0.0 0.15384615384615385
NaN	0.9642857142857143 1.0 0.0 0.0 0.7692307692307692
divide	0.5357142857142857 0.5263157894736843 0.0 0.0 0.0
Wide	0.0 0.3157894736842105 0.0 0.0 0.6923076923076923
passed	0.1428571428571429 0.0 0.0 0.0 0.0
greater	0.2142857142857143 0.0 0.0 0.0 0.0
set	0.1071428571428571 0.0 0.0 0.0 0.0
large	0.0714285714285714 0.0 0.0 0.0 0.0
CMAESOptimizer	0.4285714285714286 0.10526315789473684 0.0 0.0 0.5384615384615384
bound	0.8214285714285714 0.0 0.625 0.5 0.46153846153846156
denormalizing	0.2857142857142857 0.0 0.5 0.6666666666666667 0.0
Double	0.75 0.0 0.0 0.0 0.6153846153846154
call	0.4642857142857143 0.1578947368421053 0.0 0.0 0.0
normalizing	0.25 0.0 0.375 0.33333333333333337 0.0
guess	0.0357142857142857 0.6842105263157895 0.0 0.0 0.0
bounds	0.8571428571428572 0.7894736842105263 0.25 0.16666666666666663 1.0
difference	0.0 0.368421052631579 0.0 0.0 0.0
infinity	0.5714285714285714 0.052631578947368474 0.0 0.0 0.0
parameters	1.0 0.8947368421052632 0.0 0.0 0.8461538461538461
Fitness	0.6071428571428572 0.4736842105263158 0.125 0.8333333333333334 0.0
