9517
12044
13243
13916
13921
14837
17317
22655
24082
24271
27194
28277
28698
30412
31300
36427
38499
41688
42208
43103
45349
46875
47097
47731
49352
49619
51093
51187
53603
58098
62878
63400
64108
66646
67274
68586
70005
70079
75843
77193
79793
80455
81172
82839
84724
88195
88397
91306
99330
100155
108247
111653
113731
120560
121057
124182
125013
129354
133731
141492
143171
150249
152142
153044
153912
161282
165689
167590
172388
178744
185043
185113
186291
194175
195808
201096
201718
202129
215448
217126
224132
224183
228506
228641
232773
233941
239695
239940
243147
243284
244431
246635
248659
249549
251356
251824
252415
252591
252779
255448
255449
256087
256574
259093
259413
261100
261198
262389
262511
262877
263751
263935
264504
264999
266646
266831
267358
267554
267616
