35888
50018
68606
94366
97605
108466
108954
109003
113004
113870
116919
118694
119824
119843
121622
125913
128683
129817
130424
134311
138093
138127
138260
139037
139526
140381
146912
147298
148171
148687
149816
150081
150305
150916
151112
151502
152054
152199
153093
154493
155070
155158
158418
158945
163384
164438
165672
166680
166984
168417
170474
170678
171962
172675
172721
173072
173712
175756
179238
181091
181524
181883
181884
182075
182483
183073
183250
183405
183587
183708
184644
185955
187228
191231
197077
197817
197906
198961
198965
199129
199896
201044
201304
201306
201369
201880
201966
202272
203126
203993
