Deserialization	
EMF	0.59056 0.3829 0.16501 0.028596 -0.35258 0.12428 -0.095071 0.10257 0.22419 -0.05126 0.71296 0.35564 -0.27786 -0.36375 0.68577 0.021467 -0.3296 0.0024718 0.683 -0.86146 -0.2757 0.052849 -0.3132 1.0004 0.15594 -0.052505 0.90842 0.10575 0.24383 0.040303 -0.47454 0.45023 -0.46267 1.2418 0.18953 -0.34553 0.26031 0.44987 -0.38794 -0.39227 -0.088807 0.55087 -0.9689 0.12485 -0.095274 0.0015291 -0.24937 -0.30152 -0.30686 -0.51005 -0.060526 0.14212 -0.38687 -0.40872 0.5461 0.10074 0.60117 0.022759 0.038308 -0.22188 1.4387 -0.006151 0.061775 -0.029106 0.65226 0.47832 0.022876 -0.34115 0.19103 -0.13996 0.15635 -0.36911 0.11633 -0.36939 -0.28533 -1.3194 0.81201 0.0064444 -0.21448 -0.11925 -0.03282 -0.79719 0.21439 -0.26846 0.5351 0.23377 -0.12699 0.48908 0.083977 -0.29888 -0.05878 0.040006 -0.25052 0.054537 0.81483 -0.40139 0.02254 0.035658 0.11134 -0.13441
connectionPassword	
overwritten	-0.57747 0.68963 0.28132 0.12028 -0.037524 0.30771 -0.32436 -0.0034987 0.90595 -0.1929 0.15986 0.65878 0.20355 0.099093 0.31737 0.32314 -0.13745 0.44804 0.39529 0.086243 -0.080061 -0.17376 0.24163 0.68233 0.41593 -0.021822 -0.14955 0.37873 -0.67698 0.17548 0.25178 -0.42412 -0.099462 0.31336 0.2355 -0.42597 -0.35034 -0.60391 0.10894 -0.20983 0.24197 -0.22071 -0.68639 0.69886 0.13928 -0.039814 0.53008 -0.17494 0.49528 -0.10531 5.3629e-05 0.19751 0.4513 -0.38673 -0.40314 0.54722 0.37452 -0.11312 -0.013086 -0.21586 0.13696 0.45553 -0.23916 -0.23868 0.075618 -0.81199 0.52126 0.46067 0.59308 -0.50695 -0.057032 0.35062 0.71901 0.062497 -0.048608 -0.39229 -0.5328 0.24793 0.094535 -0.33355 -0.67801 0.046695 -0.091508 0.15071 -0.3029 -0.26838 0.61214 0.25569 -0.7891 -0.21254 -0.21969 0.82791 -0.47624 0.23655 0.73023 -0.34025 0.69466 0.48613 -0.88714 0.15059
INVISIBLE	-0.11474 0.27904 0.47271 -0.34807 0.26438 0.2823 -0.12554 -0.3532 0.81819 -0.48438 0.40086 -0.3475 0.66359 -0.25713 0.45107 -0.34269 0.62967 0.68253 0.88674 -0.62187 0.42541 -0.21846 0.057878 -0.21679 0.83758 0.34115 -0.053945 -0.26936 0.20897 -0.53402 0.47656 -0.27338 -0.3291 -0.24451 -0.045004 -0.43092 -0.31849 -0.021215 0.52024 0.22049 -0.18259 0.39002 -0.52957 0.3193 -0.14776 -0.11827 0.064543 0.99073 -0.61445 0.00051829 0.10275 0.2731 0.51706 0.27044 -0.19441 -1.3203 0.41868 0.1488 0.68171 0.26196 0.41567 0.48875 -0.74735 -0.26753 0.46429 -0.027301 0.81024 -0.53028 0.051667 -0.20962 0.40635 -0.48688 0.53778 0.08587 0.50777 -0.49917 0.45362 -0.18704 0.24258 -0.012479 0.27192 0.30308 -0.13525 0.23016 -1.1624 0.12906 0.16678 0.528 0.099909 -0.10151 -0.26735 0.2264 0.67227 -0.039919 -0.017521 -0.59199 -0.41078 -0.4212 -0.57889 -0.2662
connection	0.68288 -0.10726 -0.040453 0.086509 0.49638 0.24531 -0.020909 -0.187 0.32586 0.21253 -0.13199 0.5162 -0.072321 0.49192 0.31703 0.1352 -0.063285 -0.38532 -0.62909 0.71368 -0.13789 -0.45708 0.10274 -0.4931 -0.14978 -0.04654 0.53372 0.061404 0.1534 0.17848 0.3775 0.57114 0.041091 -0.025666 0.24358 -0.26544 0.19633 0.082473 0.66857 0.14879 0.040294 -0.18784 0.88996 -0.5058 -0.26382 0.16391 0.8714 -0.68295 0.65032 -0.15422 0.41751 0.3792 0.6224 0.87023 0.056283 -1.5703 -0.1528 -0.22364 1.9765 0.35712 -0.46049 0.22126 -0.12058 -0.54688 0.53395 -0.23458 0.26501 -0.056837 0.30745 0.40569 -0.55165 -0.23809 0.24624 -0.37306 0.093279 -0.24697 1.1828 -0.31599 -0.81148 0.31191 0.38385 0.29868 0.30586 0.41375 -1.3679 0.28074 -0.21546 0.1868 -0.2834 -0.12863 -0.14744 0.53709 -0.2692 -0.20049 0.57669 -0.26694 -0.087112 -0.46513 0.58881 -0.23465
Password	-0.57928 -0.52561 1.2608 -0.30475 -0.021845 0.75784 -0.21754 -0.55693 0.97749 -0.050804 0.73662 0.58841 -0.018057 -0.26236 0.13737 0.41653 0.84613 0.15501 -0.62304 -0.11244 -0.94086 -0.26237 -0.69275 -0.064158 0.21829 -0.8439 -0.53461 0.27601 -0.60764 -0.069115 0.59311 0.82737 0.30741 0.33162 1.2495 -0.050486 -1.3527 -0.27752 0.36611 -0.84909 0.92262 -0.14366 0.62391 0.51986 -0.19443 0.37633 -0.59692 -0.23089 0.12344 -0.74438 -0.12621 0.39429 0.26114 0.39758 0.48293 -0.13156 0.81479 -0.91919 0.51456 0.26243 -0.23607 0.17328 -0.37769 0.34264 1.2727 0.06262 0.17144 -0.59996 0.72095 -0.21855 -0.72546 0.62023 0.28233 -0.44292 -0.1391 0.36024 -0.38324 -0.53427 0.14779 0.12462 1.0378 -1.0213 -0.7322 -0.54781 -0.82713 0.73828 0.82322 -0.2745 -0.10046 0.2371 -0.0046543 1.1329 0.97997 0.05005 0.80132 -0.74422 1.0901 -0.68242 -0.404 0.23379

ConfigurationImpl	
writeExternal	
serializes	
toProperties	
Map	-1.1901 -0.0021529 0.40549 0.68942 0.66607 -0.4504 0.15405 0.14237 0.28827 0.18848 0.11546 -0.45715 0.47218 -0.74683 0.53511 1.4779 0.63923 0.073358 -0.3128 -0.36098 -0.36125 0.22723 0.40182 -0.10071 -0.23276 -0.25542 -0.18468 0.20922 -0.53883 -1.2156 0.36216 -0.044206 -0.052804 0.42888 0.15632 -0.48663 -0.063466 -0.6468 0.17658 -0.31864 -0.30747 -0.31038 0.24385 -0.20996 -0.79465 -0.10986 -0.5287 0.3553 -0.38423 0.36732 0.28419 0.51863 0.38478 1.1469 -0.25501 -2.0559 -0.22187 -0.30559 1.0603 0.43159 -0.56748 0.91966 -0.26692 -0.55159 1.2229 0.99048 -0.78262 0.55937 0.056696 -0.14318 -0.041988 0.28624 0.39882 -0.62893 0.70887 -0.46459 1.0158 0.59964 -0.78927 -0.50455 -0.0011997 -0.12257 -0.72215 0.23839 -0.039859 0.49306 0.3755 -1.1257 -0.14628 0.11075 -0.45438 0.62459 0.011659 -0.15928 -0.3664 -0.3185 0.14606 -0.22496 0.056719 0.12277
props	0.23279 0.80565 0.49822 -0.66825 0.21264 0.26677 -0.68643 0.49917 -0.40345 0.095287 -0.0013292 -0.38133 -0.41493 0.48192 0.37834 0.35968 0.093397 0.82885 0.26771 -0.15569 0.15262 -0.24835 0.69287 -0.72946 0.073289 -0.45232 -0.38336 0.21398 -0.5898 -0.85695 -0.26745 -0.66673 -0.8308 -0.059939 0.25692 0.06862 0.1649 -0.36461 -0.44164 -0.61322 0.56579 0.13415 -0.067084 0.32904 -0.10697 0.16321 -0.91755 -0.0092826 -0.20689 -0.24197 -0.30052 0.083717 -0.17698 0.62505 0.54836 -0.41116 -0.41105 0.2825 -0.38208 -0.19334 -0.041522 0.90083 -0.11991 1.348 0.12425 -0.3697 0.52584 -0.29949 -0.18183 -0.085095 -0.18304 -0.0021814 0.25133 -0.13683 0.29783 -0.19165 -0.27816 0.54096 0.11275 0.21097 -0.13575 -0.95902 0.1405 -0.29462 -1.2055 0.472 -0.1979 0.42011 -0.4505 -0.53998 0.16075 -0.21359 0.66326 -0.46805 -0.087943 -0.76299 -0.2107 -0.15691 0.30154 0.2311
connectionPassword	
Configuration	-0.98334 0.46377 0.83126 0.45715 -0.50326 -0.22882 0.11815 0.37471 0.25768 0.65938 0.63874 -0.28183 0.47454 -0.45865 0.93985 -0.038447 -0.3604 0.66872 0.56982 -0.60624 -0.51901 -1.0563 0.25595 -0.26926 0.80848 -1.0096 -0.20486 0.22528 -0.18765 0.26698 0.10763 0.81235 -0.68725 -0.036446 1.0214 0.48196 0.62993 0.085188 0.65425 -0.52995 0.63628 -0.35315 0.44093 0.3867 -0.28022 0.12194 0.12356 -0.079947 0.12814 0.50238 0.074409 0.1973 -0.017272 0.69671 0.52972 -1.0067 0.54323 0.027176 1.208 0.48588 -0.37228 -0.21103 0.34778 0.9129 0.85538 -0.38274 -0.32273 -0.59065 0.096705 0.066751 -0.74063 -0.3832 0.34513 -0.29124 0.32556 -0.1334 -0.044707 -0.15619 0.20446 0.011404 -0.71941 -0.33211 -0.44662 -0.13708 -0.36552 0.69068 0.70321 -0.94377 -0.37433 0.35979 -0.4985 0.60889 0.27116 0.19916 1.1641 0.31562 -0.17303 -0.45136 1.1944 -0.42683
Impl	
write	-0.51063 0.48674 -0.073295 -0.14262 0.25711 0.84355 -0.67683 -0.3107 -0.031714 -0.089758 0.56068 0.41425 -0.76754 0.14682 -0.66062 -0.15462 0.39217 0.52453 -0.064366 0.47604 0.086071 -0.082384 -0.56774 0.22157 -0.0040871 -0.68159 -0.3602 -0.46794 0.46181 -0.014345 -0.38062 0.89938 -0.0065053 -0.49895 -0.56779 0.5607 0.34421 -0.37094 0.05859 -0.34652 -0.25792 0.15254 -0.8084 -0.63119 -0.64791 -0.015619 -0.34943 -0.89312 -0.18299 -0.99533 0.33964 0.42056 0.7799 0.077895 0.11782 -1.5571 0.33759 -0.35364 1.338 0.12804 0.45399 0.8935 -0.80881 -0.72548 0.81266 -0.36143 0.97751 0.75154 -0.026157 -0.27079 -0.3066 0.73346 -0.16862 -0.44446 -0.21766 0.18327 -0.52312 0.38712 -0.55162 -0.43653 -0.084308 -0.026172 -0.252 -0.71669 -1.5653 0.052872 0.35886 -0.94014 -0.61345 0.046618 -0.11438 0.41229 0.53814 -0.6955 -0.16701 0.16266 0.23695 -0.23474 0.10563 0.085057
External	-1.0562 0.070227 0.54078 -0.048819 0.031563 -0.56937 -1.2258 0.14644 0.66704 0.40654 -0.008573 -0.56851 0.59275 1.4528 0.66738 -0.24381 -0.95947 0.35127 0.19057 -0.29048 -0.63462 -0.7954 -0.17495 0.26937 -0.096764 -0.17281 0.52367 -0.037553 0.46528 0.16133 0.33165 0.33064 -1.1361 0.12327 0.051375 -0.49331 0.12597 0.47699 0.21411 -0.0046804 -0.342 -0.64602 0.049496 0.64381 0.37005 -0.47635 0.06388 0.055176 -0.7659 0.18431 0.42483 0.29604 0.16784 0.22051 0.85121 -1.6534 0.20807 -0.21789 1.6314 0.27217 -0.11616 -0.32046 -0.6391 1.1247 0.64707 -0.24715 0.061085 -0.19262 1.1991 -0.45475 0.22172 0.11307 1.1798 -0.40137 0.19112 -0.44988 -0.4045 0.72341 -0.37401 0.19534 0.72843 0.24173 0.25055 0.30995 -1.0215 0.21896 -0.13106 0.50952 -0.11163 -0.82518 -0.058784 0.98039 0.16406 -0.42434 0.67749 0.39357 0.018831 -0.69349 0.8612 -0.1517
Properties	0.57325 -0.42473 -0.36135 0.55112 0.31912 -0.39983 -0.27588 -0.030908 -0.10385 0.58333 0.29823 -0.65859 0.23095 -0.57836 0.25364 -0.24745 0.024782 0.73843 0.42821 0.48673 0.32761 -0.070357 -0.021172 -0.21988 -0.57447 -0.74978 0.97494 -0.0046146 -1.1755 -0.31803 1.0751 0.49074 -0.67376 0.39728 0.093188 0.14031 0.76667 0.27304 -0.56907 -0.53946 0.1297 -1.1299 -0.24414 -0.74684 0.041192 0.76831 -0.31037 0.64723 0.026134 -0.4909 -0.012229 -0.092567 0.95516 0.49975 0.77177 -1.0154 -0.26158 -0.53237 1.5557 0.45887 -0.58047 0.80314 0.033505 -0.038861 0.78918 0.42367 0.90033 0.081496 0.68314 -0.76091 -1.0001 0.15785 0.31103 -0.11201 -0.046106 -1.0166 0.40837 -0.030531 -0.82454 0.62347 0.25692 0.1012 -0.58559 0.42969 -0.17582 0.63031 0.4427 -0.6013 0.31171 -0.19659 -0.93795 -0.502 0.69092 0.069074 -0.95665 0.28941 -0.010226 -0.94305 0.54983 -0.04999
connection	0.68288 -0.10726 -0.040453 0.086509 0.49638 0.24531 -0.020909 -0.187 0.32586 0.21253 -0.13199 0.5162 -0.072321 0.49192 0.31703 0.1352 -0.063285 -0.38532 -0.62909 0.71368 -0.13789 -0.45708 0.10274 -0.4931 -0.14978 -0.04654 0.53372 0.061404 0.1534 0.17848 0.3775 0.57114 0.041091 -0.025666 0.24358 -0.26544 0.19633 0.082473 0.66857 0.14879 0.040294 -0.18784 0.88996 -0.5058 -0.26382 0.16391 0.8714 -0.68295 0.65032 -0.15422 0.41751 0.3792 0.6224 0.87023 0.056283 -1.5703 -0.1528 -0.22364 1.9765 0.35712 -0.46049 0.22126 -0.12058 -0.54688 0.53395 -0.23458 0.26501 -0.056837 0.30745 0.40569 -0.55165 -0.23809 0.24624 -0.37306 0.093279 -0.24697 1.1828 -0.31599 -0.81148 0.31191 0.38385 0.29868 0.30586 0.41375 -1.3679 0.28074 -0.21546 0.1868 -0.2834 -0.12863 -0.14744 0.53709 -0.2692 -0.20049 0.57669 -0.26694 -0.087112 -0.46513 0.58881 -0.23465
Password	-0.57928 -0.52561 1.2608 -0.30475 -0.021845 0.75784 -0.21754 -0.55693 0.97749 -0.050804 0.73662 0.58841 -0.018057 -0.26236 0.13737 0.41653 0.84613 0.15501 -0.62304 -0.11244 -0.94086 -0.26237 -0.69275 -0.064158 0.21829 -0.8439 -0.53461 0.27601 -0.60764 -0.069115 0.59311 0.82737 0.30741 0.33162 1.2495 -0.050486 -1.3527 -0.27752 0.36611 -0.84909 0.92262 -0.14366 0.62391 0.51986 -0.19443 0.37633 -0.59692 -0.23089 0.12344 -0.74438 -0.12621 0.39429 0.26114 0.39758 0.48293 -0.13156 0.81479 -0.91919 0.51456 0.26243 -0.23607 0.17328 -0.37769 0.34264 1.2727 0.06262 0.17144 -0.59996 0.72095 -0.21855 -0.72546 0.62023 0.28233 -0.44292 -0.1391 0.36024 -0.38324 -0.53427 0.14779 0.12462 1.0378 -1.0213 -0.7322 -0.54781 -0.82713 0.73828 0.82322 -0.2745 -0.10046 0.2371 -0.0046543 1.1329 0.97997 0.05005 0.80132 -0.74422 1.0901 -0.68242 -0.404 0.23379

readExternal	
deserializes	
StringValue	
connectionPassword	
set	-0.026979 0.0054342 0.22934 0.1992 0.53153 0.46441 -0.16962 0.79351 -0.49407 0.27806 0.40256 0.028784 -0.21689 0.26313 -0.013339 0.24328 0.37118 0.83444 -0.78186 -0.49739 0.69664 -0.51034 0.89815 0.16294 0.81555 -0.64644 -0.1909 -0.24281 -0.27935 -0.30685 -0.60586 0.16049 -0.058313 0.11473 0.16565 -0.14386 -0.066771 -0.041341 -0.17164 -0.40261 -0.21321 -0.44287 0.2134 -0.088432 0.16284 -0.38352 -0.42738 -0.18242 0.16961 -0.70388 -0.13625 -0.28808 0.17642 1.4061 0.11511 -2.6623 -0.10834 0.32273 1.7832 1.0727 -0.11656 0.31391 -0.31614 0.2553 0.83315 -0.083177 -0.22755 0.76016 -0.071007 -0.64414 0.021925 -0.040112 -0.29247 -0.19531 -0.069206 -0.12067 -0.18983 -0.29643 -0.4019 -0.015466 0.87412 -0.047512 -0.72765 0.061269 -1.2187 0.24303 0.16417 0.075568 -0.15996 0.049251 -0.13424 0.27638 -0.35704 -0.22446 -0.57734 -0.048605 0.024131 -0.50613 0.29535 0.10395
INVISIBLE	-0.11474 0.27904 0.47271 -0.34807 0.26438 0.2823 -0.12554 -0.3532 0.81819 -0.48438 0.40086 -0.3475 0.66359 -0.25713 0.45107 -0.34269 0.62967 0.68253 0.88674 -0.62187 0.42541 -0.21846 0.057878 -0.21679 0.83758 0.34115 -0.053945 -0.26936 0.20897 -0.53402 0.47656 -0.27338 -0.3291 -0.24451 -0.045004 -0.43092 -0.31849 -0.021215 0.52024 0.22049 -0.18259 0.39002 -0.52957 0.3193 -0.14776 -0.11827 0.064543 0.99073 -0.61445 0.00051829 0.10275 0.2731 0.51706 0.27044 -0.19441 -1.3203 0.41868 0.1488 0.68171 0.26196 0.41567 0.48875 -0.74735 -0.26753 0.46429 -0.027301 0.81024 -0.53028 0.051667 -0.20962 0.40635 -0.48688 0.53778 0.08587 0.50777 -0.49917 0.45362 -0.18704 0.24258 -0.012479 0.27192 0.30308 -0.13525 0.23016 -1.1624 0.12906 0.16678 0.528 0.099909 -0.10151 -0.26735 0.2264 0.67227 -0.039919 -0.017521 -0.59199 -0.41078 -0.4212 -0.57889 -0.2662
set	-0.026979 0.0054342 0.22934 0.1992 0.53153 0.46441 -0.16962 0.79351 -0.49407 0.27806 0.40256 0.028784 -0.21689 0.26313 -0.013339 0.24328 0.37118 0.83444 -0.78186 -0.49739 0.69664 -0.51034 0.89815 0.16294 0.81555 -0.64644 -0.1909 -0.24281 -0.27935 -0.30685 -0.60586 0.16049 -0.058313 0.11473 0.16565 -0.14386 -0.066771 -0.041341 -0.17164 -0.40261 -0.21321 -0.44287 0.2134 -0.088432 0.16284 -0.38352 -0.42738 -0.18242 0.16961 -0.70388 -0.13625 -0.28808 0.17642 1.4061 0.11511 -2.6623 -0.10834 0.32273 1.7832 1.0727 -0.11656 0.31391 -0.31614 0.2553 0.83315 -0.083177 -0.22755 0.76016 -0.071007 -0.64414 0.021925 -0.040112 -0.29247 -0.19531 -0.069206 -0.12067 -0.18983 -0.29643 -0.4019 -0.015466 0.87412 -0.047512 -0.72765 0.061269 -1.2187 0.24303 0.16417 0.075568 -0.15996 0.049251 -0.13424 0.27638 -0.35704 -0.22446 -0.57734 -0.048605 0.024131 -0.50613 0.29535 0.10395
EMF	0.59056 0.3829 0.16501 0.028596 -0.35258 0.12428 -0.095071 0.10257 0.22419 -0.05126 0.71296 0.35564 -0.27786 -0.36375 0.68577 0.021467 -0.3296 0.0024718 0.683 -0.86146 -0.2757 0.052849 -0.3132 1.0004 0.15594 -0.052505 0.90842 0.10575 0.24383 0.040303 -0.47454 0.45023 -0.46267 1.2418 0.18953 -0.34553 0.26031 0.44987 -0.38794 -0.39227 -0.088807 0.55087 -0.9689 0.12485 -0.095274 0.0015291 -0.24937 -0.30152 -0.30686 -0.51005 -0.060526 0.14212 -0.38687 -0.40872 0.5461 0.10074 0.60117 0.022759 0.038308 -0.22188 1.4387 -0.006151 0.061775 -0.029106 0.65226 0.47832 0.022876 -0.34115 0.19103 -0.13996 0.15635 -0.36911 0.11633 -0.36939 -0.28533 -1.3194 0.81201 0.0064444 -0.21448 -0.11925 -0.03282 -0.79719 0.21439 -0.26846 0.5351 0.23377 -0.12699 0.48908 0.083977 -0.29888 -0.05878 0.040006 -0.25052 0.054537 0.81483 -0.40139 0.02254 0.035658 0.11134 -0.13441
serialized	-0.54229 -0.041904 -0.53282 0.56799 -0.055559 0.45495 0.056738 0.020355 0.098704 0.16949 0.19131 0.62144 0.30843 -0.31423 0.40015 0.61843 0.21917 0.9357 0.77674 -0.42777 0.99472 -0.11158 0.13041 0.35811 1.1906 -0.8342 0.2869 0.25453 -0.29961 1.2761 -0.38892 -0.097537 -0.23344 -0.40624 -0.046577 0.60633 -0.52831 -0.72343 -0.6022 -0.24467 0.24005 0.92329 -1.084 0.74415 -0.30856 -0.13276 -0.15127 -0.61017 0.84435 1.0964 -0.11478 0.71645 0.96814 0.33692 0.33166 -0.16271 0.30659 0.074287 0.16011 -0.18325 -0.016952 0.73202 -1.2061 -0.37959 0.70093 -0.13138 0.070035 0.61137 0.51896 -0.038105 0.20252 0.26918 -0.25269 1.0821 -0.49847 1.1251 0.018001 0.14314 -0.42668 -0.52708 -0.92118 0.23872 -0.67597 0.23086 -0.31437 -0.95185 -0.56994 -0.48271 0.15558 -0.21474 0.16183 0.3772 -0.45136 -0.30841 0.38156 -0.21121 -0.0096122 -0.64885 0.33881 0.20061
read	-0.36109 0.39902 -0.1354 -0.26579 0.12291 1.2668 -0.31164 -0.26861 -0.04782 -0.32642 0.2934 0.085681 -0.25868 0.0005844 0.2094 0.12185 0.63982 0.23537 -0.54758 -0.22416 0.039379 -0.4553 -0.032071 -0.35783 0.36941 -0.37714 -0.39291 -0.17099 0.50699 0.42622 0.31585 0.41306 -0.07218 0.14811 -0.21061 0.55002 -0.16419 0.039613 0.22926 -0.18447 -0.70578 0.1735 -0.45185 -0.5334 -0.74506 -0.20174 -0.14373 -0.6095 -0.22733 -0.80096 0.94654 0.23967 0.58265 0.53151 -0.38951 -1.5985 -0.35368 0.46296 1.3289 0.0059022 -0.00011194 1.1528 -0.66395 -1.0022 0.42442 0.0069708 0.77096 1.0685 -0.29703 0.19858 -0.046281 0.65891 0.78765 -0.71153 0.017818 0.80047 0.15151 0.11654 -0.31582 -0.66401 0.17498 -0.58295 -0.74917 -0.52312 -1.4449 -0.59193 0.034345 -1.125 0.098024 0.09937 0.33389 0.029061 0.42144 -0.051359 -0.48436 -0.072908 0.20406 -0.47103 -0.2416 0.70213
External	-1.0562 0.070227 0.54078 -0.048819 0.031563 -0.56937 -1.2258 0.14644 0.66704 0.40654 -0.008573 -0.56851 0.59275 1.4528 0.66738 -0.24381 -0.95947 0.35127 0.19057 -0.29048 -0.63462 -0.7954 -0.17495 0.26937 -0.096764 -0.17281 0.52367 -0.037553 0.46528 0.16133 0.33165 0.33064 -1.1361 0.12327 0.051375 -0.49331 0.12597 0.47699 0.21411 -0.0046804 -0.342 -0.64602 0.049496 0.64381 0.37005 -0.47635 0.06388 0.055176 -0.7659 0.18431 0.42483 0.29604 0.16784 0.22051 0.85121 -1.6534 0.20807 -0.21789 1.6314 0.27217 -0.11616 -0.32046 -0.6391 1.1247 0.64707 -0.24715 0.061085 -0.19262 1.1991 -0.45475 0.22172 0.11307 1.1798 -0.40137 0.19112 -0.44988 -0.4045 0.72341 -0.37401 0.19534 0.72843 0.24173 0.25055 0.30995 -1.0215 0.21896 -0.13106 0.50952 -0.11163 -0.82518 -0.058784 0.98039 0.16406 -0.42434 0.67749 0.39357 0.018831 -0.69349 0.8612 -0.1517
String	-0.58612 0.68468 -0.3048 -0.30143 0.63022 0.54069 0.01149 -0.079599 -1.2801 0.52436 -0.085146 0.011723 -0.068233 1.3369 -0.53491 1.1505 -1.0879 -0.014131 0.84327 0.35177 0.1791 -0.17666 0.069901 -0.10659 0.21653 -0.39874 -0.53911 0.15529 0.43732 -0.12114 0.024777 -0.37661 0.016911 0.1536 -0.6331 -0.44423 0.17383 -0.60363 0.47226 -0.35641 0.19885 0.18405 0.62407 0.36511 0.082608 -0.041067 0.51466 0.2014 0.35829 -0.35822 -0.5558 0.13119 -0.15079 0.43218 -0.0049345 -2.1244 0.065888 0.2303 1.1107 0.89659 -0.73445 0.28847 0.07422 0.1921 0.29703 0.0082317 0.43467 0.29806 0.19613 0.17296 -0.76403 0.30902 0.012527 0.31087 0.087482 0.12754 0.02412 0.0055587 -0.35831 0.45593 0.96553 -0.10852 -0.18546 -0.19566 -1.1958 -0.21444 0.046392 -0.64232 -0.51301 0.15291 -0.8148 0.94186 -0.88127 -0.16941 0.061199 0.19866 -0.67404 -0.31921 0.56022 -0.10541
connection	0.68288 -0.10726 -0.040453 0.086509 0.49638 0.24531 -0.020909 -0.187 0.32586 0.21253 -0.13199 0.5162 -0.072321 0.49192 0.31703 0.1352 -0.063285 -0.38532 -0.62909 0.71368 -0.13789 -0.45708 0.10274 -0.4931 -0.14978 -0.04654 0.53372 0.061404 0.1534 0.17848 0.3775 0.57114 0.041091 -0.025666 0.24358 -0.26544 0.19633 0.082473 0.66857 0.14879 0.040294 -0.18784 0.88996 -0.5058 -0.26382 0.16391 0.8714 -0.68295 0.65032 -0.15422 0.41751 0.3792 0.6224 0.87023 0.056283 -1.5703 -0.1528 -0.22364 1.9765 0.35712 -0.46049 0.22126 -0.12058 -0.54688 0.53395 -0.23458 0.26501 -0.056837 0.30745 0.40569 -0.55165 -0.23809 0.24624 -0.37306 0.093279 -0.24697 1.1828 -0.31599 -0.81148 0.31191 0.38385 0.29868 0.30586 0.41375 -1.3679 0.28074 -0.21546 0.1868 -0.2834 -0.12863 -0.14744 0.53709 -0.2692 -0.20049 0.57669 -0.26694 -0.087112 -0.46513 0.58881 -0.23465
Password	-0.57928 -0.52561 1.2608 -0.30475 -0.021845 0.75784 -0.21754 -0.55693 0.97749 -0.050804 0.73662 0.58841 -0.018057 -0.26236 0.13737 0.41653 0.84613 0.15501 -0.62304 -0.11244 -0.94086 -0.26237 -0.69275 -0.064158 0.21829 -0.8439 -0.53461 0.27601 -0.60764 -0.069115 0.59311 0.82737 0.30741 0.33162 1.2495 -0.050486 -1.3527 -0.27752 0.36611 -0.84909 0.92262 -0.14366 0.62391 0.51986 -0.19443 0.37633 -0.59692 -0.23089 0.12344 -0.74438 -0.12621 0.39429 0.26114 0.39758 0.48293 -0.13156 0.81479 -0.91919 0.51456 0.26243 -0.23607 0.17328 -0.37769 0.34264 1.2727 0.06262 0.17144 -0.59996 0.72095 -0.21855 -0.72546 0.62023 0.28233 -0.44292 -0.1391 0.36024 -0.38324 -0.53427 0.14779 0.12462 1.0378 -1.0213 -0.7322 -0.54781 -0.82713 0.73828 0.82322 -0.2745 -0.10046 0.2371 -0.0046543 1.1329 0.97997 0.05005 0.80132 -0.74422 1.0901 -0.68242 -0.404 0.23379

