Access	0.040558 0.20727 0.39193 0.64868 0.68834 -0.46082 -0.93591 0.36037 0.90155 -0.46507 0.26234 0.37939 0.065963 -0.42501 0.36173 -0.26664 0.76573 -0.11931 -0.64871 0.078622 -0.36688 0.093008 0.84226 -0.25151 -0.085288 -0.4019 0.26144 -0.5182 -0.33263 0.12171 0.53961 0.84918 -0.2037 0.3472 1.0323 0.3383 -0.053121 0.58291 -0.20546 0.55712 -0.15925 -0.26881 -0.090092 -0.077264 0.15521 -0.0011457 -0.14018 -0.27282 0.74351 0.007522 0.35167 0.73687 -0.50736 0.57352 0.37988 -1.6134 0.20355 -0.82388 2.6172 -0.3991 -0.66176 -0.36297 0.25222 -0.32696 0.94012 -0.18918 0.61247 -0.31251 0.71717 -0.20975 -0.33847 -0.29855 0.77105 -0.50749 0.3123 -0.01257 0.089906 0.12052 -0.49706 -0.72468 1.329 -0.10175 -0.19787 0.19686 -1.8189 0.80779 0.60472 0.042983 0.053371 0.52098 0.16774 -0.04036 0.43119 -0.50233 -0.18109 -0.049244 0.56632 -0.088068 0.99972 0.66769
static	-1.0742 0.38774 0.11768 0.025539 0.048035 0.25791 -0.16158 0.35786 -0.3173 -0.029817 0.069774 -0.053795 -0.080847 -0.087979 0.43462 -0.048991 -0.036372 0.2426 1.1121 -0.48219 0.67675 -0.28103 0.57853 -0.19358 0.48904 -0.40641 0.36746 0.53382 0.15568 -0.0056266 0.044442 -0.029504 -1.0517 0.027946 0.3809 -0.27673 -0.13612 -0.58311 0.23372 -0.4894 0.2935 0.0097376 -0.36532 0.5259 -0.22124 0.27799 0.43371 0.085931 -0.3539 -0.6118 0.75398 -0.11936 -0.31257 0.296 0.83109 -0.85747 0.32152 -0.16781 0.76747 -0.10047 0.31033 -0.30019 -0.6295 0.27906 1.1063 0.62038 0.79329 -0.78023 -0.29322 0.11298 0.16917 -0.16393 1.0721 -0.13076 0.10889 -0.16307 0.50265 0.004598 0.074172 -0.072587 0.41854 -0.099418 -0.45051 0.13476 -0.82313 0.90387 0.41146 -0.061598 -0.023108 -0.086936 -0.077737 0.45047 0.16806 0.21963 0.61754 -0.29306 -0.10447 -0.69419 0.0069169 -0.1224
variables	-0.93248 0.18035 0.24462 0.62591 -0.39803 0.53355 -0.10532 0.36748 -0.61886 0.015774 0.12103 -0.21891 0.3562 -0.099528 0.31229 0.39346 -0.14777 1.559 0.4305 0.25214 -0.46829 -0.65097 0.29463 0.58497 -0.52993 -0.50938 0.61283 0.052552 -0.33333 -0.12466 0.60917 -0.19706 -1.014 -0.037361 -0.26442 -0.3744 0.92566 0.33759 0.27553 -0.88171 -0.1801 -0.22298 -0.11913 0.51482 -0.75891 -0.072047 -0.25398 0.64812 -1.2121 0.16841 0.13653 -0.047372 0.34576 0.68759 0.83453 -0.059467 0.21348 -0.012847 0.5377 0.78724 -0.5827 -0.072588 -0.42248 -0.010709 1.6405 0.47366 0.13535 -0.61408 1.0628 -0.038813 -0.58676 0.077842 0.86365 0.20991 0.65935 -0.61919 0.06971 -1.069 -0.52547 -0.71604 -0.049644 -0.92328 -1.406 -0.61045 -0.71153 0.86587 -0.0056869 -0.44193 -0.72855 -1.1915 -1.5159 1.1994 -0.29775 -0.44201 -0.0073029 0.46314 -0.026162 -0.66887 0.11776 0.26641
class	0.44507 1.1348 0.33681 0.033357 -1.0405 0.24413 0.43113 0.041197 -0.81321 1.1462 -0.041166 -0.56681 -0.37751 0.010833 -0.49384 -0.98461 0.2911 0.62519 0.0021157 0.076011 0.57661 -0.42666 0.026943 -0.31422 0.22591 -0.40706 -0.44773 -0.46698 0.071828 0.087351 -0.25286 1.0292 -0.17695 -0.57001 0.69949 0.49922 -0.23905 0.21815 0.067587 0.91464 -0.62297 -0.85661 -0.1409 -0.61247 0.66159 0.090501 0.19563 0.35387 0.18804 0.30706 -0.73807 0.019089 -0.32798 0.51793 -0.003088 -1.7927 0.08279 -0.13564 2.0857 0.16076 -0.41443 0.42641 0.055687 0.03359 0.74283 -0.19547 0.53011 0.19503 0.44296 0.54503 -0.030984 -0.49682 -0.11398 0.085998 -0.046392 0.92739 0.088696 -0.28703 -0.72927 -1.1755 -0.26028 -0.55622 -0.026987 -0.20324 -0.81465 -0.12299 -1.1006 -1.5845 -0.18962 -0.32423 -0.99665 -0.060921 0.43139 0.38787 0.24177 0.29155 -0.080935 -0.70294 0.47778 -0.33316
TabInfoImpl	
InsertResultSet	
ControlRow	
Tab	-0.24469 0.43285 0.055649 -0.81488 -0.079648 0.19293 -0.065897 0.39976 0.43649 -0.4465 0.41505 0.0025848 -0.32739 -0.22675 0.20972 -0.42129 0.44894 -0.063066 0.37841 -0.017451 0.13171 -0.41865 -0.55639 0.066065 0.40755 -0.040346 0.0042645 -0.029199 -0.49283 -1.4111 0.26965 0.568 -0.38098 0.42817 0.67056 0.30739 -0.56518 0.11974 -0.10016 -0.47873 0.77735 -0.51529 -0.13022 0.18154 -0.77431 0.81117 -1.0121 0.0065462 -0.36128 0.21494 0.70778 0.12561 -0.4738 0.0086123 -0.45096 -0.57167 -0.27949 -0.32867 0.98173 0.67351 0.573 0.14962 0.31758 0.2318 0.2163 0.21149 0.58783 0.083265 0.42603 0.20043 0.14289 -0.14466 0.04257 -0.052796 -0.26537 0.24655 -0.54353 0.70836 0.41256 -0.044642 -0.13616 -0.38737 -0.08597 -0.71079 0.11947 0.098853 -0.047127 -0.14058 -0.029541 -0.65186 -0.64182 0.96512 -0.099136 -0.090276 0.22918 -0.48771 0.87199 0.083835 0.69634 -0.49507
Info	-0.81967 -0.14202 0.64741 -0.22681 0.38609 -0.24876 0.28191 0.07374 0.70674 -0.19251 0.73004 0.3058 -0.75384 -0.10823 0.84538 0.3327 0.4586 -0.80087 0.09843 0.7427 -0.21613 0.38471 -0.17723 -0.042832 0.084332 -0.31696 0.7437 0.11133 -0.33407 -1.048 -0.36389 0.11091 0.034798 0.60101 0.0060155 0.43675 -0.49149 0.17514 -0.1612 -0.66446 0.22403 -0.44384 -0.38457 -0.65139 -0.33222 0.13688 -0.79336 -0.051174 0.47453 -0.48177 0.69297 0.54589 0.31848 0.17299 -0.66149 0.037656 0.20465 0.46201 1.2042 0.26333 -0.27199 -0.016279 -0.3226 -0.33402 -0.031413 0.29674 -0.45425 -0.074244 0.72036 0.25769 -0.20008 -0.28028 0.40973 -0.40918 0.093852 0.45631 0.96696 0.070581 -0.49653 -0.20542 -0.14514 -0.47328 0.48238 -0.205 -0.75024 0.11511 0.096644 0.27384 -0.19544 0.4547 0.072944 0.8609 0.627 -0.44104 -0.31256 0.10746 0.8024 -0.55651 0.34254 0.29035
Impl	
Insert	-1.1482 -0.21825 0.050269 -0.16327 0.21982 0.51419 -0.24632 0.29272 0.78731 0.055656 -0.016094 0.13985 -0.4564 -0.12654 0.24523 0.74126 0.50661 -0.30901 0.013338 -1.0524 0.049387 -0.27667 -0.59893 0.397 0.45954 -0.2238 -0.20205 -0.03601 0.17099 0.037768 0.2256 0.90093 -0.39967 -0.43055 -0.12176 0.082133 -0.65861 -0.39616 0.22142 -0.19109 0.3879 -0.069073 -0.37325 -0.43104 -0.71766 -0.030673 -0.73189 0.083955 -0.5463 -0.46947 0.20989 0.99737 -0.097295 0.23622 -0.47542 -0.73232 0.060067 -0.6022 0.4399 0.51291 0.1574 0.85047 0.39644 0.60437 0.44879 -0.2919 0.3864 0.4244 -0.31443 -0.85995 0.13331 0.23554 0.14669 0.45158 0.16499 0.43185 -0.28546 0.27458 0.10767 -0.71864 -0.39964 -0.82173 -0.67381 -0.27227 -0.67638 0.34026 0.73754 0.33091 -0.024832 0.79146 0.031465 0.62418 0.0016237 -0.60206 0.17916 -0.79709 0.57389 -0.5966 0.23997 0.1567
Result	-0.087511 0.14542 0.29127 0.12803 -0.43367 -0.12828 0.038473 0.1143 0.040391 0.045484 -0.049661 0.073852 0.45601 -0.15827 0.20801 -0.050976 -0.66622 -0.11175 0.10186 0.56809 0.23976 -0.4262 0.22319 0.47691 -0.10006 -0.18398 0.23252 -0.35923 0.1942 -0.47505 0.0053464 0.44186 -0.32664 -0.54685 0.01672 -0.30198 0.14654 0.14177 -0.80985 -0.03107 -0.28552 -0.38628 0.00070181 -0.30259 0.38502 -0.086604 0.82058 -0.11483 -0.42936 -1.0251 0.54522 -0.27689 0.058767 0.88655 0.20817 -2.3723 -0.021035 -0.30926 1.4584 0.51699 -0.50363 0.1824 -0.30236 0.18627 1.0587 -0.012508 -0.30342 -0.25672 0.33463 -0.57944 -0.26818 0.078564 0.20907 0.038156 0.42015 -0.075941 0.056092 -0.28864 -0.97657 0.36076 0.65371 0.038731 -0.49036 0.10242 -1.5925 -0.47145 -0.13226 -0.27821 -0.43612 -0.33068 -0.31652 -0.44216 -0.39044 0.73472 0.029425 0.039828 0.11171 -0.095098 0.36196 -0.53465
Set	-0.026979 0.0054342 0.22934 0.1992 0.53153 0.46441 -0.16962 0.79351 -0.49407 0.27806 0.40256 0.028784 -0.21689 0.26313 -0.013339 0.24328 0.37118 0.83444 -0.78186 -0.49739 0.69664 -0.51034 0.89815 0.16294 0.81555 -0.64644 -0.1909 -0.24281 -0.27935 -0.30685 -0.60586 0.16049 -0.058313 0.11473 0.16565 -0.14386 -0.066771 -0.041341 -0.17164 -0.40261 -0.21321 -0.44287 0.2134 -0.088432 0.16284 -0.38352 -0.42738 -0.18242 0.16961 -0.70388 -0.13625 -0.28808 0.17642 1.4061 0.11511 -2.6623 -0.10834 0.32273 1.7832 1.0727 -0.11656 0.31391 -0.31614 0.2553 0.83315 -0.083177 -0.22755 0.76016 -0.071007 -0.64414 0.021925 -0.040112 -0.29247 -0.19531 -0.069206 -0.12067 -0.18983 -0.29643 -0.4019 -0.015466 0.87412 -0.047512 -0.72765 0.061269 -1.2187 0.24303 0.16417 0.075568 -0.15996 0.049251 -0.13424 0.27638 -0.35704 -0.22446 -0.57734 -0.048605 0.024131 -0.50613 0.29535 0.10395
Control	-0.16488 -1.027 0.58678 -0.084775 -0.14952 0.20733 -0.5558 -0.23405 0.28853 0.22328 0.01886 0.076547 0.21697 -0.15205 -0.091678 -0.16133 0.014861 -0.15468 -0.16224 -0.59454 0.45081 -0.35927 0.56715 -0.52683 -0.2661 -0.42756 -0.030021 -0.25014 -0.022355 -0.13324 0.28761 0.42139 -0.054242 0.060897 0.035595 -0.28559 0.11626 0.35641 -0.097582 0.027215 -0.29012 -0.40101 0.14145 -0.76829 0.22792 0.072385 -0.21202 -0.068352 -0.030707 -0.65373 -0.12439 0.57447 -0.56502 1.5445 0.95812 -2.3604 0.34269 -0.11281 1.9797 0.31825 0.65544 0.085859 0.20073 0.43008 0.79615 0.66409 -0.07841 -0.093079 0.25357 0.46342 0.063688 -0.60433 0.33363 -0.045715 -0.086716 -0.93347 -0.8118 0.12537 -1.1177 0.43213 0.83994 -0.35018 -0.85687 0.54444 -1.4956 0.93219 0.99946 -0.1268 -0.24329 -0.23052 0.33069 -0.33041 0.015818 0.47067 -0.3768 0.42395 0.05533 -0.34021 0.78655 0.076509
Row	0.24573 0.34631 0.65345 -0.60289 0.048054 0.042434 0.090333 0.13667 -0.37101 -0.047729 -0.080386 0.25711 0.079928 0.63167 -0.26106 0.2784 -0.96251 -0.0078909 -0.38579 -0.40777 0.88982 0.25149 0.42113 0.2407 1.2318 -0.71601 -0.11399 -0.41104 0.29075 0.16401 0.10704 -0.10644 -0.006689 0.0059655 -0.044487 0.52159 -0.48635 -0.19579 0.15108 -0.2305 -0.07794 -0.74863 0.53847 -0.60586 0.49639 -0.064154 0.10614 0.093975 0.57249 -0.089359 0.13733 -0.66598 -0.86355 1.4289 -0.086599 -1.8861 -0.22502 -0.2077 0.80425 0.35551 -1.1312 -0.1291 0.24682 -0.22489 0.88506 0.29792 0.67806 0.26547 -0.27948 -0.2487 0.10249 0.69217 -0.32555 -0.21995 0.17351 0.73302 0.30668 -0.14331 -0.17305 0.52826 0.24465 0.0034292 0.33534 0.18588 -0.51655 -0.30634 -0.30236 -0.46723 0.58371 -0.036362 -0.78383 0.10496 -0.43646 -0.016353 0.1842 0.21585 0.31645 0.40074 0.84809 -0.56796

Accessing	-0.15692 0.11166 0.57355 0.63713 0.39723 0.63947 -1.3305 -0.16316 1.245 -0.35229 0.80698 0.3953 -0.052282 -0.19795 0.41693 -0.36274 0.58179 0.24714 0.093978 0.058634 -0.98375 0.18948 0.89868 0.18293 -0.62171 -0.31459 0.15461 0.041306 -0.44941 0.75717 0.53482 0.18174 0.015749 -0.23049 0.59222 -0.58272 -0.46087 0.32658 -0.24261 0.33794 -0.10012 0.72352 -0.063415 0.7009 -0.36485 0.52816 0.026101 -0.23377 0.35453 0.33091 0.40736 0.66816 -0.44314 0.084169 -0.13984 0.046675 0.53096 -0.36373 0.74283 -0.55801 -0.62011 0.096299 0.034231 0.2708 -0.19292 0.39089 0.64132 -0.65719 0.71759 -0.39517 -0.48927 0.060842 0.40783 -0.3326 0.20608 0.28572 -0.13133 0.15952 -0.48117 -0.16408 0.54671 0.22059 -0.77666 0.054328 -1.0005 0.39451 0.23648 0.092028 -0.36234 -0.0060165 -0.2446 0.359 0.73085 -0.66312 0.77608 -0.28747 0.47743 0.15522 0.78058 0.10232
static	-1.0742 0.38774 0.11768 0.025539 0.048035 0.25791 -0.16158 0.35786 -0.3173 -0.029817 0.069774 -0.053795 -0.080847 -0.087979 0.43462 -0.048991 -0.036372 0.2426 1.1121 -0.48219 0.67675 -0.28103 0.57853 -0.19358 0.48904 -0.40641 0.36746 0.53382 0.15568 -0.0056266 0.044442 -0.029504 -1.0517 0.027946 0.3809 -0.27673 -0.13612 -0.58311 0.23372 -0.4894 0.2935 0.0097376 -0.36532 0.5259 -0.22124 0.27799 0.43371 0.085931 -0.3539 -0.6118 0.75398 -0.11936 -0.31257 0.296 0.83109 -0.85747 0.32152 -0.16781 0.76747 -0.10047 0.31033 -0.30019 -0.6295 0.27906 1.1063 0.62038 0.79329 -0.78023 -0.29322 0.11298 0.16917 -0.16393 1.0721 -0.13076 0.10889 -0.16307 0.50265 0.004598 0.074172 -0.072587 0.41854 -0.099418 -0.45051 0.13476 -0.82313 0.90387 0.41146 -0.061598 -0.023108 -0.086936 -0.077737 0.45047 0.16806 0.21963 0.61754 -0.29306 -0.10447 -0.69419 0.0069169 -0.1224
variables	-0.93248 0.18035 0.24462 0.62591 -0.39803 0.53355 -0.10532 0.36748 -0.61886 0.015774 0.12103 -0.21891 0.3562 -0.099528 0.31229 0.39346 -0.14777 1.559 0.4305 0.25214 -0.46829 -0.65097 0.29463 0.58497 -0.52993 -0.50938 0.61283 0.052552 -0.33333 -0.12466 0.60917 -0.19706 -1.014 -0.037361 -0.26442 -0.3744 0.92566 0.33759 0.27553 -0.88171 -0.1801 -0.22298 -0.11913 0.51482 -0.75891 -0.072047 -0.25398 0.64812 -1.2121 0.16841 0.13653 -0.047372 0.34576 0.68759 0.83453 -0.059467 0.21348 -0.012847 0.5377 0.78724 -0.5827 -0.072588 -0.42248 -0.010709 1.6405 0.47366 0.13535 -0.61408 1.0628 -0.038813 -0.58676 0.077842 0.86365 0.20991 0.65935 -0.61919 0.06971 -1.069 -0.52547 -0.71604 -0.049644 -0.92328 -1.406 -0.61045 -0.71153 0.86587 -0.0056869 -0.44193 -0.72855 -1.1915 -1.5159 1.1994 -0.29775 -0.44201 -0.0073029 0.46314 -0.026162 -0.66887 0.11776 0.26641
instance	0.010899 0.39406 0.29634 0.36196 0.17799 0.17844 -0.075818 -0.11781 0.14571 -0.32329 -0.13999 -0.53306 0.042798 0.060121 0.011715 -0.053521 -0.027406 0.16515 -0.18966 0.38056 -0.068888 -0.32456 0.0047983 0.0028581 -0.086792 -0.12493 -0.0851 -0.38793 -0.33017 -0.27078 0.30466 0.64281 -0.10773 -0.33889 0.24451 0.22412 0.18467 -0.073845 0.43074 -0.33632 0.018725 -0.10932 -0.23746 -0.082098 -0.36712 -0.022573 0.46992 -0.29503 -0.22163 -0.57501 0.64988 -0.072025 0.11586 0.53095 -0.30042 -1.3944 -0.18381 -0.081316 1.1893 0.28351 -0.31151 0.35893 0.26718 -0.27926 1.049 -0.15551 0.17589 0.010665 0.30881 0.075101 -0.2255 0.11474 0.12657 0.29895 0.15033 0.032254 0.14809 -0.24944 -0.56316 0.038885 0.28959 -0.47264 -0.42758 -0.36073 -1.387 -0.0091781 0.014228 -0.39159 -0.043444 -0.10748 -0.030113 -0.24122 0.21177 -0.10005 -0.20015 0.16969 -0.26354 -0.4874 0.44446 -0.053874
causing	-0.11396 -0.5504 0.34314 0.037954 -0.21003 0.36157 -0.5222 -0.010171 0.98448 -0.18035 -0.34635 0.20072 0.04347 -0.07445 0.22391 -0.66843 -1.0738 -0.2511 0.18112 0.28785 0.44844 -0.34236 0.19229 -0.04942 0.27404 0.38429 -0.28143 -0.16305 0.71853 0.2031 0.37116 0.011705 -0.29943 -0.25531 -0.70205 -0.66668 0.65047 -0.49541 -0.43229 0.83061 -0.36035 0.052963 -0.43166 -0.47215 0.96607 0.83381 0.6471 0.13432 -0.66565 -0.72395 0.38636 -0.26857 -0.45411 0.7523 0.26973 -1.6228 -0.0054436 0.0076049 1.4745 0.90008 -0.19766 1.0767 0.21568 0.43905 0.49879 0.3273 0.53262 -0.6643 0.67211 -0.64695 -0.78243 -0.096856 0.28702 0.11769 0.50959 0.10327 0.72022 0.17985 -0.54397 0.93793 0.89178 0.24595 -0.99351 0.20308 -0.54404 -0.41226 0.086733 0.19442 -0.39893 0.061164 0.24779 -0.10316 -0.21291 -0.22477 0.082176 0.11115 0.37393 -0.36805 0.79767 -0.94745
trouble	0.15685 -0.17255 0.62044 0.089601 -0.065927 0.55307 -0.32392 -0.48519 0.41227 -0.45804 0.27669 0.043626 -0.14144 0.28919 0.074622 -0.62371 -0.52177 -0.0017984 0.30904 -0.024543 -0.11598 0.40767 -0.19883 -0.42288 -0.059543 0.16451 -0.48713 -0.21246 0.11157 0.03525 -0.47314 -0.15905 0.12241 -0.22736 0.17882 -0.3944 -0.31612 0.013516 0.24968 0.084001 -0.60688 0.1506 0.17919 -0.66726 -0.18693 -0.016718 0.37643 -0.16067 0.33939 -0.93795 0.068555 -0.099501 -0.48901 1.1126 0.4176 -2.2337 0.12496 -0.17004 0.85065 0.70058 -0.18394 0.4719 -0.39207 0.30167 0.28728 0.28662 0.52482 -0.055025 0.051153 -0.075059 -0.68704 0.11943 -0.7671 -0.29895 0.20962 0.60878 -0.22039 0.040692 -0.49135 0.57916 0.48645 -0.2079 -0.81671 -0.015582 -1.3075 -0.29728 -0.28444 0.073283 -0.90174 -0.38551 -0.16593 0.31595 -0.0069233 -0.22011 -0.19047 0.55639 0.24521 0.24692 0.45263 -0.090004
static	-1.0742 0.38774 0.11768 0.025539 0.048035 0.25791 -0.16158 0.35786 -0.3173 -0.029817 0.069774 -0.053795 -0.080847 -0.087979 0.43462 -0.048991 -0.036372 0.2426 1.1121 -0.48219 0.67675 -0.28103 0.57853 -0.19358 0.48904 -0.40641 0.36746 0.53382 0.15568 -0.0056266 0.044442 -0.029504 -1.0517 0.027946 0.3809 -0.27673 -0.13612 -0.58311 0.23372 -0.4894 0.2935 0.0097376 -0.36532 0.5259 -0.22124 0.27799 0.43371 0.085931 -0.3539 -0.6118 0.75398 -0.11936 -0.31257 0.296 0.83109 -0.85747 0.32152 -0.16781 0.76747 -0.10047 0.31033 -0.30019 -0.6295 0.27906 1.1063 0.62038 0.79329 -0.78023 -0.29322 0.11298 0.16917 -0.16393 1.0721 -0.13076 0.10889 -0.16307 0.50265 0.004598 0.074172 -0.072587 0.41854 -0.099418 -0.45051 0.13476 -0.82313 0.90387 0.41146 -0.061598 -0.023108 -0.086936 -0.077737 0.45047 0.16806 0.21963 0.61754 -0.29306 -0.10447 -0.69419 0.0069169 -0.1224
code	0.040031 -0.24448 0.73053 -0.78522 0.10176 1.1329 -0.54574 -0.16502 -0.22271 0.26857 -0.0028017 -0.53323 0.23771 -0.013369 -0.31623 0.31315 1.4045 0.3017 -0.3337 0.026709 -0.23063 -0.35121 0.3957 -0.048798 0.20233 -0.42681 0.086992 -0.32299 -0.51931 -0.39928 0.40101 1.0389 0.11716 -0.29213 0.40621 0.34681 -0.21982 -0.99274 0.27808 0.30669 -0.15944 -0.43364 0.10627 0.13963 -0.47956 -0.080051 -0.062879 -0.10151 -0.20968 -0.19341 0.45186 0.61042 -0.064944 0.96259 -0.85312 -1.127 0.15543 -0.13428 2.2155 0.61877 -0.20611 -0.513 -0.68671 -0.048113 0.87501 -0.11171 -0.40812 -0.042767 0.6316 0.14233 -0.23214 0.036219 0.32677 0.13164 0.37036 0.17449 0.12896 0.12132 -0.88154 0.11403 -0.24804 -1.2929 -0.34626 -0.30557 -1.4405 1.2882 0.31974 -1.2983 -0.18529 0.85937 -0.19239 0.83516 -0.56495 0.0085904 0.70475 -0.095823 -0.26036 -0.95226 -0.059152 -0.19183
analysis	-0.88259 0.52158 0.29069 -0.0187 0.037756 -0.53318 0.36323 -0.33089 -0.594 0.46355 0.37 -0.49996 0.24034 -0.016058 0.40562 0.75559 0.089209 0.041489 0.59974 0.13167 -0.35207 -0.30514 -0.10251 -0.039114 -0.53992 -0.14582 0.62068 0.18875 -0.61252 0.051325 -0.20932 0.23512 -0.83639 -0.026608 0.12627 -0.19259 0.088921 0.28633 -0.054499 -0.31267 -0.75419 -0.8817 -0.83378 0.069668 -1.0453 -0.46283 0.058939 -0.3429 -0.90067 -0.33881 1.112 -0.064991 -0.029966 0.93088 0.18756 -1.7603 0.018141 -0.60669 1.3778 0.17849 -0.29909 0.27298 0.58288 -0.15429 1.1514 -0.067154 -0.59633 -0.090761 0.4749 0.54022 -0.48358 1.117 0.48596 -0.044912 0.094936 -0.58537 0.10326 -0.17238 -1.3141 -0.36123 0.44566 0.58171 -0.58424 -0.55619 -1.4468 0.26025 0.55013 -0.54499 -0.46577 -0.34086 0.22923 0.051193 -0.21641 0.066235 0.90544 0.32671 0.21762 -1.0717 -0.071714 0.71562
application	-0.12322 -0.074609 -0.041018 0.45522 0.71676 -0.1913 -0.12719 0.25529 0.53051 0.48021 0.050382 -0.2967 0.12473 -0.54537 0.49738 0.066474 0.41336 0.57229 0.063335 0.21407 -1.5206 -0.62539 0.52047 0.62497 0.19209 -0.17329 0.77322 -0.66976 -0.67403 -0.038896 -0.1427 1.1936 -0.33928 0.04234 0.54185 0.29589 -0.058683 -0.20443 0.0049215 -0.82098 -0.53291 -0.18131 0.27595 -0.29105 -0.14885 -0.1322 -0.057057 -0.25208 0.39785 -0.10132 0.6924 0.28439 0.37405 0.57632 -0.23456 -0.80556 0.082172 -0.53075 2.5485 -0.074907 -0.054892 -0.19844 -0.32165 0.25769 1.247 -0.28376 -0.10759 -0.078834 -0.085614 -0.43706 -0.18137 0.45606 0.19048 -0.50209 -0.14354 0.30327 -0.35816 -0.10107 -0.4632 -0.40183 0.56888 -0.48067 -0.43256 0.039138 -1.5166 0.67472 0.89752 -0.3867 -0.01405 0.023539 0.11554 0.35375 -0.063162 0.47257 1.2424 0.44629 -0.25034 -0.10589 0.86995 0.14198

accessing	-0.15692 0.11166 0.57355 0.63713 0.39723 0.63947 -1.3305 -0.16316 1.245 -0.35229 0.80698 0.3953 -0.052282 -0.19795 0.41693 -0.36274 0.58179 0.24714 0.093978 0.058634 -0.98375 0.18948 0.89868 0.18293 -0.62171 -0.31459 0.15461 0.041306 -0.44941 0.75717 0.53482 0.18174 0.015749 -0.23049 0.59222 -0.58272 -0.46087 0.32658 -0.24261 0.33794 -0.10012 0.72352 -0.063415 0.7009 -0.36485 0.52816 0.026101 -0.23377 0.35453 0.33091 0.40736 0.66816 -0.44314 0.084169 -0.13984 0.046675 0.53096 -0.36373 0.74283 -0.55801 -0.62011 0.096299 0.034231 0.2708 -0.19292 0.39089 0.64132 -0.65719 0.71759 -0.39517 -0.48927 0.060842 0.40783 -0.3326 0.20608 0.28572 -0.13133 0.15952 -0.48117 -0.16408 0.54671 0.22059 -0.77666 0.054328 -1.0005 0.39451 0.23648 0.092028 -0.36234 -0.0060165 -0.2446 0.359 0.73085 -0.66312 0.77608 -0.28747 0.47743 0.15522 0.78058 0.10232
static	-1.0742 0.38774 0.11768 0.025539 0.048035 0.25791 -0.16158 0.35786 -0.3173 -0.029817 0.069774 -0.053795 -0.080847 -0.087979 0.43462 -0.048991 -0.036372 0.2426 1.1121 -0.48219 0.67675 -0.28103 0.57853 -0.19358 0.48904 -0.40641 0.36746 0.53382 0.15568 -0.0056266 0.044442 -0.029504 -1.0517 0.027946 0.3809 -0.27673 -0.13612 -0.58311 0.23372 -0.4894 0.2935 0.0097376 -0.36532 0.5259 -0.22124 0.27799 0.43371 0.085931 -0.3539 -0.6118 0.75398 -0.11936 -0.31257 0.296 0.83109 -0.85747 0.32152 -0.16781 0.76747 -0.10047 0.31033 -0.30019 -0.6295 0.27906 1.1063 0.62038 0.79329 -0.78023 -0.29322 0.11298 0.16917 -0.16393 1.0721 -0.13076 0.10889 -0.16307 0.50265 0.004598 0.074172 -0.072587 0.41854 -0.099418 -0.45051 0.13476 -0.82313 0.90387 0.41146 -0.061598 -0.023108 -0.086936 -0.077737 0.45047 0.16806 0.21963 0.61754 -0.29306 -0.10447 -0.69419 0.0069169 -0.1224
variables	-0.93248 0.18035 0.24462 0.62591 -0.39803 0.53355 -0.10532 0.36748 -0.61886 0.015774 0.12103 -0.21891 0.3562 -0.099528 0.31229 0.39346 -0.14777 1.559 0.4305 0.25214 -0.46829 -0.65097 0.29463 0.58497 -0.52993 -0.50938 0.61283 0.052552 -0.33333 -0.12466 0.60917 -0.19706 -1.014 -0.037361 -0.26442 -0.3744 0.92566 0.33759 0.27553 -0.88171 -0.1801 -0.22298 -0.11913 0.51482 -0.75891 -0.072047 -0.25398 0.64812 -1.2121 0.16841 0.13653 -0.047372 0.34576 0.68759 0.83453 -0.059467 0.21348 -0.012847 0.5377 0.78724 -0.5827 -0.072588 -0.42248 -0.010709 1.6405 0.47366 0.13535 -0.61408 1.0628 -0.038813 -0.58676 0.077842 0.86365 0.20991 0.65935 -0.61919 0.06971 -1.069 -0.52547 -0.71604 -0.049644 -0.92328 -1.406 -0.61045 -0.71153 0.86587 -0.0056869 -0.44193 -0.72855 -1.1915 -1.5159 1.1994 -0.29775 -0.44201 -0.0073029 0.46314 -0.026162 -0.66887 0.11776 0.26641
recommended	-0.38725 -0.38811 -0.49279 0.59798 0.19569 -0.2082 -0.38289 0.88555 -0.68487 0.048159 0.022677 -0.21875 -0.017903 -0.22776 0.19037 -0.38514 -0.0039058 -0.47737 -0.83092 -0.11958 -0.49621 -0.63306 -0.65873 -0.054134 -0.45063 0.33342 0.0074512 -0.6682 -0.48691 0.52396 0.50533 0.23291 -0.5361 -0.15761 0.36158 0.60706 0.068917 0.027425 -0.28774 -0.073918 -0.43498 -0.20257 0.43833 -0.5694 0.054173 0.54709 -0.37833 -0.93313 -0.34545 -0.78894 0.8658 -0.48879 -0.31454 0.61966 -0.7879 -0.93001 0.24516 -0.16397 1.2842 0.2974 0.142 -0.1567 0.38144 0.46333 0.61973 -0.46457 -0.4492 0.78575 0.28356 -0.051856 0.013623 -0.10088 -0.097088 0.50833 -0.62934 -0.11651 -0.45349 0.18331 -0.56501 -0.70912 0.17834 -0.33592 -0.57809 -0.36488 -1.1234 0.092407 0.68953 -0.20288 -0.51997 -0.10335 -0.08682 -0.62459 -0.097517 -0.13654 -0.25288 0.45013 -0.13821 -0.099383 0.18399 -0.083023
changing	0.26046 0.14471 0.7405 0.72673 -0.20024 0.14484 -0.52442 0.10828 -0.10576 0.25599 -0.10947 -0.52656 0.11588 -0.65825 0.28084 -0.48611 -0.38067 0.0038497 0.19036 -0.60106 -0.29097 0.099083 0.40901 -0.14642 -0.11327 -0.25687 0.007666 -0.79758 -0.11049 0.25042 -0.03516 0.84439 -0.40381 -0.66967 -0.34306 -0.43161 -0.25285 -0.57012 -0.28215 -0.37404 -0.51956 -0.70156 -0.10728 0.39376 -0.61513 0.36989 -0.3623 0.073268 -0.16571 -1.3854 0.66645 0.086743 0.1937 1.1878 0.068888 -1.6804 0.80039 0.29189 1.2546 0.16714 -0.22449 0.62179 -0.18102 -0.089936 0.69031 0.39189 -0.069024 -0.54155 0.32453 -0.092871 -0.12981 -0.12582 -0.18614 -0.37344 0.50748 -0.48327 -0.038719 -0.24725 0.019753 -0.054184 -0.043593 -0.58046 -0.11063 -0.018722 -0.95292 0.017127 -0.42626 -0.80404 -0.59498 -0.35593 -0.14421 0.16887 0.18692 -0.30658 -0.50181 -0.069523 -0.40813 -0.087734 0.80296 0.36853
code	0.040031 -0.24448 0.73053 -0.78522 0.10176 1.1329 -0.54574 -0.16502 -0.22271 0.26857 -0.0028017 -0.53323 0.23771 -0.013369 -0.31623 0.31315 1.4045 0.3017 -0.3337 0.026709 -0.23063 -0.35121 0.3957 -0.048798 0.20233 -0.42681 0.086992 -0.32299 -0.51931 -0.39928 0.40101 1.0389 0.11716 -0.29213 0.40621 0.34681 -0.21982 -0.99274 0.27808 0.30669 -0.15944 -0.43364 0.10627 0.13963 -0.47956 -0.080051 -0.062879 -0.10151 -0.20968 -0.19341 0.45186 0.61042 -0.064944 0.96259 -0.85312 -1.127 0.15543 -0.13428 2.2155 0.61877 -0.20611 -0.513 -0.68671 -0.048113 0.87501 -0.11171 -0.40812 -0.042767 0.6316 0.14233 -0.23214 0.036219 0.32677 0.13164 0.37036 0.17449 0.12896 0.12132 -0.88154 0.11403 -0.24804 -1.2929 -0.34626 -0.30557 -1.4405 1.2882 0.31974 -1.2983 -0.18529 0.85937 -0.19239 0.83516 -0.56495 0.0085904 0.70475 -0.095823 -0.26036 -0.95226 -0.059152 -0.19183
access	0.040558 0.20727 0.39193 0.64868 0.68834 -0.46082 -0.93591 0.36037 0.90155 -0.46507 0.26234 0.37939 0.065963 -0.42501 0.36173 -0.26664 0.76573 -0.11931 -0.64871 0.078622 -0.36688 0.093008 0.84226 -0.25151 -0.085288 -0.4019 0.26144 -0.5182 -0.33263 0.12171 0.53961 0.84918 -0.2037 0.3472 1.0323 0.3383 -0.053121 0.58291 -0.20546 0.55712 -0.15925 -0.26881 -0.090092 -0.077264 0.15521 -0.0011457 -0.14018 -0.27282 0.74351 0.007522 0.35167 0.73687 -0.50736 0.57352 0.37988 -1.6134 0.20355 -0.82388 2.6172 -0.3991 -0.66176 -0.36297 0.25222 -0.32696 0.94012 -0.18918 0.61247 -0.31251 0.71717 -0.20975 -0.33847 -0.29855 0.77105 -0.50749 0.3123 -0.01257 0.089906 0.12052 -0.49706 -0.72468 1.329 -0.10175 -0.19787 0.19686 -1.8189 0.80779 0.60472 0.042983 0.053371 0.52098 0.16774 -0.04036 0.43119 -0.50233 -0.18109 -0.049244 0.56632 -0.088068 0.99972 0.66769
static	-1.0742 0.38774 0.11768 0.025539 0.048035 0.25791 -0.16158 0.35786 -0.3173 -0.029817 0.069774 -0.053795 -0.080847 -0.087979 0.43462 -0.048991 -0.036372 0.2426 1.1121 -0.48219 0.67675 -0.28103 0.57853 -0.19358 0.48904 -0.40641 0.36746 0.53382 0.15568 -0.0056266 0.044442 -0.029504 -1.0517 0.027946 0.3809 -0.27673 -0.13612 -0.58311 0.23372 -0.4894 0.2935 0.0097376 -0.36532 0.5259 -0.22124 0.27799 0.43371 0.085931 -0.3539 -0.6118 0.75398 -0.11936 -0.31257 0.296 0.83109 -0.85747 0.32152 -0.16781 0.76747 -0.10047 0.31033 -0.30019 -0.6295 0.27906 1.1063 0.62038 0.79329 -0.78023 -0.29322 0.11298 0.16917 -0.16393 1.0721 -0.13076 0.10889 -0.16307 0.50265 0.004598 0.074172 -0.072587 0.41854 -0.099418 -0.45051 0.13476 -0.82313 0.90387 0.41146 -0.061598 -0.023108 -0.086936 -0.077737 0.45047 0.16806 0.21963 0.61754 -0.29306 -0.10447 -0.69419 0.0069169 -0.1224
variables	-0.93248 0.18035 0.24462 0.62591 -0.39803 0.53355 -0.10532 0.36748 -0.61886 0.015774 0.12103 -0.21891 0.3562 -0.099528 0.31229 0.39346 -0.14777 1.559 0.4305 0.25214 -0.46829 -0.65097 0.29463 0.58497 -0.52993 -0.50938 0.61283 0.052552 -0.33333 -0.12466 0.60917 -0.19706 -1.014 -0.037361 -0.26442 -0.3744 0.92566 0.33759 0.27553 -0.88171 -0.1801 -0.22298 -0.11913 0.51482 -0.75891 -0.072047 -0.25398 0.64812 -1.2121 0.16841 0.13653 -0.047372 0.34576 0.68759 0.83453 -0.059467 0.21348 -0.012847 0.5377 0.78724 -0.5827 -0.072588 -0.42248 -0.010709 1.6405 0.47366 0.13535 -0.61408 1.0628 -0.038813 -0.58676 0.077842 0.86365 0.20991 0.65935 -0.61919 0.06971 -1.069 -0.52547 -0.71604 -0.049644 -0.92328 -1.406 -0.61045 -0.71153 0.86587 -0.0056869 -0.44193 -0.72855 -1.1915 -1.5159 1.1994 -0.29775 -0.44201 -0.0073029 0.46314 -0.026162 -0.66887 0.11776 0.26641
class	0.44507 1.1348 0.33681 0.033357 -1.0405 0.24413 0.43113 0.041197 -0.81321 1.1462 -0.041166 -0.56681 -0.37751 0.010833 -0.49384 -0.98461 0.2911 0.62519 0.0021157 0.076011 0.57661 -0.42666 0.026943 -0.31422 0.22591 -0.40706 -0.44773 -0.46698 0.071828 0.087351 -0.25286 1.0292 -0.17695 -0.57001 0.69949 0.49922 -0.23905 0.21815 0.067587 0.91464 -0.62297 -0.85661 -0.1409 -0.61247 0.66159 0.090501 0.19563 0.35387 0.18804 0.30706 -0.73807 0.019089 -0.32798 0.51793 -0.003088 -1.7927 0.08279 -0.13564 2.0857 0.16076 -0.41443 0.42641 0.055687 0.03359 0.74283 -0.19547 0.53011 0.19503 0.44296 0.54503 -0.030984 -0.49682 -0.11398 0.085998 -0.046392 0.92739 0.088696 -0.28703 -0.72927 -1.1755 -0.26028 -0.55622 -0.026987 -0.20324 -0.81465 -0.12299 -1.1006 -1.5845 -0.18962 -0.32423 -0.99665 -0.060921 0.43139 0.38787 0.24177 0.29155 -0.080935 -0.70294 0.47778 -0.33316
names	0.017045 0.51772 0.60871 -0.36433 0.27082 0.44749 -0.44171 -0.71215 -0.27563 -0.25831 -0.21902 0.069403 0.8665 0.46331 0.10942 -0.12415 1.2472 -0.0046745 -0.42789 0.63104 -0.24731 0.14983 0.11858 0.28562 -0.59375 -1.0015 0.24412 -0.21935 0.065308 -0.36067 1.2812 0.078019 -0.46129 -0.25999 0.37463 0.094408 -0.18134 -0.46047 -0.19058 -0.061567 -0.030662 -0.066598 0.39686 -0.23372 -0.013495 0.40073 -0.6071 0.081373 -0.53581 -0.26342 0.64936 0.24815 0.5745 0.72055 -0.51853 -1.188 -0.72996 0.036779 1.0938 0.60591 -0.41156 1.5072 0.23342 0.027785 1.1425 -0.41822 0.22017 0.45721 0.45485 -0.49352 -0.98349 0.25299 -0.48305 -0.86661 0.22196 0.45072 0.0038162 0.09176 -0.84155 -0.42792 0.53245 -1.2646 -0.099063 -0.43742 -1.3915 -0.29728 -0.37751 -0.83964 0.58204 0.31187 -0.38257 0.45329 0.21451 -0.24875 -0.58149 -0.032451 -1.1502 -0.40236 0.4742 0.30769

removing	-0.4213 -0.1631 0.21841 0.41268 0.076382 0.065089 -0.82998 0.2778 0.58164 0.16602 0.41406 0.010447 0.13982 -0.39213 0.68355 -0.65988 0.15508 -0.2109 0.24855 -0.35048 -0.54613 -0.060088 0.16295 -0.21172 0.24488 0.35212 -0.41575 -0.61225 -0.42593 0.31808 0.60141 -0.090244 -0.26564 -0.46981 -0.49276 -0.971 -0.10945 -0.77978 -0.55458 0.32537 -0.67565 -0.20845 0.84397 0.11076 -0.058301 0.27213 -0.37664 0.13391 -1.0159 -0.57964 0.74772 0.20218 -0.73959 1.0699 -0.78902 -1.0929 -0.21673 -0.31581 0.86121 0.37817 -0.16438 0.28196 0.41268 0.9854 0.76493 0.033476 0.82083 0.20402 -0.066335 -0.62192 -0.14022 -0.028689 -0.049135 0.11399 0.29255 0.36463 -0.088419 0.40475 -0.14696 0.22759 0.47096 -0.52467 -0.33504 0.40347 -0.67337 0.57622 0.50297 0.44534 -0.31631 0.19297 -0.20378 -0.21195 0.20799 -0.3335 -0.25406 -0.95198 0.19038 -0.29646 0.39945 -0.017594
unused	-0.076257 0.77111 0.21128 -0.18639 -0.048977 0.013968 -0.5857 0.71196 0.73523 0.027677 0.62769 0.33761 -0.05763 0.05403 0.68789 -0.67703 0.59801 0.86048 1.0574 -0.4256 0.15394 1.0647 0.37385 -0.17976 -0.14261 -0.9458 0.040064 0.16334 -0.16063 0.50096 0.13202 0.15762 -0.46832 -0.19664 -0.64135 0.65202 -0.46205 0.082998 -0.32411 -0.41737 0.60871 -0.032076 0.49314 -0.01159 0.80058 0.15155 -0.29926 0.1359 -0.35427 0.11115 0.13927 -0.072959 0.49493 0.035955 0.22235 -0.83328 -0.23391 -0.72327 0.81931 -0.15306 0.13691 0.40163 0.39896 0.3336 0.43031 -0.34527 0.56381 -0.82755 -0.30387 -0.49301 0.089375 -0.29903 1.2136 0.099956 -0.073977 0.20324 -0.51734 0.14663 -0.29655 -0.014834 0.43643 -0.27294 -0.16323 0.048354 -0.59758 0.39023 0.31964 0.5529 -0.43786 0.39956 -1.0713 0.11401 0.16464 0.00082752 -0.30379 -0.63152 0.5265 0.80333 0.12941 -0.28646
method	-0.41796 0.53241 -0.33693 0.69262 0.068686 -0.087566 0.27663 -0.071203 -0.3353 0.33365 -0.52407 -0.53341 0.04046 -0.16659 0.45481 -0.34785 0.24926 0.022734 0.4212 0.0062452 -0.13359 -0.51309 0.21382 -0.24943 -0.36553 -0.01069 0.25961 -0.2909 -0.7678 0.037387 -0.46895 0.89278 -0.53101 -0.38841 0.35913 -0.4793 -0.33601 -0.20371 0.39182 -0.95175 -0.62779 0.17753 -0.035282 -0.12463 -0.84179 -0.34632 -0.19631 -0.84428 -0.54253 -0.19322 0.25287 -0.01299 -0.0014 1.4574 -0.76291 -1.5731 -0.23982 0.22269 0.87785 -0.034078 -0.036702 -0.31008 0.80324 0.61032 1.3546 -0.14522 -0.19501 -0.68654 -0.096186 -0.50487 -1.0144 0.37278 0.63403 0.66473 0.33144 -0.62283 -0.11496 -0.60323 -0.46632 -0.17908 0.23923 0.25257 -1.1826 -0.60126 -1.8759 0.92491 0.87735 -0.62709 -0.26522 -0.10025 -0.58459 0.12821 0.3471 0.52632 0.74769 -0.33396 -0.36954 -0.75431 0.34056 0.28563
access	0.040558 0.20727 0.39193 0.64868 0.68834 -0.46082 -0.93591 0.36037 0.90155 -0.46507 0.26234 0.37939 0.065963 -0.42501 0.36173 -0.26664 0.76573 -0.11931 -0.64871 0.078622 -0.36688 0.093008 0.84226 -0.25151 -0.085288 -0.4019 0.26144 -0.5182 -0.33263 0.12171 0.53961 0.84918 -0.2037 0.3472 1.0323 0.3383 -0.053121 0.58291 -0.20546 0.55712 -0.15925 -0.26881 -0.090092 -0.077264 0.15521 -0.0011457 -0.14018 -0.27282 0.74351 0.007522 0.35167 0.73687 -0.50736 0.57352 0.37988 -1.6134 0.20355 -0.82388 2.6172 -0.3991 -0.66176 -0.36297 0.25222 -0.32696 0.94012 -0.18918 0.61247 -0.31251 0.71717 -0.20975 -0.33847 -0.29855 0.77105 -0.50749 0.3123 -0.01257 0.089906 0.12052 -0.49706 -0.72468 1.329 -0.10175 -0.19787 0.19686 -1.8189 0.80779 0.60472 0.042983 0.053371 0.52098 0.16774 -0.04036 0.43119 -0.50233 -0.18109 -0.049244 0.56632 -0.088068 0.99972 0.66769
bree	-0.59333 -0.56798 0.20783 -0.22118 -1.2328 -0.16879 -0.20094 0.10412 1.452 -0.85143 -0.52826 -0.099148 0.46076 0.34177 0.12244 -0.071252 0.27137 -0.18384 0.088676 0.54374 0.22368 0.54234 -0.10028 0.48069 0.243 0.19888 -0.86053 -1.019 0.25964 0.25783 -0.43931 0.20754 0.090173 -0.044069 -0.3667 0.24028 0.22181 -0.015637 -0.7809 0.11618 -0.27303 -0.028814 -0.52599 0.1806 -0.52373 0.13804 -1.3668 -0.65097 1.603 1.2152 -0.49307 0.21823 -0.38895 0.60652 -0.89502 -0.052053 0.21092 -0.30574 -1.3974 -0.96012 -0.22627 0.21606 0.29467 0.23777 -0.24313 0.39743 0.42449 1.0306 -1.146 0.41906 0.11216 -0.18516 -0.4589 -0.63453 0.47861 0.72879 0.73463 -1.0333 -0.18227 0.355 0.32783 0.3887 0.19918 -0.44527 -0.60568 -0.5996 -0.68505 -0.1789 -0.10119 0.0076875 0.14333 0.43477 0.24417 0.2683 0.74492 -0.30733 0.82389 -1.0192 -0.40203 -0.4163
ControlRow	
Control	-0.16488 -1.027 0.58678 -0.084775 -0.14952 0.20733 -0.5558 -0.23405 0.28853 0.22328 0.01886 0.076547 0.21697 -0.15205 -0.091678 -0.16133 0.014861 -0.15468 -0.16224 -0.59454 0.45081 -0.35927 0.56715 -0.52683 -0.2661 -0.42756 -0.030021 -0.25014 -0.022355 -0.13324 0.28761 0.42139 -0.054242 0.060897 0.035595 -0.28559 0.11626 0.35641 -0.097582 0.027215 -0.29012 -0.40101 0.14145 -0.76829 0.22792 0.072385 -0.21202 -0.068352 -0.030707 -0.65373 -0.12439 0.57447 -0.56502 1.5445 0.95812 -2.3604 0.34269 -0.11281 1.9797 0.31825 0.65544 0.085859 0.20073 0.43008 0.79615 0.66409 -0.07841 -0.093079 0.25357 0.46342 0.063688 -0.60433 0.33363 -0.045715 -0.086716 -0.93347 -0.8118 0.12537 -1.1177 0.43213 0.83994 -0.35018 -0.85687 0.54444 -1.4956 0.93219 0.99946 -0.1268 -0.24329 -0.23052 0.33069 -0.33041 0.015818 0.47067 -0.3768 0.42395 0.05533 -0.34021 0.78655 0.076509
Row	0.24573 0.34631 0.65345 -0.60289 0.048054 0.042434 0.090333 0.13667 -0.37101 -0.047729 -0.080386 0.25711 0.079928 0.63167 -0.26106 0.2784 -0.96251 -0.0078909 -0.38579 -0.40777 0.88982 0.25149 0.42113 0.2407 1.2318 -0.71601 -0.11399 -0.41104 0.29075 0.16401 0.10704 -0.10644 -0.006689 0.0059655 -0.044487 0.52159 -0.48635 -0.19579 0.15108 -0.2305 -0.07794 -0.74863 0.53847 -0.60586 0.49639 -0.064154 0.10614 0.093975 0.57249 -0.089359 0.13733 -0.66598 -0.86355 1.4289 -0.086599 -1.8861 -0.22502 -0.2077 0.80425 0.35551 -1.1312 -0.1291 0.24682 -0.22489 0.88506 0.29792 0.67806 0.26547 -0.27948 -0.2487 0.10249 0.69217 -0.32555 -0.21995 0.17351 0.73302 0.30668 -0.14331 -0.17305 0.52826 0.24465 0.0034292 0.33534 0.18588 -0.51655 -0.30634 -0.30236 -0.46723 0.58371 -0.036362 -0.78383 0.10496 -0.43646 -0.016353 0.1842 0.21585 0.31645 0.40074 0.84809 -0.56796

